7.810141846949708588e-01
8.674860929798055009e-01
-7.070623117022948323e-01
1.153674528118058262e+00
-4.980252306830578179e-01
-6.290545859533489548e-01
-9.786122313476270929e-01
1.703620741164694419e+00
9.341826367223852179e-01
1.636348030939064557e+00
2.078664986633776746e+00
-2.637791358656821350e-01
6.338744380367613562e-01
3.077600458263395344e-01
6.617959659268780881e-02
4.347839518223564625e-01
1.382483918922396082e+00
6.328794898296377092e-01
1.117295734246414929e+00
1.829031609616947607e-02
1.648743845501747518e-01
-4.047678937934810484e-01
1.005385180856964045e+00
3.895047370825133748e-01
9.904358250131329866e-01
5.784820115639868199e-01
-4.616208413629679930e-01
3.247176823737848994e-01
1.948884683491747039e+00
1.282290454838304283e+00
-5.937844623249008968e-01
-3.905106210438133441e-01
1.332264475251552449e+00
4.429675626296342150e-02
1.115607261244615289e+00
4.659805499824787867e-01
-6.034373695753418865e-01
1.913704928569895936e-01
1.371778090862846126e-02
4.631333344816601083e-01
-2.949964606073466333e-01
9.243204824265002229e-01
1.325699858897668282e+00
1.207333114163973153e+00
4.212029255932817629e-01
7.110979471399836438e-01
-6.619831146419336010e-01
2.794311967582471454e-03
6.594834977385461983e-01
6.077319364529297774e-01
9.606323091621773447e-01
1.428446646594508485e+00
7.957166521747098820e-01
-2.690784485758466738e-01
1.207857906049914165e+00
6.808709530292202938e-01
2.731312969691717107e-01
7.225040453398355877e-01
-1.030477749149308342e-01
-2.592269640069685410e-01
6.088265713622357245e-01
1.477436964611787085e+00
-5.200578599167269278e-01
1.432381107301144318e+00
3.902613493661901134e-01
1.863384454820464775e-01
1.259756160039989137e+00
1.135377550830613647e+00
1.614672640818259675e+00
1.283231903392080042e+00
-4.169812838933726895e-01
-2.427185915451463560e-01
1.066618814522917735e-01
1.157678928922277972e+00
3.936768374689656458e-01
2.813938236100844148e-01
5.243048329408659392e-01
3.644439511214246918e-01
5.920999123628450933e-01
9.747420996751593458e-02
-1.802787266722589432e-01
1.447868066135763743e-01
-3.188901007128672194e-01
2.526791914368738401e-01
6.727494980467201291e-01
5.052681275315700216e-01
-1.684814033369120001e-01
-5.991122155616482869e-01
2.566961283844700348e-01
1.081904085183424957e+00
1.089550681474002580e+00
-8.686184451777895221e-01
2.457592480518258904e-01
1.267004693677300953e+00
2.788581620386788584e-01
-9.109897286474446521e-01
8.261015534812057304e-01
8.740103725561702008e-01
2.837640646354164797e-01
-4.722702114102520499e-01
3.540575270753011372e-01
5.970406992823253933e-01
4.191158056796853715e-02
-2.678103834576676112e-01
8.274792559753448851e-01
9.879822240943975098e-01
6.203347052433326736e-01
2.079653905428592076e+00
2.756138708844518836e-01
4.212830892414592410e-01
6.039961661816802829e-01
1.018241333647887492e+00
-5.070705899311177545e-01
2.857155134552220033e-01
-1.342668130753165157e-01
1.200056391232153519e-01
8.548538213576162281e-01
4.300982527969861580e-01
5.052873588416776363e-01
-9.973724233190339739e-01
7.817495081253361677e-01
1.390494088814043794e-01
9.064730524180892868e-01
8.325053865695450916e-01
1.204875723563745282e+00
5.691789312021803271e-01
9.682983155975372069e-01
2.256034662048503892e-01
2.462657134081188692e-01
1.027954191169023090e+00
9.275192331814816615e-01
-3.862143490021651138e-01
1.489189467482017859e+00
-3.240726559880690028e-01
2.750007348664362250e-01
-6.052257978708652786e-01
7.152918309020143139e-01
6.185482544612356248e-01
1.963603924376482457e+00
1.076544801774560467e+00
2.176114536662009935e-01
6.933007211509678580e-01
1.665114073520828741e+00
6.918395692830612287e-01
8.415449301038699925e-01
9.459628488755007780e-02
5.311106227051421991e-01
1.783440756120266077e-02
7.378000227479245554e-01
1.525989051745824332e+00
3.159372827991077659e-01
5.881427949994473270e-01
4.016464694797357016e-01
1.580342908366680899e+00
-8.419929917131695474e-01
2.077991443164120544e-01
1.192545732470628339e+00
1.114753132386747891e+00
4.565467963412710994e-01
4.904339109804964347e-01
1.258725531082332427e+00
4.201537924658030332e-02
-3.900624611244199458e-01
3.323815280008844408e-01
1.081078730214514394e+00
9.562147646078649199e-01
2.988065022729465836e-01
1.144590483711560136e+00
-6.565587648015875910e-01
7.580141371955672058e-01
-2.081050810450247035e-01
4.295586874016393275e-01
2.151635731277755370e-01
1.128223413249906715e+00
-4.373090325122203637e-01
8.707503731800252389e-01
1.147494713859151805e+00
-3.412754742740873315e-01
2.748349579157463030e-01
4.091361531236215043e-01
1.051388745642213962e+00
1.137188152736932301e+00
9.105845810152470854e-01
3.076210533887724918e-01
4.828125629767525129e-01
-2.755315265393651694e-02
-1.119242442462805853e-01
7.754414686162076631e-01
3.647066956164145002e-01
1.114622226732030041e+00
-1.118805597779291283e-01
-4.936602962987131638e-01
1.209627780326429924e+00
-4.632038565425637966e-01
1.659634350453164764e+00
1.528352621547449663e-01
4.371507623907896489e-01
-4.200987528257745240e-01
1.037885424720859318e+00
6.165243697050425409e-01
3.314107500661964689e-01
3.647913560071607830e-01
7.786065899679026625e-01
8.289985926328647947e-01
-5.454923417622429271e-01
1.242660651942055772e-01
1.642483487123929775e+00
3.928183558368346651e-01
1.081544371768550672e+00
-5.387397941736011830e-01
4.639410353315567281e-01
1.683723056134535101e+00
-2.747461193955745284e-01
1.365887036379386243e+00
-3.296008479471727592e-01
1.347399093836984196e+00
-3.871007376845557457e-02
2.567355845152474031e-02
6.786376508963426479e-01
6.427299787583065083e-01
-5.653323931885079201e-01
4.647509057944999578e-01
1.441617503810866063e+00
2.803159228806669789e-01
4.882001262062661030e-03
1.016125444940522010e-01
1.292192619537242626e+00
1.938029662035935519e-01
-4.217355262663017440e-02
1.086814888860889283e+00
-6.630879338822878166e-01
1.077164403314411212e-01
6.684706495281529381e-01
1.249497604584377114e-01
-4.344608972155363236e-01
4.340682944355686579e-01
1.119823334921427938e+00
9.580300986537555463e-01
3.749194116445471181e-01
-4.174102230157959448e-01
-6.010587516140878384e-01
1.015507816388615536e+00
-5.654879818542370984e-01
6.052457325197780902e-01
1.915686205706580991e-01
4.057873787407333399e-01
1.147649347953832777e+00
5.486843329175687956e-01
7.969600962820841406e-02
4.366584829218656538e-01
8.641815729664957813e-01
7.823697201781096844e-01
-1.556897790950952792e-02
4.966937269183591130e-01
-1.845275351092781069e-01
1.281259137173237916e-01
7.589791048695927467e-01
-1.004800472601326655e+00
1.354223515044461479e+00
5.376238953959973088e-01
1.774732340921312546e-01
-2.000894146103342763e-01
1.672765421834673916e+00
7.084541125236384906e-02
-3.819878583826440410e-01
5.696335953316159495e-01
-4.028241960808831568e-01
2.882707039771468249e-01
1.952272085797855106e-01
6.994038488553270261e-01
6.805831994542774765e-01
-2.552912488112427658e-01
-7.677674257997303409e-01
5.290951456639937378e-01
7.735466971064205444e-01
5.753187953869566273e-01
2.495979806463873019e-01
-4.751962231236058209e-01
-2.290580059767186316e-01
8.944589672499352329e-01
1.041143472964747740e+00
6.083801591301758460e-01
-5.534553669850739155e-01
6.301432926292542813e-01
-2.819669842055477771e-01
-6.922517116626024647e-01
1.332999434498536750e+00
-2.847179235832566491e-01
1.583998300729712261e+00
1.919524487828499215e-01
1.587658723866619992e+00
3.940730367800071576e-01
3.802115820207657149e-01
9.483346685279143706e-01
9.257041170172127797e-01
6.667120016145914319e-01
9.110066988136812649e-02
-4.974163788524570140e-02
-1.819644709464409982e-01
-1.038213370015584891e+00
-1.963961416079463007e-01
-4.311843949254456354e-01
-2.263793582394405535e-01
1.007396195359399949e+00
8.813864951043955953e-01
6.039399399871449026e-01
1.079601348378961490e+00
8.204565060044120006e-01
1.064580650506952164e+00
5.937102803719217503e-01
-7.870856513670235199e-02
2.322917067327658902e-01
9.422522411453311542e-02
1.270230425251858142e-01
5.228922136907107054e-01
9.177899763070089811e-01
8.187637942142589331e-01
1.345070540436594242e-01
2.555448821602762099e-01
3.839139005961973994e-01
-5.808572639167892682e-01
-5.268551444829775443e-01
2.537725132763780644e-01
1.504865699122026834e+00
4.706091012073569391e-01
2.188813388715444008e-01
-2.131267108909458766e-02
-4.710604503416201405e-01
8.837427369003428845e-01
6.591722706456384362e-01
1.298435031163585329e-01
5.480528812065827982e-01
5.760382315231880046e-01
8.275220501167419584e-01
7.612346181055134053e-01
3.198340624739797189e-01
6.752384798426551704e-01
1.021002700836288968e+00
3.205185753075748267e-01
-7.654734365872570834e-01
5.901052038747711670e-02
2.341299824263398666e-01
4.367793018937358718e-01
4.169897352607629393e-01
9.992503087022848174e-01
1.262893042940665955e+00
-1.571199008169206768e-01
1.653839010917115826e-01
-3.687570750393263652e-01
4.441595070007796076e-01
6.823798241311451740e-01
-1.697530292635977545e-01
1.342562809776367105e+00
3.642823072206173851e-01
-7.246925778822749242e-01
5.531144876693323553e-01
7.036384926078564916e-01
9.202606655744114406e-01
1.213089534083383603e+00
1.353756728329326586e+00
1.750846621544709381e-01
6.363795919920823829e-01
1.642910868282797976e+00
8.993011058743308750e-01
-2.515581645332283789e-01
9.681285986490468787e-01
3.838016076453252268e-01
1.412262870870183207e+00
1.233432825169181513e+00
-2.303091119563759892e-01
-1.210218593133855908e-01
1.061061646221733157e-01
1.038721855171306885e+00
-3.297078195924896260e-02
6.256189438005206327e-01
1.119427560273224653e+00
4.721046037915710425e-01
1.426980507837172008e+00
7.575047388513282964e-01
7.894451801394219981e-02
8.027846821093014285e-01
5.270625553090946269e-01
1.125250391745673539e+00
-1.232951428701181407e-01
2.177220521259615182e-01
3.894336306110646184e-01
-8.199189194634628475e-01
2.996107045964997440e-01
7.130429337635376674e-01
9.514585570795264235e-01
7.616250899824579257e-01
1.467754581271922598e+00
9.401924862218521417e-01
1.071122850170246554e+00
1.038688970679494172e+00
-5.488835173135671042e-01
-1.001575675362653683e-01
4.828661289198991069e-01
4.585378294518785980e-01
8.379335610839646620e-01
-1.814929423864536651e-01
-5.843757456461662336e-01
8.607328961239695264e-01
-6.756147220699362244e-01
1.250163491309558061e+00
2.909026217845518958e-01
1.350066504091471886e+00
6.407492324310266607e-01
1.504508169488365243e-01
4.064011960729899120e-01
3.906864312682636342e-01
7.582886577745143741e-01
1.792441409989516399e-01
2.100133549493195251e-01
4.193333198542253948e-01
3.086482438019757524e-01
1.603265358536309471e+00
1.120263545076451095e+00
2.708005682064813513e-01
1.219343301958555115e+00
1.476041171024032206e+00
6.272929542257225100e-01
-9.003404352079382722e-01
8.360293993378680177e-01
-1.057626104185307586e-01
-3.205197254015923480e-01
-5.361871294800174548e-01
7.796678764109358228e-01
-8.191365832984315309e-01
3.963261292011229786e-01
-8.828755651815078931e-02
9.303837028904733408e-01
1.587024947494257487e+00
-5.437889886392160976e-02
-6.415096022836660472e-01
1.025122970779788201e+00
6.011276946975321334e-01
-7.565252519131708819e-01
6.467177771087706528e-01
5.973471306238538059e-01
8.491628133277173696e-02
1.707617406202590060e-01
1.088851542758232149e+00
1.054885652370971982e+00
2.661317560576529906e-01
5.248995180057884902e-01
1.115755025189704375e+00
2.198898798472765093e-01
1.325609774263646345e+00
-8.009507056099234024e-02
9.745126544220787945e-01
-4.913907386344836814e-01
9.220639979114895191e-01
1.328298665143723634e+00
2.201103674084857964e+00
7.078496918821463035e-01
8.192077019477400635e-01
3.043923848948365540e-01
1.010572690393925388e+00
3.229122235125144735e-01
1.364826022337806810e+00
1.260417084989652547e+00
3.226456707933400558e-01
-2.278939918472926152e-01
1.148957803353186646e+00
2.520092150552036836e-01
-5.115080738929703164e-03
1.897172889921033279e-01
7.145908990222881174e-01
-5.316218038134491453e-01
1.115253164393271934e+00
-1.564830626970839245e-01
1.201663345688464002e+00
1.073749601169923018e+00
6.997551550141043464e-01
1.532064839868313877e+00
-3.673838638242884480e-01
-5.133199544002661208e-01
1.048932293180808717e+00
1.099937945294303665e+00
-2.975603840650974941e-01
-6.263917242810789210e-01
4.869699167412402940e-02
1.188277797371509958e+00
-5.746144801681360992e-01
-1.130981794863684803e-01
3.096130446626663701e-01
-3.928284877188004676e-01
1.963576336878682382e-01
1.020708241280234407e+00
5.676507953178075994e-01
1.309909964102380364e+00
1.588911854269674517e+00
6.531071241524629700e-01
2.761334000081718809e-01
4.349862766875573494e-01
-1.006670682961969682e-01
-1.475714291400359313e-01
7.448563646323538290e-01
7.067189789529738642e-01
5.163160504793655736e-01
2.651041939512744361e-01
3.787331770655331248e-02
-8.348155908614703913e-01
2.139129670435224728e-01
9.518048005059596139e-01
1.315105513668188009e-01
1.487051275278822027e-01
-5.314471860074455600e-01
8.291512612255105275e-01
5.568945497752635365e-01
-9.433061494978378647e-01
1.321325336569226350e+00
5.635091082332707169e-01
1.954935718370141295e-01
7.165455533471980498e-01
-2.748094155725584742e-02
8.372417594219007109e-01
3.677977715511172585e-01
5.305371182160850685e-01
7.050702288894143965e-01
-1.825151423203919820e-01
-8.661197584333364397e-01
-2.246565801534106677e-01
9.405209068330055988e-01
4.351796364295985042e-01
6.474335479173068952e-01
7.541717375369201559e-02
-3.500370812568669443e-01
-7.270148315463913213e-02
-1.314281342161522370e-01
7.755872934336826008e-01
1.010101367328801292e+00
1.865296678046561407e+00
-8.003537581100722553e-01
2.619727219600952173e-02
3.976200518415426988e-01
6.659573925188435606e-01
9.113033526052445321e-01
1.430738224347738008e+00
-9.475625466999217095e-02
8.281559285599141007e-02
5.596848994179556280e-01
-6.184697385722719432e-01
1.357376594917788282e+00
1.069542807596941758e+00
2.246988808017254535e-01
1.387974260120589942e-01
1.683576755419384563e+00
7.345689908915660205e-01
-2.310345895717847431e-01
-2.964414341603994751e-01
1.514844544417065286e+00
1.848260489826092146e+00
1.005075161082193413e-01
1.041171283878408405e+00
9.994556013920172788e-01
6.596047835379079682e-01
1.933387499139208598e-01
1.035371180415424419e+00
1.063457553793052845e+00
1.203224363353679216e+00
4.570816807302916646e-02
2.492818292390378554e-01
2.079136145297942218e+00
-3.080795437109952808e-02
-1.772166450889151035e-01
4.564403701839929717e-01
3.694842888173499595e-01
1.939112589353038318e+00
5.213736121599154005e-01
2.098998333306148489e-01
-1.280704945204814038e+00
7.260488202577043415e-01
4.352801401911192691e-01
2.572065510239813779e-01
7.643570102775121278e-01
2.284074183406726299e-01
-2.573261095113920649e-01
-3.171553003196860288e-01
8.546627294109421236e-02
9.405238847905806887e-01
9.390102419389739774e-01
8.638985489038175647e-01
-2.331185622216691289e-01
2.787782602614805039e-01
4.985797632453787265e-01
-6.026917079390412546e-01
1.186884244628613638e+00
-6.130195029408991303e-01
3.753674156171078052e-02
9.358195065851393490e-01
-1.166305420742352050e-01
-2.483045426627893681e-01
1.162014257537015371e+00
1.040757197261655387e+00
1.283022268666374810e+00
1.138677862545017128e+00
6.162826779851178216e-01
-1.317728089828041016e+00
1.745139073449325728e+00
5.835383940315298501e-01
-4.732364690078383340e-01
-5.119349443006443456e-01
8.865869688093261924e-01
2.080686015998583493e-01
-3.309192190786604537e-01
1.085241059666947061e+00
7.572472629723535631e-01
2.331348277511242906e-01
7.778841496336882377e-01
-1.830005147001595167e-01
8.988624621658818370e-01
1.148188436282490787e+00
1.331414789717026537e+00
-5.904388689359838516e-01
5.396297249622769021e-01
2.257675633780570623e-01
9.082910899177697450e-01
1.192842880800418337e+00
2.400312814420701990e-01
-2.384208905590028960e-01
9.942784062445958471e-01
-4.343835421939822861e-01
6.591206539884919557e-01
1.107619291344618562e+00
1.647424412523726289e+00
6.058382965780156892e-01
1.426392243301354945e+00
1.316826690154252910e+00
8.060275599595890794e-01
1.633377074797138340e+00
1.135815052212475029e+00
1.465326367300906041e+00
-3.293181113622214995e-03
-8.312990473698949057e-01
1.172365359326998258e+00
5.908061794940114853e-01
6.060497678712739589e-01
1.751862640206439004e+00
1.366762074561367890e-01
4.251765986850145063e-01
6.721137493357240977e-01
2.583725159279974259e-01
1.229931539291983622e+00
8.231961494040274108e-01
-2.878043673711341288e-01
-2.730529438836384881e-01
1.482236689841584631e+00
1.253931621019777953e+00
5.828486412403808270e-01
1.090651175359521829e+00
1.060682892019716883e+00
1.465847296627790897e+00
-1.863623200092664467e-01
1.020261335242584444e+00
1.486186616765793778e+00
5.828089212411666775e-01
1.840201544124252742e+00
8.015364464611830497e-01
5.339885888950172965e-02
-3.103858945917882250e-01
1.624754784912418648e+00
-1.185863427390675129e-01
4.183386155094467873e-01
1.530915401068484227e+00
-1.421580663701672020e-01
-9.775370554120693667e-02
-3.453368935368126835e-01
5.151871578539003460e-01
3.532548509064203923e-01
1.518285025957501200e-01
7.059516197517627933e-01
7.190040470119105631e-01
2.311014575474737709e-01
-4.530347376243376578e-01
2.210836701424611306e+00
-1.501655379923689249e-01
-7.696538848805507538e-01
8.877142564274449477e-01
-1.009571281083702532e+00
-3.095814619203459128e-01
4.721905885578712159e-01
6.014173020646265133e-01
6.327493430971373733e-01
9.368186545103116547e-01
4.702835349882702465e-01
-3.675917026714077274e-01
6.467771734983632781e-01
3.311437615799878720e-01
9.568277951854495811e-01
4.834287185377624807e-01
-6.492696415459709991e-01
6.979343793482356562e-01
3.126440078274232426e-01
5.639894859683934891e-01
2.064387205735787489e+00
-1.506462978192005531e-01
1.087590372335128119e+00
1.400905755106388373e+00
1.829036045908696950e+00
-5.393587531812392699e-01
9.128814721232102192e-02
-9.898172654267206605e-01
1.925910696427111934e-01
-5.415447468464126279e-01
6.104462041496773184e-01
-7.892828248265984503e-02
6.956165023508852352e-01
1.197831685629628495e+00
9.538817661704995787e-01
6.119240057270280975e-01
3.301058354473555556e-01
-3.833863860506406818e-01
-1.220572561226030833e-01
1.204360767452719694e+00
1.431334821445290562e+00
1.254659304044866586e+00
5.197463474089594193e-01
9.358048247338665027e-01
6.381538099635452044e-01
-5.995097797007089557e-01
8.942704598250794668e-01
1.647790458062323937e+00
5.386495709126890574e-01
-2.927498348108877324e-01
1.074447854679743269e-01
1.610115312537196697e-01
9.044104180611043375e-01
7.510402213730362764e-01
1.655781195281331275e+00
-8.418271651574921188e-02
-2.161733195650344941e-01
1.193858177646034413e+00
1.984321174984380098e+00
1.573297301362137857e+00
2.659781927483561015e-01
1.747715687297103915e-01
1.042412125805304735e+00
-9.699454561752707260e-01
7.842946224512790110e-01
-5.581329336873108726e-01
8.895596709963596860e-01
1.974462572666314752e+00
7.362044630798332268e-01
5.795742172663415070e-01
9.400906945544162951e-01
8.113866350992261500e-01
1.323665957225967249e+00
1.677059482149024783e-01
9.740093843001281781e-01
7.317574807802894599e-01
-8.405040059745187003e-03
1.333686696634245883e-01
7.814889555225580653e-02
-6.941196952505390705e-03
5.104090707921986603e-01
1.071388842118524254e+00
1.245198909193784731e+00
5.677597873450285215e-01
3.104976712219779666e-01
5.310575628171014806e-01
3.786451833394720579e-01
1.143389173754097321e+00
1.623440857716800467e+00
-2.494696089856520971e-01
-3.203870486118849392e-01
1.658808251928665101e+00
5.457855854110084115e-01
1.332332508868515397e+00
2.208534979990187108e-01
-2.134146024563589039e-01
-3.149994318173373054e-01
9.588436821182252379e-01
9.036589378646799897e-01
-3.270327447199041226e-01
1.321066304734772157e+00
9.085121076193414247e-01
1.172700653276703475e+00
1.166105780875061199e-01
9.084889871583048393e-01
1.071275828480821035e+00
6.645452831237139701e-01
2.259311200598117519e-01
7.435256567436587805e-02
-7.508643991686255736e-01
1.503511929801319313e+00
-2.003241198699042269e-01
1.117676682755424089e+00
1.780181761402810092e-01
8.680940006731434622e-01
5.671426976574869272e-01
6.586389642185389026e-02
1.103862687044801782e-01
-1.615363798432525033e-01
-3.327605141939251054e-01
8.491408839729015501e-01
1.317446941477651290e+00
1.472540089935619800e+00
1.492125512663573295e+00
4.106590004123505944e-01
6.963776537911120501e-01
-2.071409498275730565e-01
6.237123834509271658e-01
1.295010398136835272e+00
-6.461031650459603259e-02
-1.087758842640393464e+00
1.128683515293499751e+00
1.619946671690317475e+00
6.865124259610556612e-01
1.662470221197665188e+00
1.094960288471454213e+00
7.173846040779641164e-03
1.147661398605003713e+00
7.412291468451747134e-01
1.865480337881334272e+00
-1.151018415985491650e-01
1.724853363746549517e+00
1.866205913251289816e-01
6.106284122491792976e-01
9.875415705898642482e-01
6.180290793170019059e-01
7.279090364510794053e-01
1.361231421352529170e+00
4.296030071478955104e-01
-4.095333384814126565e-01
3.005112957518473737e-01
-9.611420207848622721e-02
8.285694389512339164e-01
7.625379882966938361e-01
-8.866025124851520944e-01
-7.679769656942320166e-02
1.573659021228688726e+00
7.906037707847188289e-02
-5.795627622544040625e-01
-1.052897707196455979e-01
4.982867815889421848e-01
1.509749609889950772e+00
1.001259476048439234e+00
1.149818697612880053e-01
1.654278853328937648e+00
-7.709869027211814496e-02
-5.953516727371611916e-02
-2.257116150503663543e-01
5.140333899300787435e-01
-8.356011073186577764e-01
8.021129242771697365e-01
4.174242049150680423e-01
6.183606853151804028e-01
-4.327496870590887279e-01
1.338673219250826163e+00
3.660302634048152037e-01
3.212073692127995761e-01
6.516755624986748652e-01
1.109616434309878275e-01
8.010050259192963429e-01
1.610542302531179581e+00
3.186080827501570623e-01
-6.167262196220637538e-01
4.250369763747516294e-01
5.745333274401471790e-01
1.131717413886215606e+00
6.051958151523352258e-01
6.866873170251440450e-03
2.745329587786475845e-01
1.602702176457824867e+00
-3.128830018336343777e-01
1.254840073433479697e+00
8.438131589895023210e-02
1.604431386845329266e+00
8.917014889470997741e-01
1.085593804833976384e+00
5.594899495774970921e-01
-5.152639237186026344e-01
-9.188547876683861304e-01
1.213985085054158031e+00
1.143574381528772721e-01
-7.819833868801705501e-01
2.907326332677558911e-01
-2.614709810231619080e-01
1.233625817735277019e+00
8.105906333784385076e-03
1.361874271600525654e+00
4.679819881536563253e-01
3.118782933104004007e-01
1.368103914984657443e+00
6.050865025761944516e-01
-4.769491374122541288e-02
-4.582919456397329117e-01
2.206441046111957238e+00
6.774623578656754352e-01
7.497987153546772365e-01
1.581190650131540920e+00
8.386703570063965829e-01
-1.889854929221224666e-01
1.000285474073724590e+00
1.197126133844164525e-01
2.737529599593582219e-01
2.990430759052378415e-02
-2.120373169396088942e-01
3.141350341767870091e-01
1.205493267455958639e+00
9.155918095171848847e-01
1.255037564935463701e+00
-1.423965908447922535e-01
2.085701436022708855e-01
8.046244817819497852e-01
1.867529143085623344e+00
-4.634447068903239098e-01
3.184356786058065159e-01
5.169545227349187089e-01
1.032791379542076005e+00
1.381151283054999068e-01
2.540017335779168883e-01
-7.316792711191968390e-01
-4.178896798584305072e-01
-6.058265354677741521e-02
7.533401363090568292e-01
-4.479533535659785404e-01
4.483411173107417769e-01
1.091244700110230781e+00
7.482389825341460021e-01
-5.634952610474189827e-01
1.838605175534616221e+00
-2.561928244040654890e-01
2.576165443424966450e-01
6.328956155311916687e-01
9.462946242417078491e-01
6.432395987046155561e-01
-4.377222597160679851e-01
-4.399863469509914804e-01
2.824950387822797726e-01
-4.712298074778997758e-01
3.087170945814721179e-01
7.372475875848351068e-01
1.461449783048593520e+00
-4.759056112898940594e-02
1.201635982244098511e+00
7.931294764785534745e-01
1.435871089997938332e+00
-5.235628758423975793e-01
3.927693712683069105e-01
4.163036677039104183e-01
-1.238583406619845478e-01
-1.011141070118305674e+00
1.427551446320526329e+00
-1.605703691499101304e-01
1.189243435864319354e+00
2.119453600392254278e-01
2.719258856711952443e-01
9.548305884191041759e-01
4.123473792936387383e-01
-4.842301890033328671e-01
4.684856917932155862e-01
9.437669774668361322e-01
2.910952328985637605e-01
1.789828008899266576e-01
1.575774553986029725e+00
1.215891278238829809e+00
7.509431815722273917e-01
5.258490100887428520e-01
8.087354306779397373e-01
1.008129741357028264e+00
1.118698574149799674e+00
7.767115373569912773e-01
-1.210469853304662058e+00
1.069726807304459459e+00
6.281511232140567502e-01
1.377293499485102490e+00
7.795463591675124704e-01
-1.272914083876437452e-01
2.266295303778420589e+00
9.809968109375148959e-01
1.948922029174317561e-01
1.200560876551050038e-01
6.624146030974997768e-01
2.073215724109739089e+00
7.182920092447747651e-01
4.058805311666546789e-01
-6.300810210951572898e-01
-2.733002115162905254e-01
1.516040816384860213e+00
1.240945632286473144e+00
-4.939364855439830337e-02
1.382332996679345172e+00
5.101966472132298813e-01
1.462339907564509378e+00
7.860676777147979077e-01
3.973571691509106274e-02
1.337699524495688186e+00
2.139044437144513644e+00
1.979273005400163377e-01
1.601741252184881503e+00
-5.856689625680320255e-01
1.384330771500121293e-01
5.498547715753197007e-01
1.495193581723602172e+00
1.223204507104057814e+00
2.318914370478359910e-01
1.613898492894510595e+00
1.093666995152880128e+00
1.531777821853384847e+00
1.274651228100439626e-01
6.466223481175299437e-01
1.101499620880910468e+00
3.466283286823622078e-01
-1.499836644909010586e-01
-1.245432125715959237e-01
-7.078084600781522906e-02
-3.609443672857679530e-01
1.394513301632898106e+00
1.604726851003206445e+00
1.226203938643283697e+00
-5.265695938086317751e-01
-1.101874468665256845e+00
-9.480031231564478578e-01
1.049195707369103392e+00
1.647324364010237518e+00
1.965615452836390720e+00
1.281584952902712571e+00
6.258311123419381117e-01
1.054849522740467282e+00
1.718261910066973597e+00
3.488002617223008306e-01
7.858814212403857358e-01
8.423325826836587371e-01
2.031622384455496366e+00
-3.658934469002003698e-01
7.819985318725807266e-01
6.164154090954221399e-01
-8.703378798695076135e-01
1.505896075208451812e+00
6.941471716237527234e-01
7.926603093458206573e-01
3.691511307995744562e-01
2.444714312201322071e-01
8.493067888941093768e-01
3.961954894762636514e-01
1.435994309261078739e+00
1.726633393171058684e+00
7.833719701296185667e-01
1.040013292587841365e+00
1.655624066732763078e+00
9.364730477682362553e-01
7.665568118147001453e-01
2.308781884977906262e-04
5.068702180266071444e-02
1.069870806745614855e+00
9.168360909604587050e-01
3.844060351067323245e-01
3.121084023805100194e-01
7.007643427989515006e-01
2.257718007012076700e-01
-8.316466036457923483e-01
9.151074277145890834e-01
2.190537335976636968e-01
-2.032543404047797431e-01
1.014587242678850032e+00
-5.108483361806599454e-01
-4.324936751160565751e-01
6.968898923840149973e-01
1.213761862253064372e+00
-2.469154183133698555e-01
1.300288023280814054e+00
7.600967851841238243e-01
-2.515772588999929393e-01
7.550103616641332116e-02
1.141000530734276763e+00
2.098291163036704043e-01
-1.390675372042948776e-01
5.400071433896312945e-01
3.569839434496058228e-01
6.020334152854808774e-02
7.355948277730456342e-01
1.964876498224518153e-01
1.170788570296095843e+00
6.524416213634526285e-01
4.126228374114089270e-01
-8.915372907949674630e-01
7.647165933660083903e-01
3.493263999512543627e-01
9.820477651927805862e-02
7.923337469692819102e-02
7.393738790991334353e-01
-3.227857147793986581e-01
3.646696784029223593e-01
1.756868072093469513e+00
1.264896304269329530e+00
8.805944317808014343e-01
1.007097323194455329e+00
-4.614002972274688918e-01
4.338950004287185358e-01
2.010415763368377240e-01
1.090599628891775197e+00
3.392732391091837774e-01
-2.054333569714840435e-01
5.886563971274710871e-01
1.404595118561603462e+00
-7.415472069777376274e-02
1.109972593434329670e-02
-7.207782599335429974e-02
-5.900723070047370761e-03
9.933740794761382054e-01
4.898512652126583711e-01
1.775901343070252214e-01
-1.668002127542559943e-01
1.551027681202232555e+00
1.192734607844658568e+00
-6.464909377489805875e-01
7.919580048938232864e-01
1.367771486428003946e+00
-6.125428084916318544e-02
7.945933503521560026e-03
5.108566503142275561e-01
8.240601020326199233e-01
7.154106827731961937e-01
1.731340428288890010e+00
8.620702688073104136e-01
2.287707584143225392e-01
9.471114371646290886e-01
-3.662168521206660143e-02
-1.845593569961032354e-01
1.755764189968622713e+00
5.403412281918045235e-01
1.951354292053166795e-01
6.341702221290056452e-01
8.701653187520033139e-01
4.673816812975419288e-01
1.753881093312994022e+00
-9.323470262055719715e-01
2.018516357205055289e+00
-9.589906317245732170e-01
1.039684933472525774e+00
2.471465366564845334e-01
7.802554607730256553e-01
1.039782103992135109e+00
6.411681237201355410e-01
-6.876930122485684915e-01
8.777067760216692438e-01
-2.007799500993915354e-01
1.125864405597784002e+00
-2.455396970195578565e-01
1.199848407619992452e+00
-1.036564211732094037e-01
9.242851060951747799e-01
9.849217051435039672e-01
1.235929187367760473e+00
1.709726868456131976e+00
1.290790225039554651e+00
1.915034018914998137e+00
1.656756668752716433e+00
6.735577781180595025e-01
5.182056835972528308e-01
1.379756740639864754e-01
8.896809525208643210e-01
1.259560066641043918e-01
8.160356354395197354e-01
2.841133130791105854e-01
-3.612950725009945324e-02
1.549539373234761208e-01
2.499347375319822540e-01
1.371152150070681364e+00
1.045344576243940615e+00
9.069873856673545953e-01
-1.180666433523347852e-01
-2.072752581908948455e-01
-7.813918641002653986e-02
1.696527918121041978e+00
7.159128086739457997e-01
1.561969310872264094e+00
2.218150729943093591e-01
9.768735132576285007e-01
-5.053611604823048109e-02
9.857075583861929502e-01
7.416776739508742500e-01
1.143467791828179925e+00
1.591250288028169813e-01
1.716297769575315657e-01
9.079481252808455638e-01
6.763319525680518973e-01
3.208049274333952816e-01
3.960857507037731651e-01
1.666494858593070116e+00
-8.074671589018093121e-01
1.147371287462887191e+00
7.509911456891269488e-01
1.103620991669139739e+00
-9.002972950579917200e-01
1.192725275178246003e+00
1.347489221344813748e+00
-1.759881238384371493e-01
1.609689749226168143e+00
1.046598430817188841e-02
1.170851055871176660e+00
5.357430568458785292e-01
1.766752507681323081e+00
3.972920794229963803e-01
3.406980653197795306e-01
-1.650572391648598702e-01
4.330162308212692768e-01
1.409114064450129877e-01
-4.175342294610599470e-01
-2.180595266784297881e-01
6.934810974127888494e-01
-4.969001794970422936e-01
6.403644195797880689e-01
9.062781086166419309e-01
4.332864462516154008e-02
-1.371269369126299209e-01
4.663860271586467432e-01
-7.491790281153440714e-03
2.157086656925645551e-02
3.319603518240982765e-01
3.510560235174077781e-01
-1.335360504247436186e-01
7.003037389730093487e-02
-6.333450721650839554e-01
1.115753632356004443e+00
2.927980719912934293e-01
5.621409629826493726e-01
2.175297240561473000e+00
7.629658436391681953e-01
4.130573503961372239e-01
1.071140915463954402e+00
1.146207084703349421e+00
2.982668212727428436e-01
2.290499258594255738e-01
4.438623863361008254e-02
2.197986128011641671e-01
1.890598046969775847e-01
2.002338404785160841e-01
6.263327712083410770e-01
8.176687220856093674e-01
6.515169185366092020e-01
1.036257517623241586e+00
-2.113834221965966431e-01
-4.007876438428864541e-02
9.837637099503037108e-01
4.685072329630227128e-01
2.485934219323259198e-01
1.377463043631832251e+00
-5.566486355547494158e-01
6.987320891877166762e-01
7.037900560740548705e-01
-2.973248384484235007e-01
7.941816011743603188e-01
-1.996975827526266123e-01
4.482993419339031393e-01
3.787364963029900555e-01
6.982598980405697597e-01
-1.310065488963725322e+00
-4.218359211262640018e-02
2.035818135579729571e+00
1.650686005884583363e+00
2.028504219702914835e+00
5.003944490445588755e-01
6.856911567779524486e-01
1.027052054397589842e+00
-5.800278582518458154e-02
6.029777355942408379e-01
-7.587659624279917692e-01
-4.533530728286463418e-01
1.059065568865754647e+00
8.525910388457081934e-01
1.129665407841582869e+00
3.141560953434617276e-01
2.908162802017536519e-01
1.366695109207459291e+00
-6.045002225296566278e-01
-5.870411445463501465e-01
1.977783755295395296e-01
4.720518142017859908e-01
1.203555630759498785e+00
3.907562936341941739e-01
-8.989390575055208887e-02
-5.772182701996870779e-01
7.778945892543005503e-01
4.170971515891564452e-01
3.609277811796192115e-01
5.672841562012819194e-01
1.208747861804239099e+00
1.506419030021194816e+00
-1.232653346096190539e-01
-4.272932972392446405e-01
3.180887833608505022e-01
2.003162788558144669e+00
5.373635294952583408e-01
-4.280771246069220437e-02
4.799662128657330440e-01
7.949616080127420714e-01
-1.811769327830014403e-02
-1.992017003536497022e-01
-3.901999366919946532e-01
5.849819860716436171e-02
2.615230516156038520e-01
6.247377384943214595e-01
-2.106054003754095350e-01
1.278295819028469227e+00
8.955786656378609267e-01
4.902449814220778967e-01
1.600006566304032485e-01
6.494992390222582568e-01
1.164163784574461902e+00
-4.204651344021544945e-01
3.379052980368366099e-02
4.328855646033397120e-01
-5.441417001277359770e-03
6.707559226559377530e-01
-6.083036478349850701e-02
-4.639221496970081793e-01
-1.360700400630400486e-01
-3.579193358141632975e-02
1.078332302033236656e-01
-1.567769009914850020e-01
1.059038503223797445e+00
1.622786722132218140e-01
1.415470516699206316e+00
7.287208717808035807e-01
-5.598726928590583990e-02
1.910924824962503266e-01
-1.069515407965579007e-01
9.079290941661604109e-01
-8.152228385846020664e-02
1.625214371850013384e+00
-1.181777473920445770e-01
5.183118253755512050e-01
9.699239791178234649e-01
-2.385125562267803589e-01
5.826719705551369755e-01
3.594880992000277220e-01
-3.107258083360253664e-02
1.104506449970758641e+00
3.166559803480037960e-01
8.765024628233133441e-01
1.022737861913251695e-01
1.377417136605005865e+00
-2.681923113533021819e-01
-4.617640477495543738e-01
6.492068303106819371e-01
6.247987838848265696e-01
1.650746861743893623e-01
1.248186169662340306e-01
-2.548499251255605946e-01
-7.483756986458445226e-02
2.540702317702726032e-01
1.759946917449129566e+00
-6.524966103935030126e-02
1.014015377491657155e+00
1.341989401492573730e+00
1.195843070494022164e+00
-3.476700707205248597e-01
-2.458250044756386463e-02
6.704546795994319464e-01
9.623751992544954392e-01
9.046027448352893519e-01
1.776403032023139650e+00
2.444949199080700963e-01
1.116828421076873079e+00
1.008374055043302353e-01
-9.969743497105156838e-01
1.045087234303830881e+00
6.461265197879856315e-01
3.680139032788455333e-01
7.494144840109405736e-01
8.634041452583236520e-01
5.793634590020015906e-01
1.160990401422926643e-01
-2.302308218057610434e-01
4.056774177320021657e-01
-2.523890156533647455e-01
6.714313450173013953e-01
7.891793300079323892e-01
3.543508092861720749e-01
1.867311336082125184e+00
1.086559009067268100e+00
1.339360974788229575e+00
3.578198496750878421e-01
-6.796149179625152192e-02
1.297462881447786431e+00
1.251821903226513766e-01
-1.767490397274913139e-01
5.297534155785348364e-01
-1.840526049468031999e-01
-4.501142514609845491e-01
5.046791285716828793e-03
-9.546749925027767092e-02
1.305645646743909816e-01
3.451437702795228657e-01
7.567684966559306003e-01
2.339199295077315499e-01
8.638037567708656272e-01
1.641498448290048540e+00
5.776805358602112861e-01
1.002429526460466125e+00
7.854208221900008668e-01
1.237746842536221026e+00
2.101919163684932146e-01
1.270955921471611794e-01
1.194572116963457109e+00
6.644424920962177517e-03
8.174213873583916490e-01
5.191497722238254120e-01
-1.307581926201828726e-01
1.468755218691793596e+00
8.519747761726038648e-01
1.065679298800414232e+00
-1.334071800948076203e-01
1.494471205405070835e+00
1.163241093157082240e+00
-3.419800022851042787e-01
1.228675984370999785e+00
-3.368144806670209102e-01
9.941319261191355894e-01
-3.847069861889820808e-01
4.621364777141493962e-01
7.866430641591207751e-01
1.373873218908980620e+00
1.442246551173637092e-01
-3.953474019351035373e-01
6.771498117469927358e-01
2.119049405078762049e+00
4.951420808040964960e-01
2.596428995792197658e-01
1.049673484241600452e+00
9.254805001791197583e-01
-3.411636632075505937e-01
1.672655760354655241e+00
-1.391326307524329842e-01
-5.361483288266514213e-01
-7.169521608537212654e-01
-8.704962764444074130e-03
1.040910817745817063e+00
5.656331138054315755e-01
1.350716971415785395e+00
-3.168457766941537579e-01
1.991326578887822885e-01
9.823231090109498798e-01
1.474999230018587459e+00
1.092646298915656677e+00
2.409095093195889881e-02
6.963034157189506024e-01
3.775898588041640691e-01
3.661756293117023053e-02
3.310028889433149768e-01
6.926328113387065777e-01
-7.931049518000461707e-02
1.742248061244106472e+00
1.084291154065397222e+00
-2.607281293637600528e-01
-4.415761295498119576e-01
9.718482481611878665e-01
1.633325051652302073e-01
-1.207875509231235156e-01
1.653048021037580417e+00
1.986004593834896359e-01
1.116950073010944511e+00
1.092379725491398945e+00
1.644896979752715760e+00
1.336826042337160292e+00
-6.948742412536508262e-01
1.935547536932360257e+00
1.850929011172701255e+00
7.204334373767621313e-01
-8.933175774621097964e-03
9.990070313558414572e-01
8.667892185510092107e-01
5.326520370082089562e-01
8.229482452684473426e-01
1.347077797773624797e+00
-7.275545104464576918e-01
5.072608788372520161e-01
6.155285996502188883e-01
1.284760953029518982e+00
1.072590439705229048e+00
2.076521581540825001e-01
4.529238650720263659e-01
8.669420215402031671e-01
8.874438299751701009e-02
3.794278970710828203e-01
8.908412037130960526e-01
1.262061617483241305e+00
7.418649759195949933e-01
2.795821657378798619e-01
1.182778090766841039e+00
1.178770380633555881e+00
1.309207583266137620e+00
4.638639595628097356e-01
1.233245408468289783e+00
-4.194048049870097161e-01
1.336416890657511625e-01
6.649064919574965149e-01
-9.504765413691513842e-01
5.834774810514027354e-01
8.572102043288802875e-01
3.393165400832630629e-01
-8.265432781167560139e-02
5.912188795468995561e-01
4.990129421151078826e-01
9.983592258296845046e-01
5.115533610815002907e-01
1.590606075109165962e+00
5.042793783111515493e-01
-6.079843602468454344e-01
9.827041211344237359e-01
1.387147918290527748e-01
1.005066804440580969e-01
1.407512188987106727e+00
-1.836884030112248545e-01
4.160435739313961268e-01
9.891858727761557724e-01
-5.458021047073507992e-02
-2.138033598513303657e-01
1.017901922024073480e+00
-4.262643348943839089e-03
-3.129871828613199902e-01
1.897411503609148786e-01
2.079675492606211318e+00
-7.190276881416198806e-01
6.788818635059524764e-01
-2.838232725241368604e-01
1.430160594078301539e+00
9.933973217563940583e-01
4.801091960261936742e-01
5.879255836543044733e-01
5.516768577205188873e-01
6.979746530148956962e-01
2.513255117958050899e-01
8.427113793033298439e-01
7.939481279376274792e-01
9.671379178066781268e-01
4.632702257275949642e-01
1.042840058299951411e-01
6.295124968813035904e-03
1.567650015354748738e-01
7.265745612973909529e-01
6.829372474989851005e-01
3.674808571078893582e-01
-1.136702852404180009e-01
3.579466924056003974e-01
1.340540713397478934e-01
1.247373830220934732e+00
7.734127995822602797e-01
4.572878915758591956e-01
-5.459412664318415986e-01
4.877359493948893454e-02
-2.189456412552419351e-02
-2.394109435726852475e-01
9.988491827745957785e-01
4.628781277795682714e-01
5.888380792006859821e-01
1.320756896462113250e+00
1.084928183512402056e+00
1.046672684307454970e+00
8.165065244097221564e-01
4.972002091133156942e-01
1.026835905169018570e+00
3.539813063584933139e-02
5.220092361943761139e-01
4.711555683678841921e-02
5.770010688650922814e-01
4.180417848434581640e-01
5.450607145589247970e-01
1.135809736535313474e+00
9.353374366583635524e-01
6.240460920278406709e-01
2.409262265897038346e-01
6.385171199910452122e-01
2.044402190952490095e+00
9.669589746567058830e-01
1.284834907563594752e+00
-7.077428384091508651e-01
4.718438574172262867e-01
1.978373190247780800e-01
9.603562790716072550e-01
4.213590726477391413e-01
5.438429404830464886e-01
-1.735692572240672693e-01
1.234060269481665362e+00
-1.027752135770866770e+00
2.141373048000288382e+00
-1.689478390615624381e-03
1.552673349461687335e+00
-2.976748185812853054e-01
-5.129261266366392791e-01
-1.762511690052062652e-01
2.379212381951502642e-01
9.289108760369356732e-01
1.296701489915271649e-02
-8.964693686064371114e-01
7.332728433243371757e-01
7.717235704845252231e-01
6.568522237993630331e-01
8.209036274307310865e-01
1.628018712674890844e+00
2.118294543846500899e-02
4.201186555810033640e-01
7.980042086891607767e-01
2.053038566881592100e-02
5.687559466462555058e-01
1.211327801179020724e+00
-3.938578989151025889e-01
-5.783364783789236574e-01
1.348286518721197202e+00
5.193392617422029622e-02
-3.760864583424733953e-01
1.532488833313338239e-01
3.432813890482843133e-01
-7.157715381892153506e-01
1.486938112791978961e+00
2.907051295574598071e-01
1.275743124050148503e-01
9.641289983881317083e-01
-1.727787012723580318e-01
2.419743231689380492e-01
4.613561084621409236e-01
4.783740424811692982e-02
1.635742879405372552e+00
1.598811430044957627e+00
1.306005580923382536e-01
1.229707141248370661e+00
5.959136234730437742e-01
8.305306944382695455e-01
-1.994411618723568314e-01
1.116232621513120887e-01
-4.215751237826907694e-02
-1.444495751519165039e-01
4.693560924902543396e-01
-8.298030338401415906e-02
2.736654060717351455e-02
2.035664534953336879e+00
-4.126863638302123993e-01
-2.395235885669221298e-01
6.745409309634401440e-01
4.545982660103372597e-01
5.912168963847710401e-01
-8.150945384032433072e-01
3.416820711176874470e-01
1.352952778572043879e+00
-5.965428804241264260e-02
3.047721508810626312e-01
3.053253393564007712e-01
8.740571380839154969e-01
1.601590942712218135e+00
-7.468960214774191808e-01
1.303576618609683546e+00
1.443865931338468078e+00
2.353057539826422517e-01
1.053890888171001405e+00
1.331133490364071692e+00
7.719769290486462321e-01
5.762330868036030784e-01
3.264112850283106826e-01
-6.569582978970457399e-01
1.389343532329517128e+00
1.119277230075542029e+00
1.961073223194306214e-01
-4.571164458915986106e-01
9.114425948121161747e-02
-2.835548151305627429e-01
1.152152117147821286e+00
1.231007280124670755e+00
-1.287046842980108241e-01
1.786879771488674606e+00
4.428053347307262522e-01
5.229371030981038171e-01
1.937500829018353743e+00
-1.271553972255619336e-01
1.617010206950468376e+00
9.715920531715409592e-01
1.015732235033558029e+00
-4.936663616268220922e-01
4.431063383159442592e-01
-7.239959286372985026e-02
7.123734558463745703e-01
9.188703827557647141e-01
1.760145975994343637e+00
-3.321377012690742703e-01
5.710074258018817961e-01
9.168203135099520784e-01
1.099437230225944750e-01
-4.708700341397116240e-01
1.231645263923685008e+00
1.089376828872917480e-01
8.675573029683517623e-01
1.185087387939338655e+00
5.345008233049995949e-01
1.238992176988611194e+00
-1.987897153467093336e-01
1.252527153124370018e+00
-1.101593123955958015e-03
6.112030393337399836e-01
-3.688246621147438509e-01
-8.287014675176296308e-02
4.343627756819858909e-01
1.164211363821432643e+00
5.382984303793614256e-01
-4.844776785179645273e-01
1.228953058728107450e+00
-7.103398112859490854e-02
1.390850474939610226e+00
-2.293036538477408737e-01
1.329901959450410454e+00
7.119916859985807589e-01
6.091452961864102233e-01
3.009034120206450780e-01
-4.175696211765056454e-01
-8.386707939495775810e-02
6.075075668301050946e-01
3.950566547828482378e-01
-1.261885915922321688e-01
-5.410219175679695791e-01
5.180276970832610184e-01
-3.337976959869658478e-01
6.817406284469390565e-03
2.009775485237009773e-01
1.206960300209955372e+00
1.194847624780884132e+00
9.937769662097916123e-01
1.241506231636678725e+00
-2.987851059808415560e-02
1.174184919730049792e+00
7.059617747757852557e-01
-8.296780257155986771e-01
4.452554714190507523e-01
1.395786039043733995e+00
9.257758795738952884e-01
1.130832026096682652e+00
7.080900330061575820e-01
3.794733577213104114e-01
-7.402935351578863177e-01
7.438095157528283596e-02
1.084693163785531489e+00
1.082118219391712044e+00
-8.378576454207306567e-02
-1.388977002293307339e-01
1.301216178607770280e+00
1.313704388401667700e+00
8.231117928121828298e-01
1.595666996973571727e+00
1.047009771834425340e+00
1.335602148018392388e+00
9.808701268546162755e-01
7.267102394591756775e-01
1.380353085730388951e+00
-8.244201160948230744e-02
1.434861368766263245e+00
-2.491958463186599859e-01
5.971684818008665685e-01
-6.464906530562001263e-01
-2.566196470902175064e-01
7.977002638647678889e-01
6.185260291575738201e-01
4.440048696373304349e-01
1.215725080987209772e+00
3.666307521637374167e-01
1.048892572675158563e+00
1.272022284785782498e+00
5.859171862964976385e-02
2.492096441144737995e-03
5.200362918157775960e-01
8.727419723541018914e-01
7.613494662682946945e-01
6.938207939698807225e-01
-3.188753094744734562e-01
4.525290351348538742e-01
1.227153976139628622e+00
1.574189974200546627e-01
-6.206242544799339678e-01
3.268400661449328282e-01
1.388750679983847824e-01
-3.633606473074281196e-01
1.192243863331710063e+00
6.476729183565836934e-01
1.357958162217776099e+00
9.543381797704294511e-01
-5.950413569186437934e-01
-1.512036813820333628e-02
9.576583127150680719e-01
-2.118462948099667509e-01
7.759576377564778027e-02
1.242157892989446788e+00
3.659442138122787624e-01
3.595857034997458346e-01
1.182500281837953082e+00
3.098427170270773856e-01
1.533081976857239237e+00
1.575994909359961782e-01
1.172149683646518170e+00
1.007662441872003711e+00
4.828846529401122911e-01
1.383557138168825196e+00
-2.489602330937750463e-01
1.881801668102051350e-01
6.475941766052845106e-01
1.028739696276290472e+00
6.705425324688673028e-01
1.156780418580759751e+00
1.007807867405541957e+00
1.107415796496496796e+00
1.362509722300978776e+00
3.656898522737104251e-01
6.340038099659675019e-01
1.160786219912125716e+00
6.871119996522595530e-01
3.923067020310844200e-01
2.030191891492170164e+00
-1.643898988240404258e-01
8.569411940801877625e-01
4.054344812451974311e-01
5.787520057436766896e-01
7.908920496921600929e-01
9.678117598334621263e-01
1.272464515300674615e+00
4.139980591456826620e-01
1.102415745602814412e-01
-9.902909125547890157e-02
1.222909892473480031e+00
8.094185396795618992e-01
-9.450124684712338796e-01
-3.067158931394980415e-01
9.212612203374931363e-02
1.051518008206506982e+00
1.290457834766043366e+00
1.758134820515147245e+00
1.149925542285471725e+00
1.576058962294075272e+00
1.934877146494428102e+00
8.544694683098377208e-01
3.263951180763111637e-01
8.034061159609781066e-01
1.455212334182315326e+00
6.285289263622226841e-01
6.656497528483740211e-01
2.477539179345113474e-01
1.352057087522742451e+00
1.691437478176856857e+00
-7.741468577690397979e-01
-2.225865495089492663e-01
7.062278928200527162e-01
-1.544601752058913924e-01
1.308882711450015446e+00
5.453395970789256531e-01
6.147417078418764280e-01
1.704620013471814799e-01
1.139913796652383793e+00
1.377150826423144458e+00
2.382102137240255796e-02
1.174665752586105061e+00
1.558346722878730883e+00
3.645424685739405771e-03
1.251433041734055118e+00
4.960445607234709731e-01
8.942650221190320270e-01
4.811892602124412943e-01
-2.181931779241009367e-02
1.001556347928064916e+00
1.210943129290969589e+00
-2.548081148704857135e-01
1.621402301335957530e+00
2.249131558184148949e-01
8.333070114320749733e-01
7.943935613116985817e-01
1.070125765234874571e+00
8.968693419009742263e-01
1.427910884290050531e+00
4.283650976357477047e-01
1.341814134529796254e+00
-1.917270158285398207e-01
1.534597883616724667e+00
7.535413852043171268e-02
3.239675866943902971e-01
-3.658171039486599052e-02
4.012839817275042353e-01
1.655417128648741132e+00
1.398914367449314522e+00
-1.061748078074914448e+00
2.407274411334660302e-02
1.240700906344078369e+00
-2.007415254103369073e-01
-3.852934391679823101e-01
8.509572266747864600e-01
3.239667689449777788e-01
-1.914347796540460667e-01
1.004762728874470490e+00
7.175451057032855573e-01
-1.393039849955765019e-01
1.295006612398131418e+00
-1.100441515569692275e+00
5.225874568354059724e-01
-2.930129676999267963e-01
6.434763194130643793e-01
7.975964195969784676e-01
-7.693859877576247897e-01
8.516550211330564668e-01
4.598999331663125023e-01
1.104736966248212049e+00
1.238308947618733002e+00
1.502232105950833119e-01
6.692590120012364974e-01
5.814986087008043869e-01
5.531033413841692781e-01
1.117687484258763769e-01
8.592044670206742119e-01
-6.327601717639935730e-01
2.168118478591884168e-01
-1.964974927188156140e-01
1.623540900700386924e+00
8.841348218829166994e-01
6.526234916413630183e-01
1.622934290368773791e-01
2.120101836109841709e-01
-7.915214999456114953e-01
9.522528810891371653e-02
2.320958161623311033e-01
7.839216619496158778e-01
-2.809052355121280931e-01
-6.122416038050535469e-01
4.065327451006017778e-01
2.170878443607310859e-01
1.056390533650606534e+00
1.156755464516946885e+00
7.517089468578587175e-01
4.598627526454795444e-01
1.010165670848743202e+00
1.103869439463782909e+00
1.212814168153604211e+00
3.731338924990950656e-01
-7.065979794007506976e-02
7.752204324987209405e-02
2.081303571674273656e-01
-8.901326316933363958e-02
2.376959640178024635e-01
6.847542348059251216e-01
9.361464568806948661e-01
-3.162875465959639754e-01
5.028651710405365183e-01
-1.438398884895904228e-02
4.439948313547916747e-01
7.935938778441333774e-01
2.104084317252624903e+00
5.834792631481330871e-03
-3.585708239628238592e-01
9.205763204556483004e-01
3.748178540452020147e-01
9.553521902502092322e-01
-7.116051047120167672e-01
2.525808375710909132e-02
4.861677508082517529e-01
-7.085506921816276948e-01
1.192817030940282130e+00
5.479273163013197445e-01
1.106041103270897663e+00
1.221720865881425588e+00
-2.555414459942693672e-01
1.897248515057977425e+00
5.833029255737101071e-01
2.679664068950569633e-01
9.802938296424576481e-02
8.219301043922109251e-01
4.214914106145793982e-01
6.013016942936371123e-01
-6.054728674773340868e-02
8.762901980831585558e-01
1.058668826885553527e+00
7.836487141442302073e-01
1.157219218750431100e+00
4.291006432576486285e-01
-4.883452970645460467e-01
1.832996142494071501e+00
1.007971159909561321e+00
9.138618281114712083e-01
-3.753364494511419180e-01
7.971630469397436025e-01
9.548867445054783909e-01
4.587235937383584705e-01
6.128373134477926865e-01
9.099097884627476152e-01
4.654697088294991181e-01
5.845032122508649897e-01
1.225796476475488617e-01
1.258728992992707685e+00
3.664889363991131743e-01
4.481131259088800833e-01
-1.822441163270474562e-01
5.843346175651390473e-01
8.077471543332752635e-01
5.649313729393811156e-01
1.372273442759438744e+00
6.720539806585658082e-01
-4.270289825245665583e-01
1.086323817287300875e+00
-7.847065704995519475e-01
6.310591934391770463e-01
-2.181247323207608224e-01
6.330509672446420488e-01
-2.569037120017604869e-01
2.237363042125107004e-01
1.377303768649554616e+00
1.572049718146065755e+00
3.904771612313169271e-01
9.062342945858631316e-01
-4.286501461346940017e-02
7.059958955793996238e-02
7.117656824206514132e-01
-5.951413950716407664e-01
1.355873172954723982e+00
8.489662376301109203e-01
8.840792801343834162e-01
3.756101442967568760e-01
-2.737023660715402484e-01
7.348416427977579879e-01
1.829435767860293841e-02
-8.410976251212499699e-01
-9.457296562641065441e-02
9.557511285464540540e-01
4.542293195321530086e-01
5.300217796080511912e-01
4.473861385770841470e-01
2.813746508178815997e-01
-3.449342109330038042e-01
1.658083307854056221e+00
5.261421779443561375e-01
5.270422595649868480e-01
1.060702156097050874e+00
4.243160814586519058e-01
1.402698474472282131e+00
3.768487449447589510e-01
1.827532712413531435e+00
-3.196650450038839297e-01
-2.765246758503477342e-01
7.494649135446961319e-01
9.401224146661808501e-01
1.741445097234597117e-01
5.228349312144787708e-01
1.400110316022051604e+00
1.463003054352532084e+00
2.316442781311692511e-01
-6.898539284147079398e-01
3.456951516230528654e-01
2.926418676508034111e-01
1.939276265902644791e+00
1.171236957909096210e+00
-2.111542756460836334e-01
1.114395946754807437e-01
-5.093611872094220422e-02
-1.824620264029224448e-01
8.563877276822237095e-01
6.528593188793941904e-01
1.050234548350412300e+00
1.571104233989969456e+00
3.209154008780802925e-01
1.013387990786349446e+00
9.002488100663198767e-02
2.697386573910185437e-01
-3.151318242378349510e-02
8.542522000518810721e-01
-2.634728767683221229e-02
1.293257935597326602e+00
5.499192480656569515e-01
1.509580176795078943e-01
1.006834080927326402e+00
8.929246613504732144e-02
1.193361454751971307e+00
1.340367435078844982e-01
9.086693504692646695e-01
-6.249503116424980353e-01
-3.521394591768503557e-01
-3.656660442546790651e-02
5.667537775929029076e-01
1.035417865667123793e+00
1.194205963024072670e+00
3.675179593761699892e-01
-6.917092320766590752e-02
-2.364530067177532113e-01
5.567119442817146657e-01
-2.938698563068631864e-01
6.696589622540154441e-01
1.650299360202658605e-01
1.447207417509728700e+00
-2.023135995760779182e-01
1.589454190189832028e+00
8.910606872795509004e-01
1.485280333053267565e+00
3.870079441993471980e-01
4.332913034808900665e-01
5.814472940036782278e-01
5.750578577051914664e-01
5.723410657033759508e-01
2.940986332736767461e-01
5.706774757751981175e-01
-4.050587318834060202e-01
5.542383045788226159e-01
6.990451106476914811e-01
-1.304159047241832681e-01
1.410173815819374843e+00
8.200057396819306899e-01
5.752464618367503224e-01
2.172243713432594481e-01
9.434297817112669016e-01
-4.276587238180001305e-01
-7.759839224280994097e-03
7.393042281575670227e-01
5.366926851105746632e-01
1.654827435121869472e-01
2.135744584010400293e-01
5.979937144664377868e-01
-5.524050152096925403e-01
2.713003536815386529e-01
4.771127211717841876e-02
7.456741478096783060e-02
1.844040600878912306e-01
8.982142521790062450e-02
3.036299542860113609e-01
5.802651855325854369e-01
2.620071071661908557e-01
3.959518626982566070e-01
1.234785610569876235e+00
1.010400896142618965e+00
2.054406587040804033e-01
-1.190070830766079696e-01
-4.398365376217620581e-01
-3.869273291545963223e-01
1.004560835953459241e+00
3.475574179202609582e-01
1.481605830760582165e+00
6.380351181245461634e-01
6.659303933986120416e-01
1.309162873763057844e+00
-9.928053904025696541e-01
1.244719759951831595e+00
2.042387760354072157e-01
1.389689082236358120e+00
8.623142234653605742e-01
1.954342638334519711e-01
-7.090212691915620535e-01
1.038741628281644402e+00
1.555700085357495599e+00
-6.458541414871894482e-01
3.770965110681263055e-01
-4.790033645724321998e-01
-1.268148833708633960e+00
-3.727807895945269845e-01
5.142340036483623589e-01
7.440967629847232701e-01
1.173503799131079939e+00
3.265736091366500671e-01
4.545687159542602940e-01
-1.056327503032358783e-01
-5.202939035494317244e-01
-1.999933066555266981e-01
1.972447549934186195e-01
5.504592735811913995e-01
8.980306341019964611e-01
3.907836055160019972e-01
1.336938389695170981e+00
2.485877616178012450e-01
4.596208623770362545e-01
1.394001854709872257e+00
6.255424869805189525e-01
1.383623181889000131e+00
4.205500879696147387e-02
4.698376677091254949e-01
-7.756096458657780746e-01
6.644605919768713509e-01
1.255933193290294181e+00
2.824115770730443731e-01
4.369621833718109194e-01
5.708042037104947841e-01
1.915863921691373761e+00
1.105691656889603580e+00
-7.864023730202110984e-01
1.910113637818561250e-01
-4.500954959615071083e-01
-3.931015971560993250e-01
6.725152322725257426e-01
1.802878058746288703e+00
6.436482384830299885e-01
-7.845046415817111818e-01
1.174257105415009494e+00
1.268368695018706305e+00
-3.364608126124393195e-01
1.410537504272547649e+00
-2.941182659856583781e-02
5.651582613437549085e-01
9.544266925408022573e-01
9.271817218993837484e-01
7.894049952915727086e-01
-2.775029884226559163e-01
1.215395011549464499e+00
7.794557614017483260e-02
-4.263883948369616705e-01
2.312467063657939748e-01
1.546467581243709422e+00
1.860134894142692286e+00
1.060089999865224453e+00
1.417603348583656997e+00
1.253256032246919061e+00
3.085527235439449734e-01
-3.344801545697964618e-01
-1.112526719859633501e-02
1.556052734506055135e-01
1.153109804887686662e+00
1.516143330914911047e+00
-2.248289206537647522e-01
4.405332702972075132e-01
7.760656645525952912e-01
6.495201623453571438e-01
1.321079161674446611e+00
3.174296897724080413e-01
8.740662373261212093e-01
6.911198430027531980e-01
6.269256206649299612e-01
-5.661058650630357292e-01
2.399275104678363080e-01
3.987463081940881282e-01
6.689588790704643628e-01
6.561252110340357602e-01
1.366660968863378178e+00
5.475681722305438814e-01
6.517107353488975630e-01
1.840316416733181124e-02
-4.543529483738896757e-01
-3.393432634435317730e-01
4.995818856200460178e-01
7.401819524791273253e-01
-4.127517708470958002e-01
2.971941046494353533e-01
-6.362800996392484754e-01
3.416874396517632917e-01
1.129174235104339230e+00
2.644107433378399818e-01
8.736509943211161477e-01
5.407779773842852356e-01
1.241616283618150574e+00
6.969811335225892801e-01
1.483928305207105058e+00
5.263640819630710510e-01
9.982436734532367240e-01
7.201805997369851164e-01
9.786882061818600320e-01
1.375947346355484102e+00
4.162123209052432382e-01
2.333717662062986531e-01
-8.204504225708164622e-01
-8.282310682522566747e-01
9.514183840004825088e-02
-7.854268189576095738e-01
5.704783642102531083e-01
4.161359415409528473e-01
4.628641356365354939e-03
5.915335271107401427e-01
4.413313110453045973e-02
2.235240272974595155e-01
2.597796759030311931e-01
3.483621968668803581e-01
5.731096022537751633e-01
1.286935574621093092e+00
2.060273075068512316e+00
7.665171528629302067e-01
4.255620408112779085e-01
1.321965174836376433e-01
1.071688233054559403e+00
1.289199953986615244e+00
1.587426762454992479e+00
3.487996658155948504e-01
-3.721336130736406234e-01
-3.350020015901319925e-02
8.562636015745263007e-01
7.211990739373437265e-01
3.925760120249773832e-01
6.018163474379977229e-01
8.018812409912748906e-01
2.500066685143244594e-01
1.241504297893054609e+00
1.706898058593665057e+00
2.736051186027104939e-02
5.325260585476357944e-01
9.618419052276139247e-01
2.355344017162602221e-01
-1.138221851012067853e-01
7.465440202543789372e-01
-6.067891895337018671e-02
-3.146852780222111901e-02
2.218829090258874481e-01
4.252778261177790342e-01
2.630681590001779369e-03
3.479395822025938556e-01
1.244994567388079343e+00
1.369874276600156371e+00
-1.309733600007624843e-01
-1.202517302968236779e-02
1.969935236318193506e-01
6.392315043078438119e-01
2.414473530472967255e-02
1.052352811302283753e+00
8.767630747756453014e-01
-1.672576583769057601e-01
1.421524991421690753e+00
6.102519731618937238e-01
5.115068433877764109e-01
9.598573105873017264e-01
3.711613004671466404e-02
7.050412493348224841e-01
1.243215588482030759e-01
6.647173866649699892e-02
-3.994324353434171027e-01
7.793472026846852696e-01
8.513323544646788088e-01
-4.154895440494099090e-01
3.201659937235246667e-01
5.479136097220692614e-01
1.087974495175402012e+00
-4.071419495688360368e-01
-1.672715360899258152e-01
3.725062684280438519e-01
7.369811186026516969e-01
6.480129882783689510e-01
1.498670910486123331e+00
9.992540074308442488e-01
1.446848916884851066e+00
-4.936888875024901258e-01
-7.029973329525872339e-02
1.400300900279769292e-02
-9.588654540142002580e-02
7.729932681827397234e-01
7.611803406991698440e-01
6.011624844640629517e-01
8.031001446947331202e-01
4.107276085069026111e-02
1.766019086253676207e-01
4.528038805168997927e-01
1.821052116419191957e+00
6.358869409506276993e-01
-1.703278608604812672e-01
8.910473702751370295e-01
-9.943367306815449613e-03
-1.910841749721564342e-01
6.621286829564102527e-01
5.440423794671467306e-01
7.062614932492964348e-01
8.985514064700580450e-01
-6.087993426750317738e-01
5.458203688033074208e-01
1.013312503497594275e+00
1.319376859217206155e+00
5.139242779424028906e-02
1.771875364204120729e-01
-6.708644423562702963e-01
-6.107716299143439720e-01
3.903134804625418841e-01
5.946252722746255825e-01
-5.683935452100818964e-01
1.058768305208384719e+00
7.182221081650022043e-01
1.626943791180190946e-01
1.272408870107083256e+00
7.023417594171258438e-01
1.300290808914567497e+00
7.749536670890969647e-01
1.339488134406980002e+00
5.090377666212865249e-01
1.275409290310505483e-01
-1.514395104931483826e-01
9.397810844273725150e-01
-3.012458958897235028e-01
1.121631881853307755e+00
8.691172154295693231e-01
5.117862881878812442e-02
-3.987800256190334736e-01
1.373510099530383055e+00
6.532672241862127471e-01
4.449155690220856774e-01
1.095650655588399136e+00
6.755370964605446060e-01
2.239237787426443527e-01
9.612491087359672504e-01
8.184592830915405903e-01
1.470352321759348935e-01
2.436146264359240199e-01
-1.853407946132489548e-01
1.454569331164654811e+00
-1.472488225363355052e-01
2.232843534608870972e-01
1.545979877504258804e+00
1.585610295975869555e+00
-3.538809836919324381e-01
-4.299596348021380021e-01
1.556155331328964442e+00
2.012912359520037942e-01
8.355281284837396960e-01
8.128375980359443531e-01
1.510347566523339902e+00
-6.001567511729997140e-01
1.202961722691268331e+00
1.522936939430080017e+00
-2.133412571972873040e-01
5.439020012712035834e-01
6.953744038771317859e-01
6.353497288990267444e-01
-1.223916588796312294e-02
1.020002842073692573e-01
1.495270675180076614e+00
9.430902700878319722e-01
1.071945971581193646e+00
1.652010996508804341e+00
4.623711916361156749e-01
8.101844269993082603e-01
1.324188355464774036e-02
4.736252841914984080e-01
-3.332420889084676818e-01
6.792985980001854385e-01
-6.997732320569282488e-03
1.364469749892273931e-01
4.046093248969503953e-01
8.155262533604413777e-01
1.116282966607798688e+00
-3.825511012440865888e-01
-8.887939041179272470e-01
6.035402435662460263e-01
5.252991556714656785e-01
1.458454083782783295e+00
-1.583703613996317872e-01
1.432314431995089121e+00
-5.928766919930531509e-01
6.189831804234541268e-01
5.390506309650584804e-02
1.720400447936157873e+00
1.473428216429141679e+00
8.475610565511054739e-01
6.883389506068606778e-01
2.393627447294600086e-01
1.580247771879421892e+00
-7.016927863847777225e-01
2.105733931329583364e-01
-5.650293600459450616e-01
4.684208384816199167e-01
9.743050999686061475e-01
6.887957789148296817e-01
-4.552610024660698196e-01
2.753535374190226870e-01
1.132380464073608595e+00
6.467804920072183217e-01
4.954366588865966592e-01
1.658980135438744119e+00
-2.084696065118904762e-01
4.549269162675739775e-01
2.451056523804282239e-01
8.080724186232220996e-01
9.017206219057108951e-01
-4.346821810936134511e-01
1.368972765239588607e-01
1.945554437869257414e-01
-5.378815334115203406e-01
-8.101795750872309299e-01
-4.166886020186100770e-01
-3.027929008407967970e-01
1.752950111468346561e+00
9.333351402576646194e-01
8.111826293588707548e-01
2.132341996250445293e-01
3.840642497282548140e-01
-4.398435366812724623e-01
1.132260262956805930e+00
3.324801702197469622e-01
3.102871278700175539e-01
-9.480479177714234984e-02
-3.321421073646173006e-01
3.091565800806745923e-01
-4.452507791687462246e-01
1.229156311438271976e+00
1.061337502957308221e+00
2.609921605145893997e-01
9.688600834208980217e-01
2.312851656057401062e+00
-1.523757311311633167e-01
8.823260127711956002e-01
-2.977807021321772218e-01
3.719367279884205346e-01
3.679525269968170198e-01
2.158147602315948488e-01
3.351450577769036210e-01
1.094485492355990131e+00
9.878842515421414339e-01
9.115755742662524641e-01
7.208818204954889897e-01
1.383939409473627258e+00
8.922229137819546185e-01
7.743048376095559848e-02
5.699074059985242968e-01
1.637773086380436061e+00
8.037194206453318612e-01
-7.370943933672015336e-02
1.306616686075461553e+00
-3.988904119576476837e-01
5.134967242297845402e-01
1.491398335582561518e+00
-8.022798438181772962e-01
-2.694865163337396563e-01
-3.476587343212396153e-01
1.554063261709060839e+00
3.143257126059323392e-01
-1.896832573799979993e-01
4.512614173384489336e-01
1.589552314542072686e+00
5.970805079045856667e-01
-9.390173928040575213e-02
1.436644398195270622e-01
-2.550111205981308027e-01
1.117382910462194845e+00
1.950171653079842415e-01
4.893947208498454216e-01
6.594374940160872001e-01
9.967516707022375799e-01
1.144686690353514669e+00
7.041412841725563920e-01
-5.081178256151492878e-01
1.304161706133820653e+00
3.968210694846367459e-01
5.825008835827697462e-01
2.097098705610124236e-01
1.163902617255508698e+00
5.300316178206531115e-01
-4.653369411021799906e-01
4.141469347826463587e-01
6.014189921006334039e-02
9.362615086503461859e-01
6.521344980540355607e-01
-2.187046225333969252e-01
5.345901026344501705e-01
3.567564296486358533e-01
5.962446980237896543e-01
1.902947262923980754e+00
1.609218177723433563e+00
6.240707157781312242e-01
-3.546318067311380329e-01
8.766214809036743105e-01
6.440646245782538637e-01
1.379399900417501268e+00
1.387575174637958098e+00
8.265902232729032129e-01
-2.352182686217033636e-01
7.685845375777459187e-01
1.014956357943014309e+00
8.098308726783993716e-01
4.254744919587554186e-01
9.934788816577351245e-01
1.360876093070425119e+00
5.641188706831995470e-01
6.447075508154180845e-01
5.872017277049293993e-01
-6.983323254547162129e-02
8.948033022554052751e-01
6.860532915754634642e-01
6.205834717613404328e-01
5.723371434509555433e-01
-6.326998497069120653e-01
7.255747541644299581e-01
-3.800173894984225642e-01
2.985372791574931739e-01
-4.532984948934906666e-01
1.138431840212294377e+00
1.215874940979743135e+00
-5.352774092971261943e-01
1.092304394461481420e+00
4.397725340410956751e-01
-3.203842622153558195e-01
8.887515424710480394e-01
1.135731432914650840e+00
1.249107114412962183e+00
5.041968945690356030e-01
3.042872473512335252e-01
1.029509102669503573e+00
1.580396182658123871e+00
-1.948746377681610520e-01
1.197489437365738763e+00
4.070994255523096017e-01
-4.993670170470192876e-02
1.094316716975119341e+00
1.934478557180653591e-01
1.196481096508525077e+00
-5.121323089446270238e-01
1.462706649078853616e+00
5.165221198077346587e-01
9.903030100970024174e-02
1.379266264967514422e-01
4.339491953297441862e-01
7.736648170635772592e-01
-9.994840925432846301e-02
1.810975418794608660e-01
1.102815063426742404e+00
3.203063894251869659e-01
1.680170066069190393e-01
-1.662473630664669522e-01
4.851953449215751224e-01
-2.027809460100643557e-03
-2.992246587507867428e-01
4.275395206724814101e-01
1.371758738626267966e-02
5.713681293188757060e-01
-6.072092001147229023e-01
2.026734935672009630e-01
-9.068970932330334689e-01
-1.211605647290203702e-01
3.321230622453274495e-01
1.497840793972002649e+00
1.270131591138630611e+00
6.747859314311124290e-01
1.676997250730094535e+00
4.403320637418608463e-01
-8.619527553222862126e-01
4.607294730761057888e-01
1.012866320929361796e+00
-1.578239745904486124e-02
1.737137524326081983e-01
5.334681417077021814e-01
1.476074476916360734e+00
-2.666016727404464381e-01
1.895895054330596630e-01
1.549252818096120921e+00
4.779333959618396466e-01
-6.990692314406339314e-01
3.459533957310042540e-01
1.552955620369329548e+00
-1.905322386366857801e-01
1.049906110243616075e-03
8.191591605548377286e-01
6.543706421057545741e-01
4.176558324262050204e-01
-5.365602549098206220e-01
2.967003819158086086e-01
2.074908884038828283e-01
1.046273966094005026e+00
1.225544371817297584e+00
5.908803364800994107e-01
5.299195275867307764e-01
-6.523012945533198659e-01
6.090909339836496628e-01
6.268524648938017529e-01
6.724366159139991694e-01
1.216487903078828925e+00
9.544089320586551795e-01
3.903961544491540980e-01
4.351087581038192709e-01
1.183775645672566545e+00
3.736934057593285785e-01
1.869829827111955112e+00
6.166820778544158665e-01
8.287741272558375449e-01
1.239719471202157974e+00
4.358017863707575601e-01
1.140755464720672185e-01
5.869868008104397461e-01
1.476450105466487750e-01
1.270255734071080167e-01
-1.525683656080356332e-01
4.681323953343931588e-01
-2.103348233756041352e-01
3.118036902689703682e-01
-3.713303641771736191e-02
9.330318608004434244e-01
-7.299115302062673116e-01
1.083759448195288133e+00
-9.076593217313974615e-02
1.108753577341907937e+00
6.613545462656095220e-01
4.419659916577806102e-01
-9.067899773415047937e-01
6.101264193902734556e-01
-4.641261375892883345e-01
9.508790084685199151e-01
4.088048070348664353e-01
1.778788529400427698e-01
-1.085446580880568279e-01
8.593225132787166709e-01
4.798088043706997263e-01
2.765307259464134249e-01
1.154647396887123589e+00
8.432484665662971501e-01
1.523747671322342345e+00
-2.779769909150511253e-01
-1.547877640597585536e-01
-9.053872577025273705e-02
8.100100148947828593e-01
2.379374797512450623e+00
-3.712485042317017481e-01
2.192097028744737219e-01
1.140194149582357541e+00
1.973527416821430347e-01
4.808109177919552280e-01
4.775790942532545102e-01
-3.702668234188039031e-01
4.904183612868364128e-01
-4.901003985439810751e-01
-2.829809409925080343e-01
-3.417168552657743330e-01
8.062996447894944518e-01
5.080208501837412127e-01
1.025593437631082683e+00
-3.462517894090686998e-01
3.860449594663857287e-01
-6.484473375552471386e-02
8.044354930360302358e-01
1.468397077530742445e+00
5.129096059103067651e-01
1.050849524823762593e+00
1.630513271697304090e+00
8.164052174940760187e-01
7.832258256427692134e-01
1.117046850126511615e+00
4.047295449433037651e-01
1.826731093760856905e-02
7.414879984537048330e-02
1.790688968671563019e+00
2.640941233233252139e-01
1.374145283896492931e-01
1.103811457662616125e+00
7.556560112477057611e-01
1.987685545465011916e-01
-4.655052410215833325e-03
7.353284358701580592e-01
9.347560713848528380e-01
1.104311270960040670e+00
-1.599898165003079686e-01
3.179495041604396555e-01
9.095804932972889612e-01
1.326926483250970179e+00
-2.944323488772304653e-01
1.509051787927482291e+00
-3.945561640085143429e-01
5.378179984324019669e-01
1.239332257063904486e+00
6.626564190878776461e-01
-3.770398066990348074e-01
3.800792608718915888e-01
5.165375393961123551e-01
-7.936607603179973713e-02
1.812639333730377889e+00
6.722902386430548161e-01
3.793144274744110200e-01
8.594334937666432417e-01
6.971941967614595503e-01
1.702577761130416700e+00
1.609767041840072244e-01
-3.601837031533369204e-01
8.759723625681923309e-01
4.897626828331729243e-01
1.420536264599018494e+00
-3.373180993411886708e-01
5.043657194226558449e-01
-1.740098886350001928e-01
8.511612191221786805e-01
2.205532825567921573e-01
-4.055715826419132863e-01
-2.480324265816778451e-01
2.450218896407555802e-01
-2.660408080669300346e-01
4.398420043319182238e-01
5.603569820101741428e-01
-5.047609229542773246e-01
3.664026998678070468e-01
-6.999719563060596839e-01
4.540006630435547419e-01
-6.714618335467049670e-01
4.225105059445280475e-01
3.431832426535290637e-01
1.226391024619596815e+00
7.208894394742821898e-01
1.063485368471491638e-01
4.669145349721072480e-02
1.408629778628659235e+00
3.685936695438904454e-01
5.427219768803124289e-01
-1.026569975719101024e-01
8.272630330310959401e-02
8.765889567209209643e-01
-2.681624938857065654e-01
5.929500767375464609e-02
2.937111339535904975e-01
9.376675392591349301e-01
1.344247563742846374e+00
-1.886836878265736317e-01
4.207858377521384585e-01
5.889891938911815394e-01
1.289200638818104983e+00
9.462305047159448312e-01
-2.347534269516135530e-01
4.128188782577813520e-01
-2.092295158951858747e-01
4.686849376154784141e-01
7.068347004047383919e-01
-6.478055400372005612e-02
1.286799589369803209e+00
5.026878053888163000e-01
5.064824067322933887e-01
8.716186157796179668e-01
8.399244677421300320e-01
2.601570498285479260e-01
3.610672708272610887e-02
4.211663623424344860e-01
1.125147502939532362e+00
9.783493322693177507e-01
1.434760396202469646e-01
6.444813674311568041e-01
9.905899419335552070e-01
6.719178398544817243e-01
-5.368338453685214118e-01
7.238519920850260414e-01
3.931220354897456137e-01
6.604193795347106377e-01
1.090898257044988329e+00
8.224182215115841688e-01
4.350761585431487388e-01
6.851576789509449261e-01
-2.255362233660826721e-01
1.458070608358579934e+00
1.155769502288754191e+00
4.368531849293317282e-01
1.447986540161004254e-01
1.242728317356341705e+00
1.018213569018591835e+00
-9.782199025417578908e-02
5.069918869417066043e-01
1.106270484546572064e+00
7.918385860439454138e-01
1.790433180576692929e-01
1.138092277721524548e+00
-8.291848347939859143e-02
6.138742641208410067e-01
-2.741054264111640257e-02
2.823012338745092831e-01
5.541430005330096886e-01
-2.932823611479783432e-01
2.506083977118150341e-01
1.119578691648317470e+00
4.132086320369191546e-01
-4.548873311066318759e-01
-7.674203394994784100e-01
1.094352859274614787e+00
2.540929653920901421e-01
-9.980665904922840503e-02
9.301652266510648248e-01
1.306344768862865435e-01
5.855280439205245990e-01
9.270026701751438170e-01
6.689063771921497370e-01
3.441371927582190793e-01
-1.512602168185246398e-01
-5.291695245692080718e-01
4.489451231260248032e-01
1.129755162585245554e+00
3.496904379361691351e-02
9.130645258659513264e-01
-3.624685622827725912e-02
-1.084518634718906194e-02
3.857583827873022897e-01
1.846249352297450463e-01
6.293733364875780945e-01
1.654990497063627997e+00
-1.057946692931683197e+00
1.204747276757229368e+00
-8.654772794565420702e-01
1.669244739156395374e+00
-6.174757737515266243e-01
1.180772523534286300e+00
6.607641007159443802e-01
-2.379597737799745705e-01
1.698093937438000411e+00
-3.625205560255301274e-01
-4.161636849332715077e-02
4.188127006389703588e-01
1.145214858457901386e-01
-4.966337668356191615e-01
8.508973670315012061e-01
6.436344863680293349e-01
5.595540684658879549e-01
4.984296093816975581e-01
1.133092785507832323e+00
5.135811862534900296e-01
5.198005072869982257e-02
7.534174894016762991e-01
3.079772282161333807e-01
1.052277825188204119e+00
1.374102574857021919e+00
8.521864162097365636e-01
2.200318763784243625e+00
6.317062976015588305e-01
1.413610435155570610e-01
7.902493954546284671e-01
-7.303013273551415274e-01
8.989207959186044095e-01
1.438898450309034294e+00
6.624659457920317740e-02
7.441336403238505426e-01
-1.212042423947929382e-01
1.287381834749655951e+00
3.221709647835027668e-01
-5.226051331421733837e-01
5.330634205858473251e-01
8.352079409391531817e-01
5.942080315490760878e-01
2.125023654703364628e-01
1.019283390995078253e+00
1.261097454826455855e-01
9.470162764688150325e-01
1.594647446893560305e+00
5.581003374070223622e-01
1.727303604681064975e-01
-2.948028991784419905e-01
-9.620437126171641484e-01
1.242009504878475390e+00
-3.562165559895130729e-01
7.796825704164418447e-01
-3.311582171536230079e-02
1.436992030674062004e+00
-1.810356358746195438e-01
3.881764810608271388e-01
5.295337942039263224e-01
9.201603932455267865e-01
-2.740039786970651647e-01
4.228525152224663630e-01
1.110101164992326472e+00
-4.654066508142887942e-02
3.919641182778627053e-01
1.209467378646055247e+00
3.774058090596405513e-01
-8.034480718661702880e-01
6.997541845634429603e-01
2.647295772453213680e-01
-2.172819540107105152e-01
5.372226418065943754e-02
5.652037299280837646e-01
-1.612936041136942555e-01
6.075049898989219876e-01
-2.846432463175623817e-01
1.530037793398762780e+00
8.348385173708227081e-01
1.625950228939574860e+00
4.779365998568014806e-01
1.986717153036406391e-01
4.673956965217144766e-01
9.293461747562273834e-01
-3.293189820796078027e-01
-1.371091180075809796e-02
2.671426883117473117e-01
1.965413997780321442e-01
9.187798571261016622e-01
3.150567574011787358e-02
1.387157572084741775e+00
1.045492115656004639e+00
5.283939337386526214e-01
-4.875184290359694250e-01
4.810371562822479685e-01
8.203581020663615053e-01
7.946692163752313576e-01
3.416629158858693893e-01
4.578438442793399954e-01
6.460936466014094437e-01
-3.565723235525554702e-01
3.623083522886605401e-01
2.159156467809609792e-01
1.070850887375139449e+00
9.059542831099420823e-01
1.706360028940565376e+00
7.023926490414619805e-02
-8.665403329392707965e-01
-3.580647200538346342e-02
7.249222712386161893e-01
7.628551448185872941e-01
1.352328927789702817e+00
-7.870159303006767360e-01
1.668415174582168758e-01
1.854647687604826789e-01
1.225972591970926784e+00
3.099995142021415573e-01
8.904239329685552651e-01
1.244185389762292315e+00
5.912424308612678203e-01
-1.661519362308043202e-01
-4.981251039767054523e-01
1.045707849007248669e+00
7.859647896481085638e-01
6.601911098492874164e-01
6.381641334303379542e-01
-2.954777581866179226e-01
1.168870627053346434e+00
9.602529381327721270e-01
1.228513588680671509e+00
9.219911289258375664e-01
-3.706809991937147775e-01
-2.830247634266058188e-01
8.567703780660856916e-02
-2.941251318546945215e-01
-5.165117574575457393e-01
6.843682323525974720e-01
6.094633810480819536e-01
2.661844531207475661e-01
1.834869747417612329e-01
1.562162815806886984e+00
5.936588271303980813e-01
1.875581153733085482e-01
-1.160870348556804488e-01
-5.348360032654629892e-01
2.563024004828409752e-01
8.280933655496661716e-01
8.243101244922494963e-01
2.517894483343873224e-01
7.185085156616528579e-01
9.724418084475860979e-01
1.516135843679353723e+00
-7.431859514329778316e-01
4.396250243203084218e-01
1.987984877739454315e-01
2.307528519669466149e-01
3.045373719178415817e-01
1.086884894225069731e+00
-1.278427139969182669e-01
3.821150768497785233e-01
-9.968610534621438202e-01
8.451932658489424988e-01
1.180972519409311250e+00
-9.747007467849953810e-02
4.660798154582619368e-01
1.277122148788246925e+00
7.951687191842116142e-01
5.902519104255921079e-01
1.154567151445928586e+00
-6.887775153830359987e-01
4.266769911281987349e-01
-5.246979082253291349e-01
-2.121194625332968042e-01
5.158748314913501609e-01
-8.152021538151539293e-01
5.701372714134235187e-01
7.343039785197533753e-01
-8.288609002022434558e-02
7.317244223600444242e-01
5.888808069186010075e-01
-4.624860342383586564e-01
7.040845591918691859e-01
5.666994846950671461e-01
3.866998888745060703e-01
1.036915296434292699e+00
3.516283930965674598e-01
2.107664486907518953e-01
4.684109200705544040e-01
3.900308357177317276e-01
4.282045142436974317e-02
1.346161397114326697e+00
7.128609430862600793e-02
1.299807126808459334e-01
3.802370397837588900e-01
1.319704146020430846e+00
4.263149562985988350e-01
4.771944911677590828e-01
6.142622859675138658e-01
4.531197288147329472e-01
1.468284637014070304e+00
1.202317329259610101e-01
8.640971522907843205e-01
1.425961946855493157e+00
4.340242004163569201e-01
-9.419785086147405284e-01
5.984873063674083227e-01
7.622157354247832695e-01
8.824234468512834884e-01
1.365814867778218034e+00
1.802035044623806259e+00
7.121370468887047167e-01
2.236250272290230823e-01
-1.771087982129988803e-01
3.575969768398774007e-01
1.304182386992131626e+00
1.244847130716032035e+00
5.542996505333566137e-01
6.821992137458423588e-01
3.727456033614520159e-01
9.480057553989766905e-01
5.357478506899576720e-01
1.044854807994728851e+00
-3.771470475827179425e-01
6.900174587511086477e-01
7.518349375013996805e-02
5.057308261936718230e-01
1.896503685996258903e-01
4.622018933754349357e-01
-5.206122547742089157e-01
-5.335920140850027860e-01
-9.501101097246703042e-02
-6.019699531745792420e-01
-2.735720446166230169e-02
-6.949430111846931490e-01
-9.232846079147197238e-02
1.117965398780293773e+00
4.758853136614688006e-02
-4.683251528831513522e-01
-7.830177552248238637e-01
-8.123038629721763826e-01
1.143797635008342084e+00
1.508409598564345755e+00
1.173437190191517931e+00
8.437141742186171633e-01
4.033307454742155462e-01
3.316680545374295352e-01
-1.893172522990318463e-01
1.068575336715348545e+00
8.078694123581998676e-01
5.161745198108523836e-01
2.566667109538973146e-01
6.771443050377118356e-01
1.994030107425550369e-01
4.643727754682703823e-01
-3.438346365545055794e-01
4.819429123018618144e-01
1.285697608395524050e+00
1.544165175492073772e+00
-3.810548722185903570e-01
1.074318805896266715e+00
4.700177091467807600e-01
-1.811283087771401734e-01
5.459266516761382970e-01
7.734867852393934040e-02
1.255945807849574436e+00
4.802993948570355442e-01
1.806871263174075093e+00
2.736779219273881014e-01
-3.214180968765899538e-01
1.967457836428212259e+00
3.328468537362627711e-01
4.984324414476033471e-01
1.570430597647885507e-01
1.010844269932081652e+00
-4.029292240928585844e-01
1.156355055078082339e+00
9.338533303335255775e-02
2.525502927451896973e-01
5.625468734772325341e-01
-2.943293203649708367e-01
1.120248648161166205e+00
9.846393686881661500e-01
1.420507288061112261e+00
4.366579037318976675e-02
-4.638698686689301520e-01
6.523857132190045149e-01
3.548920676960103382e-01
5.916556023932499908e-01
2.031956074951427327e-01
-4.098314463378237571e-01
7.192658096242861010e-01
1.073028387193004640e+00
3.821286183168730588e-01
-5.262847817007133555e-01
1.968071112208769624e-01
2.709404179761531473e-01
7.405862867698583818e-01
8.477589908630850379e-02
9.273342296823666731e-01
5.170162149317739653e-01
3.022084199415360772e-01
1.003028355395297222e+00
7.312479550538399931e-01
1.736933493202345025e+00
1.354469850281482479e+00
1.522356963347536674e+00
4.584913980660545313e-02
1.166322517140074622e+00
6.297797902320732000e-01
7.523768143296026834e-01
9.574659075880181947e-01
-7.068878755653358326e-01
2.409123803750751414e+00
4.478417657738675839e-01
1.832818247369361941e+00
2.834422999686715405e-01
-4.202509574209399856e-01
1.344777384831036482e+00
1.109062136003619914e+00
1.420691502742295498e+00
1.094888507039172287e+00
5.785633795268756430e-01
7.805263543498797141e-01
-1.616624303789038902e-02
-6.170851281061658922e-01
1.819847294917556757e-01
6.866644645309075701e-01
1.491170602564076297e+00
-2.219300422353637781e-01
3.112276366017138196e-01
1.872131852131655227e+00
1.035228723315972932e+00
1.202168104710521351e-01
2.947218248427452281e-01
8.728412323861296507e-01
1.600937838003082536e+00
8.089236197848697074e-01
7.014257756402703103e-01
1.770791434197348246e-01
1.712887373555259662e+00
-4.697478939569059708e-01
1.328697444975752928e+00
4.919608909058050816e-01
1.973017346959760332e-01
5.139941735296842396e-01
8.678424187616335939e-01
5.626800541486222107e-01
-6.270072083507881588e-01
2.080067527027472440e+00
-7.939600469733255617e-01
5.686258009021010196e-01
-3.574928671255204748e-01
1.380920971520006368e+00
9.986499884126479043e-02
-2.947095424054568813e-01
9.697710732583091353e-01
2.035803031003631247e-01
3.035834638803745489e-01
6.211631034941546003e-01
-5.284279548205499388e-01
-1.157686597757651009e-01
1.484200083323137465e+00
1.275514987049501281e+00
-3.076948462368130910e-01
3.145324891934264677e-01
9.949359929050234364e-01
1.209072415506230680e+00
6.979864906683045378e-01
-4.889895078898149894e-01
1.039981993811031291e+00
-1.850940257630870056e-01
1.292246349210495415e+00
4.474733075321442044e-01
-4.684158486167691038e-01
6.881007449407691157e-01
4.806438910529798880e-01
-1.188872229643958278e-01
-7.576368543974141279e-01
7.739499647837457807e-01
-1.657315293349864160e-01
1.266524990861175315e+00
-5.746965008317000967e-01
-9.544146822964078014e-02
5.396162870597702721e-01
-3.529316612072933568e-01
2.454473118642426788e-01
2.916865888354737146e-01
6.261140414556638500e-01
-7.449855639014577591e-01
-1.147228801111901952e-01
7.554245241982562309e-01
8.839632199874655205e-01
-2.809794510460688066e-01
6.710141892257628360e-01
5.029984013740025350e-01
2.404625969765502025e-01
1.089028087601970007e+00
1.504126308603980666e+00
1.870619629517207949e+00
9.789451358855202345e-01
4.808051300996814548e-01
8.141056818026461972e-01
1.241620862798899605e+00
6.567933722006729091e-01
3.964480347912356373e-01
2.958984563288890035e-01
-1.138861830468582137e-01
-1.039918967095985636e+00
5.682697170809326570e-01
1.423690344858836943e+00
1.036091850997188812e+00
2.116541548233248915e-01
-5.344878741230523200e-01
-5.471487616811890331e-03
1.087853243044089258e+00
1.482557923131083699e+00
6.355394611472775512e-01
1.068721188232313324e+00
-7.795497072240213932e-01
-2.335067381349388016e-01
6.392156657810930120e-01
8.056064341677121599e-01
-7.731988698470615429e-02
7.661989659618090309e-01
6.150982534181183292e-02
9.073102193711353181e-01
6.587222433705361979e-01
6.148454246573050730e-01
-2.248635255698513413e-01
7.818515075890468680e-01
1.110150275317194790e+00
-8.300188339360427270e-02
8.837475842127665571e-01
7.400809326457358228e-01
1.115702825678275723e+00
-1.030800300732536701e-01
4.453920520942758476e-01
1.259966817125902916e-02
5.244885697310898154e-01
-1.610882426095884556e-01
-8.366893559392064583e-01
-6.291711827727501927e-01
6.847078395080969937e-01
8.229567221249173281e-01
2.738174771746259006e-01
1.008839302098670510e-01
-3.884055538115303019e-01
9.999779715878928110e-01
3.024656585298672873e-01
5.711446808090561156e-01
6.613453164547117291e-01
2.455554024650181411e-01
9.689124253062992853e-01
-8.498568949471339007e-01
8.210299020513409651e-01
3.354902214170912278e-01
1.628382114978689787e-01
5.730702798632411055e-01
1.820882678855811454e+00
1.463539167289434229e+00
4.129511359494296152e-01
1.096659393530858617e+00
9.300299326357521768e-01
-3.347404719836231668e-01
4.923531119347422380e-01
1.629904392760439746e+00
-1.079142702713019319e-01
-4.887286879081038649e-01
5.250771573092604116e-01
9.873543037358480934e-01
5.932998178756018204e-01
8.225981896407358329e-03
1.580527539174097829e+00
5.955084061899185155e-01
2.368621561393147723e-01
2.763278395952672994e-01
9.713642227930039397e-01
1.407431962176382889e+00
-7.049437914127323346e-01
-1.876272947587225848e-01
1.490297749150334639e+00
9.439025978904488912e-04
-3.413571305793178245e-01
1.139790988432265104e-02
1.003324720364131339e+00
1.024842907531160252e+00
1.102687971871225470e+00
2.208011637014693496e-01
1.133090399787855640e+00
2.250709024698489991e+00
5.862518955040210700e-03
5.982631189627281021e-01
-7.580188660976745485e-01
6.499172795219509968e-01
3.626066882135554198e-02
9.709439245385277639e-02
1.373022070200617728e+00
1.498520338497578708e-01
-3.585548818534011750e-01
3.979078221022435691e-01
1.265032559339430707e+00
2.107381384174960293e-01
6.142306630599236872e-01
2.906379452911302397e-01
5.470562380998441609e-01
6.251655640247917312e-01
7.621468583095701854e-01
1.523302651255150075e-01
8.490376308126718063e-01
7.983409984574567630e-01
-6.479833733607305302e-01
3.286547602022109604e-01
1.316051974904708599e+00
1.611610961980778356e+00
-6.689667867261382961e-01
1.045700223987185762e+00
6.509992546577029193e-01
7.812905127754274925e-01
6.003577839120245452e-01
1.292452521707675661e+00
-6.978245724217749801e-01
-5.147437885498512555e-01
1.034350281259728555e-02
-1.609420275391645616e-01
8.651484103627765654e-01
2.871031697969716467e-01
-7.855783240054442507e-01
1.498617985528697405e-01
1.006511893947804381e+00
5.427121635806898547e-01
9.120122799133489888e-01
-1.079956305654379722e+00
1.252457281178016579e-01
2.095419429399911215e-01
7.954695771723901965e-01
5.882024865904110777e-01
-2.056378535285263709e-01
9.106413686609560187e-01
-2.119653083994260320e-02
4.253711125691088668e-01
-4.110486862394696628e-01
1.007908171080933224e+00
1.679259201189671202e-01
4.006516552210280246e-01
-1.215711244346754233e-01
8.580258363918060738e-01
6.950731560672750442e-01
6.653615758906449296e-01
9.778089770581792628e-01
4.193335604177228504e-01
-3.376699396256516161e-01
-4.245171945750534914e-01
1.256487963573969191e+00
2.532196656037966620e-01
4.029731389233084382e-01
8.995534168635008765e-01
-2.420514294749496198e-01
6.695877047450692343e-01
1.700279092171671502e+00
9.170415499275631488e-01
3.783926919899095465e-01
9.578617034054789370e-01
9.040970961380628834e-01
1.257808769610782251e+00
5.276242750655869562e-01
8.024502240913792273e-01
-2.557311764702018819e-01
-7.072898591722061312e-03
1.287380257040317000e+00
1.651840114265404336e-01
4.157215624655890007e-01
1.907381529276580556e-02
8.068672754662172819e-01
-3.449033766567599080e-01
1.847639777237177205e-01
-2.428851241263800809e-01
8.405867099289080491e-01
-6.783001360325919826e-01
-6.889609947177913751e-01
1.518017771337761390e+00
1.189533490263813498e+00
-5.367574488326117832e-01
1.759870082771432531e-01
9.943619454796542856e-01
1.466144419393323961e+00
4.689537690836922262e-02
1.220488228915940443e+00
3.671037386039391892e-01
6.115743000203852642e-01
1.206733438403105430e+00
-8.855596387628795751e-01
-7.485641527027259157e-01
8.088252110127703842e-01
-4.884528664862028413e-02
5.960406774187699819e-01
-1.654844043316804902e-01
6.712835515695861899e-01
1.527649797913704255e+00
1.021071051451810430e+00
-7.924963764044646863e-01
1.862076805064447838e+00
1.716969174249464380e+00
8.394816134281322118e-01
-3.367020529497042336e-01
-3.997457275727114290e-01
1.614426882750376491e+00
1.540471703872483999e+00
2.529734014643719164e-01
2.108724495908013419e-01
9.820753066153897759e-01
6.237407123814264764e-01
4.832345460671776116e-02
2.143007310076269434e+00
9.552663253800387499e-01
1.124761798213900210e-01
8.272150694138994398e-01
-2.120187472985681776e-01
3.941912904691032282e-01
-1.490972902055975879e-01
2.408302230801532273e-01
7.460430941057525356e-01
1.420978050759315048e+00
-5.307516558628042613e-01
8.081780792879097453e-01
-1.267079991933139360e-01
1.660869682129759717e-01
-7.114845254395025798e-01
5.064974104893200657e-01
1.870828552130979539e+00
-5.885647748382460964e-01
1.376147321827877690e+00
3.344406669923545850e-01
3.391831164554588440e-01
-6.069652734721819876e-01
4.305372388978137566e-01
-8.019148745132104183e-01
-1.871583243993404644e-01
4.232672493057994534e-01
3.140322629334292293e-01
1.550102125815397747e+00
-5.721889759997935559e-02
6.763971632607307383e-01
4.522042653180533556e-01
5.170066603370647718e-01
1.160175605682614020e+00
9.561108373044063802e-02
5.857455497719721293e-02
1.016174750027355023e+00
8.780653149763125720e-01
-6.722062944679907392e-01
1.179426344007409311e+00
-2.416641747195759360e-01
1.645722909000754353e+00
3.437306507982475501e-01
1.652184526904997064e+00
6.315531934029442462e-01
-4.580395128660076920e-01
-1.090143425253315090e+00
1.530283291117821687e+00
8.278042391570707981e-01
7.069263121136114547e-01
1.262718538699953763e+00
-9.414481690724982865e-01
1.848908355658378966e+00
6.087629028448343638e-01
9.692989261036983883e-01
1.418281789363599943e+00
7.509272777471054372e-02
1.077231079460740482e+00
-7.617908397985404534e-01
1.181921603139475252e+00
-6.513687096039709468e-02
6.446619449566933779e-01
2.676523676010734154e-01
-6.629400704453541904e-01
5.807793319820722666e-02
-9.654991763960857343e-02
8.958798905984939331e-01
1.002521796240402274e+00
2.073903933432584612e+00
3.562203091849165948e-01
-5.587989666278256884e-01
1.282525467659665797e+00
-1.977369707028242829e-01
-2.281281200086603955e-01
-4.351683760392909273e-01
-8.394782015570458888e-01
-4.903673490847965111e-01
-7.599857919758479241e-01
1.860518500817408272e-01
-4.722394244277426378e-01
1.474516174637687804e-01
1.447540166918960258e+00
1.027026657648792085e+00
-3.768931747559534085e-01
-9.383683280063973009e-02
8.638665421582181203e-02
3.575904221143408335e-01
-1.898335607041908846e-01
2.565114694709584309e-01
4.553157794692831994e-01
4.850252096262829271e-01
9.049672756217530534e-01
1.753359858241995695e-01
-1.609178908476548153e-01
1.260063372945903204e+00
-3.709912156472038036e-02
2.468953281718904991e-01
1.819132232933414750e+00
-2.178509359648893307e-01
4.666079443723931131e-01
8.386806255244415587e-01
-5.155452503101708855e-02
-1.058072701232975477e-01
-7.777048660523386836e-01
8.322186629013447190e-01
5.002303028425477693e-01
-2.274827522683545988e-01
9.943680249375687341e-02
8.249187582844128563e-01
1.327178487167831822e+00
2.629971870880820073e-01
4.883409153181071383e-01
-1.711102393512765607e-01
8.253423353416136088e-01
-5.966990548657967741e-01
1.455546114158838833e+00
2.416641335652615630e-01
-3.039324621007664651e-01
-5.900906323272164800e-01
5.369316147253119093e-02
1.225448086416874638e+00
4.114675639263253859e-01
-1.614963741536035724e-01
5.373515029162423406e-02
-7.826784794781270482e-02
8.704407889737644233e-01
1.611362863305396909e+00
9.398952575154245759e-01
7.790607243446666663e-01
5.601772226649932573e-01
2.335860396599555022e-01
-4.211771010359585676e-01
8.631560115034936365e-01
1.350855355397028834e+00
9.011531789551194827e-01
-1.298476123434509355e-01
2.071817499702999499e-01
2.632159650710466647e-01
6.496153101327714618e-02
1.387346634401427581e+00
8.589310844846790305e-01
6.579687100212622264e-01
7.833657765079216073e-01
7.040420036238933532e-01
8.986520582442499849e-01
9.008490334842704783e-01
4.573091821891380748e-01
8.137072627816159809e-01
1.567268675563590508e+00
1.569177172777525275e-01
2.369418579774947714e-02
4.552734651896414575e-01
-3.743410922664347495e-01
3.429523005690863768e-01
5.950367772451162773e-01
3.529723738934773675e-02
1.072026800896050069e+00
6.856100849899030569e-01
2.717840455927276189e-01
5.329149367328053222e-01
8.506525291604789540e-01
-2.575017105181517940e-01
6.445667386858461301e-01
1.926882731725611808e-01
1.250842473957065160e+00
6.579535960620481738e-01
2.633583546467040404e-01
1.105839727312419196e+00
1.791145779721942111e-01
-2.015531155226373272e-01
-1.268047680753397743e-01
5.009613793940582704e-01
1.633084600457611169e+00
3.058948748734491296e-01
1.087964384315915689e+00
9.273600940448527563e-01
-3.909920941959940666e-02
3.695483385169178181e-01
5.827817239004751126e-01
4.055893355008171608e-01
4.843554054177053869e-01
1.231595766512164181e+00
3.064231404767073785e-01
-2.294776027629689130e-01
-6.229985774493449480e-01
-8.484895125844453545e-02
8.988081148497859552e-01
6.837352517065133917e-01
2.616334015007087954e-01
3.629406684874982858e-01
-9.788961006487423289e-02
8.371525677298985446e-04
1.555207822910609439e+00
1.125705981524234733e+00
-2.198586592729671885e-01
-5.540570687473500566e-01
2.529451492780280253e-01
8.775781662631329527e-02
9.655276192471380359e-01
8.314810877203667738e-01
7.486866399357763324e-01
-1.287290913207781440e-01
7.979905436873221403e-01
-2.514851111189004840e-01
1.948231603180431204e+00
8.884841481713721123e-01
2.528761811443565599e-01
9.177241072213957462e-01
1.071362465792921492e+00
2.325206465316949078e-01
1.517552856286555008e+00
1.126789022753824643e+00
1.366635113255612710e+00
3.510082176194601056e-01
4.280800212811796679e-01
7.681596731209336948e-01
5.281432870943904012e-01
5.247969022866252331e-01
1.792822612401653748e+00
1.292742812612736047e+00
6.098651939568230373e-01
-2.224672913138844854e-01
1.614704163551109017e+00
-7.063281571160826000e-02
9.690511520785631827e-01
7.898294073729500431e-01
1.206365521349905601e+00
1.411626004631120868e+00
3.186102429276397308e-01
-2.603089141670275053e-01
1.109027136909272349e+00
6.323196193003295384e-01
8.409249889361201102e-01
6.340691941882643512e-01
5.728700445646897066e-01
7.650032331259690732e-01
-2.450023654025147435e-01
7.733901117566049921e-01
1.916933474143163396e+00
7.847412599366654362e-02
2.043910985318663498e-01
6.124716649494492682e-01
1.104062229828729896e-01
9.094145573186755982e-01
-8.111065412249636175e-01
9.102479834962490246e-01
-2.705329131516511221e-01
-7.963381894410056505e-01
1.287934910781998399e+00
7.324957574717918217e-03
-5.856174920646264326e-01
3.838272342435643525e-01
1.040915929595713552e+00
7.483243249947043596e-01
6.135266758018188549e-01
1.181433599693861858e+00
-3.422010111123516829e-01
1.714790377364893148e+00
-5.730823107733542532e-01
-1.158225603544003612e-01
-1.643069762989138871e-01
-4.453907349209744182e-01
6.550099953340679515e-02
1.319452909334655866e+00
8.553067322230529790e-01
3.281192782965482446e-01
1.530329440156398713e+00
3.987932471090598341e-01
2.034016262611946513e-01
-3.566486319877975597e-01
1.522835144079029535e+00
1.036375140779997261e+00
2.694839828769969303e-01
1.549535837771281732e-01
5.907339742874527788e-01
1.042267288142073589e+00
-3.798259328742528695e-01
-2.584980239336848729e-01
1.438163147919041762e+00
3.142044478373091643e-01
7.849518803799886424e-01
-5.953241643787222648e-01
-7.417683711695078896e-01
1.327844660298655333e+00
-4.908365367322339301e-01
3.969994734612670717e-01
6.733826522686350291e-01
-2.179535087658516224e-01
4.763825208066984618e-01
6.191070692702018707e-01
6.067622062473788658e-01
5.586092115618020992e-01
-2.499163727379430100e-01
-5.211654023634638699e-01
1.134456405815896796e+00
-6.117929927728469330e-01
8.454998257995763877e-01
1.114423874646172763e+00
8.210115720808488504e-01
4.032270218675995666e-01
-3.506207756589940772e-01
1.646372102108428548e+00
5.547877362929876099e-01
3.653327984671870809e-01
1.397500913969955016e+00
-3.441095213306636924e-01
2.896492727933018263e-01
6.318534761114295017e-01
9.167648033519952833e-01
1.057693695524237754e+00
5.358840390786925312e-01
1.715233968306262069e+00
1.147055028258664011e+00
-6.638580103116299425e-01
1.681132638803806700e-01
9.370025987445591564e-01
7.830373809977737576e-01
1.852608102330481898e-01
6.847666533035480230e-01
5.816070485774340604e-01
8.350652577673074450e-01
3.748356614116381547e-01
-3.916281282637731342e-01
9.506763127299020510e-01
-6.969378281259602792e-02
6.600691785959197366e-01
-3.889738011906080373e-01
-2.809904668919978032e-01
8.558473536716966201e-01
2.267058385188305714e+00
9.871374921097104682e-01
-6.547232204444691783e-01
8.712198608526042776e-01
-1.010084661819884988e-04
1.187244741085977218e+00
1.438264458229977727e+00
1.289831889000775833e+00
3.927237434719796916e-01
-4.311538361219448556e-01
3.623322089272049129e-01
-8.645871732524794684e-01
3.521609966497677990e-01
-4.777143399327277162e-01
8.278319333672214952e-01
7.901609186343216962e-01
3.318992988428638435e-01
4.373480180305012732e-01
-5.625826289933071322e-01
-6.604276557138372139e-02
1.587330775966805940e-01
4.154463577252612838e-01
-8.441244396713185605e-01
4.845203159097723478e-01
9.378583475163310840e-03
-8.081283262756867591e-01
-2.254526096495796522e-02
6.116318344292375198e-01
1.094943529152549999e+00
-1.928862279656156919e-01
-6.522583356500467611e-01
1.765682873071189762e+00
-4.860912770320137688e-01
6.303982040531868059e-01
2.821594434260316087e-01
8.318388926934195959e-01
1.329038308571459881e+00
1.030161309511582912e+00
-5.457974833389858671e-02
5.517760602190480146e-01
-1.150909793974625117e+00
6.057815614108133517e-02
1.033958357067346068e+00
8.816891404880993210e-01
1.157487496046601061e+00
8.307325243237084766e-01
3.375863640888447925e-01
-6.871886691528716895e-02
7.506527112239392840e-01
5.137636641664569126e-01
-1.539590182590446776e-01
2.276470259293758847e-01
9.029005418965815322e-01
1.942037537409104786e-01
1.772506942253444073e+00
-1.550993931051533603e-01
1.385835389092071601e+00
2.096653053469595296e+00
1.045478176099106538e+00
-2.406414605878285651e-01
-1.622847914777976464e-02
4.617917807322284296e-01
-3.796960595062228716e-01
5.791726876937817181e-01
-5.817960333067254131e-02
3.129909010580598228e-01
1.231423600878918112e-01
9.236483936393485861e-01
5.261519589517623663e-01
3.232333415499620832e-01
7.793553032827431615e-01
8.277237753464610215e-01
1.191238879389216354e+00
1.420100570640867366e+00
3.250646065120632588e-01
3.353029136476228800e-01
1.536943102843342790e-01
1.319956314364510108e+00
1.275594130253383973e+00
-1.892566093697267346e-02
-1.111173818136475255e-03
6.543248249081659029e-01
8.819919772498314714e-01
1.308595543804371708e+00
7.475542104623881245e-01
-3.042986021913618999e-01
4.784038041292996146e-01
-3.170195772252014654e-01
5.310975731939898692e-01
-4.188588762807909233e-02
2.756607888679899476e-01
-2.565261783188972911e-01
-2.399813803730651007e-01
-6.871811036138555373e-01
3.960965514334580106e-01
9.154099006723862564e-01
1.356722048955804283e+00
1.155937513355619783e+00
2.503381077171941138e-01
-1.259992656515576959e-01
-4.617551935933024709e-01
-3.139057772098791110e-01
1.002470517814891604e+00
4.408432259696544731e-01
7.675129689854051085e-01
9.706831792404078951e-02
1.066167601403233522e+00
5.473549433354536475e-01
1.145886608798308837e+00
9.877835306609989985e-01
-4.728749486824272985e-01
1.397136335135263696e+00
4.945530554933413869e-01
7.643471946006974438e-01
-4.207475220744290034e-01
2.224134013957000111e-01
-1.036413214521724468e-01
1.319782707221411666e+00
1.299324227240050700e-01
8.071634011837439671e-01
-3.714851164160519748e-01
5.098562476785800657e-01
3.851077990883930990e-01
9.948385760361570795e-02
1.316874812565707709e+00
-5.757631874312555409e-01
4.233215726864362760e-01
2.466831118246045618e-01
7.110791226399753029e-01
5.275033466688309192e-01
1.141258960833676284e+00
5.043356306683042245e-01
-1.090182617618856015e-01
-6.614306215315335358e-02
1.076273687709501825e+00
9.109421269343778160e-01
7.619585030354555366e-01
9.122822517677363630e-01
3.933715056619746520e-01
1.081075771228777516e+00
1.021485509675962300e-01
1.335114561700485813e+00
1.686033169097885587e+00
9.448463076971812535e-01
4.373549228621270157e-01
-5.623265641507557699e-02
-3.242540190468916061e-01
2.095907998374914594e-01
-5.504238361477094971e-02
7.826415715351692226e-01
1.397198695985847561e+00
8.503003595198581621e-01
3.428844206530662908e-01
-5.349728455958338014e-01
4.358231935520466283e-01
1.421982526446099460e+00
-1.742115093432183848e-01
1.645383714237691475e+00
3.454602516569412751e-01
1.071407537046735525e+00
-2.328837002645980092e-01
-6.443517280984786266e-01
5.371480722985184642e-01
7.252515556177059342e-01
6.807923190588935913e-01
1.331847037588195670e+00
6.942995622816761081e-01
5.274246620571165778e-01
-5.682082210008134737e-01
1.349466565681920915e+00
8.040408742304308021e-01
-8.198671139589246426e-01
-5.932444917634766002e-01
4.600013932073275802e-01
2.539160440825843357e-01
3.739842189467150468e-02
6.789663081925779720e-01
1.400339033342282935e+00
-1.117466014888231385e+00
9.436129568114660637e-01
1.106508766084499218e+00
1.157573726028985561e+00
1.507206541078341733e+00
9.884661602631670263e-01
1.142532064519607093e+00
2.306814010503790702e-01
6.020696619086973733e-01
5.088578283708204975e-01
-7.439990954986522853e-01
8.863242624612829301e-01
4.322761027855318572e-01
4.980133950341956162e-01
9.481097545075398703e-01
8.888721981846396947e-01
4.728766947198833615e-01
1.000725711896350179e+00
1.252903521273242671e+00
2.869746065838251203e-01
4.314870208633514448e-01
5.038694927615990915e-01
1.906508611710436285e-02
2.154780669086841238e-01
7.663645676398852524e-01
7.877907094871391402e-01
-2.801547219134247757e-01
1.325023706020972636e+00
2.360840988095683768e-01
6.141376932786162257e-01
8.881128676761590457e-01
-7.631107434878349471e-02
8.697528602967970202e-03
-4.757874449666733840e-02
1.402469354572693394e+00
1.207565175872913343e+00
1.299817983571427193e+00
-8.561988756122754785e-01
7.679587860943258848e-01
3.790965407690853328e-01
-4.185037946378012963e-01
8.347762057923407975e-01
-1.240263637406567865e+00
-2.240091794015661719e-01
-3.904606423942971194e-01
1.328416586664491694e+00
4.645242394067543024e-01
1.067567101889394188e+00
2.395541353809856888e-01
-6.066504022804509733e-01
6.604511814604761000e-01
4.367209331549763013e-02
-7.322577444243497657e-01
1.194820549675995380e+00
1.744318373418621615e+00
6.747859189274101333e-01
1.559929779491804336e-01
5.786955419902494180e-01
1.038288800032647119e+00
1.118867444496920216e+00
4.427376640442653999e-02
4.423953173886106122e-02
-8.203142028609429134e-03
9.530785155641889883e-01
-4.607570188626081142e-01
5.648349297400078184e-01
-4.442331814380209298e-01
-3.187499836790662067e-01
1.585684086807196191e+00
8.071164953079073001e-01
1.082416713903276761e+00
-3.492331460057261638e-02
8.902439112299899149e-01
-2.269405406141221659e-01
-3.163821421048258475e-01
2.514961119812368640e-02
-4.653858916890294545e-02
1.064938599477717879e-01
1.853620611784917160e-01
1.087889763235708296e+00
-5.533641692043175242e-01
8.321242333125838941e-01
9.463227457083189798e-02
1.523982954056693151e+00
-2.495494022574381437e-02
8.692189376615809815e-01
3.652977191102823595e-01
-1.006032530859311686e-01
1.114306031847817513e+00
2.709237184018938316e-01
5.140659951739920963e-01
8.756327313398813983e-01
8.405849619634599978e-01
6.857829381756788689e-02
-1.817291043536882755e-01
1.450059993627889898e-01
7.333019862832894642e-01
1.609401104869534471e+00
6.475811578019849968e-01
-7.326796228249555787e-01
1.552532381939310258e-02
8.450729517540516156e-01
4.029323276164411549e-01
4.086506671837450422e-03
4.671342502639736494e-01
7.181060063243331903e-01
5.649572914104102894e-01
1.000117986871057907e+00
1.691407118901286366e-01
-4.576491203896119742e-01
1.092147255192773142e-01
8.950880382221007570e-02
1.484045462760344547e+00
1.305326748708277362e+00
-4.589987996469872128e-02
7.324632161665403096e-01
5.310049572810895957e-02
1.164353359972439161e+00
1.150071789220611818e+00
2.433003977268261564e-01
-2.331600751844696839e-01
7.044484006716201785e-01
-2.504506872771066761e-01
2.582102948457733471e-01
1.416753401078564734e+00
1.274963664062574858e-02
1.393881475939357850e+00
2.071105723639132812e-01
1.591991182911510094e+00
1.001792489491917015e+00
8.513539657200268340e-02
-3.915966558060702818e-01
4.594627616463197173e-01
2.362106836434161583e-01
3.775018333435625206e-01
3.290373400489378652e-01
-1.038009555291711655e-01
-3.666621237929771349e-01
3.034629563305708544e-01
3.118219634137327501e-01
1.167580874372968758e-01
4.231357442176089667e-01
1.303495765119373928e+00
3.134111273202498382e-01
1.447043674369557387e+00
1.530216876479788102e+00
1.927864422053764626e+00
3.899273214346930527e-01
8.604160171062875673e-01
7.734961913175530945e-01
1.220555158637016413e-01
-4.087329946188545393e-01
9.570141192209001835e-01
3.190013650427963587e-01
1.403583289536708634e+00
2.863822152803293664e-01
9.177113457395031926e-01
-1.664964690162525351e-01
3.145075100485159592e-01
6.372509018562565464e-01
9.919580872346642764e-01
7.468541596519626680e-01
-8.016712941158662953e-02
3.231322353057350938e-01
8.983808451426968933e-01
-2.407421347290705504e-01
3.587413530715717336e-01
1.676240934074000988e+00
8.018120666238853778e-01
1.448884030269461942e-01
1.251550403129348399e-01
2.526899883798133795e-01
5.683090281051553783e-01
-4.492677357352220513e-02
1.608425739099954344e+00
1.166287709252145088e+00
7.917110087954930542e-01
4.388116089399105024e-01
6.242427065671891651e-01
9.913070933871503954e-01
-7.920111182195498367e-01
8.980877353798271123e-01
-1.928011418831829249e-02
1.107543542118563096e+00
-8.797054938556002346e-03
1.971956530759533255e-01
-5.457226587268304563e-02
-2.874990189769631166e-01
-8.968289351560336520e-02
-2.457196763869936018e-01
-8.998516278382422406e-01
7.475278031112244648e-01
-1.242842075571944704e+00
-1.389527671478547888e-03
1.428570138350798269e+00
-7.885280010297916753e-02
4.429716773086954107e-01
7.111881052856757757e-01
1.253936861158258864e+00
1.965395569560039191e-01
1.122388400507575046e+00
6.972126640406108855e-01
2.290012742238903831e-01
9.444978922832207857e-01
-4.781340331731675497e-01
-7.351720685809286504e-01
5.185800380904692641e-01
3.016030534208808400e-01
1.836277750947362453e+00
-2.693221492494494718e-01
4.081859313614137619e-02
-5.731920014473869396e-02
1.034588682437607599e+00
8.951045533910505503e-01
1.464535549396372704e-01
1.594725604015274412e+00
5.852467277865629480e-01
1.186732109668076518e+00
1.184374358453347931e+00
-4.463962983372538051e-03
6.970894526676554293e-01
-5.049448448163466052e-01
-5.565492729021447316e-01
1.089400414371018977e+00
1.343580553208795880e+00
-3.005968874483558873e-01
-2.357566597568092615e-01
3.325131447129067164e-01
1.126769271790636795e+00
-7.026010958280781704e-01
6.656605883593307016e-02
1.234502773370795836e+00
1.021711285006776215e+00
8.355639434313693048e-01
-8.175345564289213107e-02
6.105405594443209794e-02
6.600436284825480504e-01
8.871193492621114451e-01
1.293107686329927064e-01
2.367222451244854753e-01
3.569711437826906253e-01
2.727612970465677633e-01
3.802868511181302091e-01
2.596983486169762712e-01
1.131102884418059951e+00
1.547722696222562533e+00
4.253674615554654537e-01
-3.863290422720947470e-01
3.001165511316490342e-01
2.815097275900589335e-01
1.222433742029421566e+00
7.740501074874552856e-01
5.566498156454676716e-01
9.537726950219564959e-01
5.409205289953273876e-01
2.641354395460915327e-01
-7.548250804371678391e-02
-1.062961448124467301e-01
-7.672294520182620925e-02
5.257005622500141584e-01
5.698757934048481744e-01
6.938996874351918143e-01
8.778544069871577760e-01
8.581251091547874299e-02
9.096385926031003155e-01
9.893806419573080158e-01
5.757463960109915346e-01
5.779396292613392383e-01
6.588761508905272013e-01
2.443093326283868327e-01
-3.071830723943472785e-01
9.421858739561458362e-01
1.234733830095971374e+00
4.112767045107214026e-01
6.721773522038162474e-01
-1.568823618380601193e-01
4.884269549959890377e-01
8.593558332572821534e-01
-6.272257412749739081e-02
9.899262964970872991e-01
1.633566492818827320e-01
-3.632400955056666603e-04
-3.203054405173897945e-01
-3.067563299016715650e-01
-5.557467501699567825e-01
-6.160670320350400408e-02
-1.130839692458411039e-01
1.472349392503566889e+00
4.512190459618239946e-01
2.386131406451873216e-01
8.977322968164641592e-01
8.266826185165606633e-01
1.226252809535496091e+00
-7.958588430881342601e-01
8.728053534469453201e-01
1.445003958961949886e+00
6.186752974672174998e-01
1.089538071616685637e-02
8.009848177546142756e-01
-1.693529907695637826e-01
1.008377837672143729e+00
1.711735314883066073e+00
2.127688967175427326e-01
1.126993142677920723e+00
7.903239348358954697e-01
4.098355348435432366e-01
-1.042519072814415554e-01
4.392054345586025171e-02
7.937035360169006903e-01
5.693972738115977705e-01
1.208588804502012781e+00
6.053079501383252792e-01
5.283632875551134145e-01
5.788338826604426668e-01
-5.016839631337332017e-01
5.818309923157419794e-01
5.365945488934361629e-01
-3.316725457961151591e-01
2.145874502518536064e-01
-1.725723599849194878e-01
3.638192893056838573e-01
1.662415257066843566e+00
9.751773309429432324e-01
1.435085051075840390e+00
-3.193078836726279679e-01
3.568135452578704014e-01
1.181882583760607730e+00
8.838136826897340370e-01
1.328753537779209681e+00
-5.859322619370705976e-01
4.257302962625840181e-01
9.292830508630233188e-01
7.896188373491555001e-01
1.300661148920461807e+00
-5.761745766176853412e-01
5.360362843598758253e-01
8.643189057309181855e-01
6.062199805282086906e-01
1.415891185415219855e+00
-3.987478773544079758e-01
3.352602307723802633e-01
1.547881604470036088e+00
-5.810626738565870947e-02
-2.775315389709588909e-01
1.528799918023821647e+00
1.289382177429085230e+00
6.166571610053520613e-01
-3.110067897391343150e-01
2.653685222012001077e-01
1.634444056169683801e+00
6.101046049613768618e-01
5.708003163403353453e-01
-6.230301419637448435e-01
3.247932937890072869e-01
-2.510555525177997349e-02
6.812128581469342747e-02
-3.910502307998245386e-01
1.603679046694847510e-02
8.886210987432192621e-01
6.952720550370924402e-01
-2.960542702529505091e-02
3.569075580564139427e-01
9.519202742557113517e-01
8.001252553119944100e-01
9.992580492092990596e-01
3.256689167716014799e-01
6.245701230821426586e-01
5.150150030988207561e-01
1.069287226655423417e+00
5.043222884608751233e-01
-7.384249678187443378e-01
1.060322359517549273e+00
5.811863990606903618e-01
9.157397156600337595e-01
-1.164168512137655487e+00
9.326423949088832321e-01
-6.438688152234026685e-01
3.735525688006331446e-01
1.130640076034042263e+00
9.844524524185750414e-01
2.344914057589018164e-01
-5.233493842077141522e-02
5.546069001019967581e-01
2.140397345590315581e+00
1.396892173864823228e+00
5.613302156558801909e-02
1.288635287260083029e+00
1.058979079046136862e+00
1.405176091937931693e+00
-1.711371028853249654e-01
-3.950565100235305105e-02
-4.494464692121101779e-01
2.420474104005692628e-01
-8.284579410355991103e-02
1.054655832450626773e+00
2.795920368705932524e-01
1.254429289331632003e+00
3.374051961303835279e-02
8.752349900734124333e-01
1.202641599727858335e-01
1.128482403220865349e+00
8.863104360308232677e-01
-4.449628597474061809e-01
4.450875063956133970e-01
5.825892943571789884e-01
-5.634440666444543444e-01
5.608858865490868872e-01
2.382947752162734301e-01
-1.435081638993791486e-01
1.328574641191910599e+00
-8.983088165605053466e-02
1.613820201680801425e+00
4.380666019524837723e-02
4.385524964257517810e-01
1.329080707437052977e+00
-7.058079724205060801e-01
-5.313283091876341846e-01
5.183448270959856163e-01
9.777422444153684999e-01
-6.337220420672469157e-01
-3.994309330172551298e-01
3.214209656463171139e-01
-1.704690048876477959e-01
-6.662547881266285277e-01
1.756936874470287069e-01
-6.777030223244586704e-01
7.414394059695371686e-01
3.799043754767224002e-01
1.659697708756459333e-01
4.182932832431136561e-01
3.585558161706274560e-02
2.135976340646084937e-01
1.093354320505122157e+00
1.287289514374969190e+00
7.993151988316478107e-01
1.879462943477639758e+00
6.232562649842109392e-01
1.289051882539335114e+00
-2.905883085661990495e-01
-5.852407979859034493e-01
1.125467000154644515e+00
-3.398494582355057192e-01
-1.486742783684617542e-01
5.922079890391704904e-01
4.759420224478004280e-01
4.949650477271431703e-01
8.162844536420235109e-01
6.405984966237647793e-01
2.139682822305876142e-01
1.587842309430713139e-01
8.939232615878607291e-01
9.640449309051307702e-01
3.615266345508629797e-01
8.459063928237499086e-01
3.421219792249296510e-01
1.883791097893746214e+00
-1.266000923568605940e-01
6.194125016668728945e-01
1.384905703297450774e+00
-2.988546785504577960e-02
9.505645412384857718e-01
-1.923608465493833325e-02
8.813576744860900092e-02
3.895677400662953538e-01
1.190919199157361330e+00
2.439438604722605208e-01
2.677361342818004863e-01
1.417686663863824803e+00
1.131234627359611666e+00
1.201467783329831923e-01
-1.254950173888877751e+00
6.922526831292559191e-01
8.497707693945971696e-01
2.011112432688350049e-01
-6.469423980885753434e-01
9.547834310539364822e-01
1.809029362796679141e-01
-3.306402471896843775e-01
6.021322430177796642e-02
2.132175322820794028e-01
-5.612085365587896058e-02
6.516151210428286489e-02
1.268327239283790986e+00
7.142780864304292265e-01
2.520703781603056415e-01
7.358829689658598072e-01
4.437721588691495578e-01
6.262468681335494614e-01
5.658781414910796226e-01
1.777852805326732843e-01
7.611906083776486254e-01
9.042603826903339304e-02
4.193777460306860050e-01
8.912089152980752216e-01
1.468228671503854388e+00
7.891715898479196856e-01
7.557056758226302629e-01
2.787465961979012086e-01
4.332999412243402348e-01
-2.919855470522775276e-01
3.454773050436509840e-01
-3.421681236987237917e-01
-5.462807289338800221e-01
5.306530029730146536e-01
4.401471853024169212e-01
9.519154904958685437e-01
2.496101180288533630e-02
8.995026132370622651e-01
3.451883278193143001e-01
1.650503092970565078e+00
1.449112420342551388e+00
7.958150402309932536e-01
1.677899963121805282e-01
1.846896770831221168e+00
1.303759000326938811e+00
4.336136439473204929e-01
1.504903246508321191e+00
1.764499688234918429e-01
2.698606995042207579e-01
-2.867810588072202682e-01
-1.389885819334057970e-01
-1.758592136103486955e-02
-2.447149868228459257e-01
1.055242609762255146e+00
8.199631170210905928e-01
6.023324206094337052e-01
8.111616634316434205e-01
7.996194902612664412e-01
-9.680568048895152877e-01
3.161675763130358807e-01
4.902741266674718323e-01
-4.028181485914075766e-01
4.920384187447372770e-02
2.196799582502793946e+00
4.898599595245071159e-01
2.494097763559602887e-01
6.207036758931391285e-01
8.505382535924320697e-01
7.758973800816834077e-01
1.235812492670301577e+00
6.636847489978305037e-02
-9.109997656181977321e-01
2.676829991777367468e-01
-1.960681907636039611e-01
2.559286309945517091e-01
1.818945402223018037e+00
-5.810440480952600018e-01
7.623363719491452750e-01
4.802547744778475902e-01
5.122445430780947495e-01
1.336987772023052079e+00
-4.308655004589489468e-01
6.214644811376365263e-01
4.392312450212133568e-01
7.930287885457354413e-01
6.031752291957823697e-01
1.755948958266650539e+00
-8.862561773978802626e-02
2.979751611283218971e-01
1.420210755261100966e+00
6.533305401096274334e-01
6.596608129532958165e-01
5.065599544475984928e-01
1.420283132978114482e+00
8.867387664940949987e-01
7.865897178825946856e-01
-5.825543155702176401e-01
1.179838697389325564e+00
-8.907616856735921518e-01
1.032246925329973058e-01
4.703063310784311724e-01
1.300029992394710954e+00
3.994404063292254781e-02
1.815328520825450764e-01
5.285991265919931514e-01
1.246658428488486292e+00
3.688616216079385057e-01
2.100543964608071745e-01
6.110344177347407646e-01
1.285631983813711354e+00
4.719848684891708723e-01
1.039466824545550283e+00
-2.405748595692625003e-01
7.510469713249615653e-01
3.533578125699557426e-03
7.109457638751870423e-01
7.107086963996946116e-02
-5.762449750403184634e-01
6.193778735365058213e-02
2.505667453517693710e-01
-4.498633287406055281e-01
-3.921359945692276527e-01
-9.712526269592578476e-01
1.326789390690255588e-01
4.982623407566784679e-01
-6.449706347641684379e-02
-7.180701698628846885e-02
-1.444749148791907856e-01
1.794072711847648938e+00
-2.456455284139756889e-01
1.217677062052796799e+00
6.233395662947925908e-01
1.055390845237731634e+00
7.788982485431239500e-01
-3.496540114645487751e-01
1.258868630858454019e+00
2.019752580328595254e-02
1.014017293214646065e+00
1.103505625702852821e+00
2.035053155112692691e-02
1.073343248726094989e+00
2.118091936644453943e-01
8.743469949764229865e-01
9.654077355202007882e-02
1.394325885294252831e+00
1.202326114682276348e+00
6.702073301528983507e-01
-5.237316057275011039e-01
8.804726091365761009e-01
9.669183733729398433e-01
-2.022433213590908996e-01
5.725348248366418646e-01
4.825137342270391927e-01
5.150272866899254787e-01
4.295686239431243947e-01
5.222613484292232267e-03
8.804287136985136097e-01
2.196525373021210314e-02
-2.094517495949908131e-02
9.592100555292937258e-01
3.175574339618644770e-01
5.553317360888504473e-01
8.251550815447157294e-01
1.818977987680895581e+00
2.778891302062891366e-01
1.080137947312599378e+00
2.256937683305256515e-01
-3.246011347062494057e-01
3.949369361166609749e-01
-3.399863364575537727e-01
1.421567995198018686e+00
3.702043036508670393e-02
1.204655478478480340e-01
8.399063791640675181e-01
1.794901518991316447e+00
1.979065646258556299e+00
1.313260738194048205e+00
2.511202966975517592e-01
7.863983942584323872e-01
-6.416742064656252298e-01
7.028935804274464294e-01
2.085115351524804705e-01
1.383849491256942787e+00
1.339177861633364663e-01
6.494109012660492786e-01
1.716042990984965044e+00
4.952095565238413544e-01
1.847980629103276318e+00
-1.259444304087534716e-01
1.007434917111582173e+00
1.490866334081870415e+00
5.309835908174300734e-01
6.077149467614677558e-01
1.816118100704713578e+00
1.021156720421342978e+00
-4.190455740702275222e-01
3.116718626352142918e-01
-1.855464318915925059e-01
2.139014721166446087e+00
2.642837755819602563e-01
3.668486089450891108e-02
9.049738330022730759e-01
1.569738221964130043e+00
-4.091880484241960936e-02
9.738706144683600963e-02
7.848973825908007740e-01
1.074236579955009763e+00
2.143872852950546193e+00
9.359561403726958106e-01
9.029256206131152096e-01
1.246133312026183715e+00
4.157941517175622881e-01
6.390363554129735446e-02
7.656110559673777738e-01
6.128540140690480476e-01
7.433200846214782498e-01
1.938545833734797164e-01
6.158950028992898895e-01
6.367402856317538884e-01
1.220589792400090523e-01
6.446152565929372802e-01
1.224266755441263843e+00
4.394837958614860041e-01
-3.129120918687676167e-01
-1.575469927158157646e-01
3.983350554507800734e-01
5.487274957018257737e-01
6.850090189799920015e-01
1.790693365184125696e+00
-1.695365229400382923e-01
6.391248550224719605e-01
3.151552692675460010e-01
7.490405200351045734e-01
7.516633229810163463e-01
1.480808514001502596e+00
8.622064314557519316e-01
1.348848413109391187e+00
3.146916848323186300e-01
1.292772011179643910e+00
8.400521078414975307e-01
1.662692308147477038e-01
2.088918797775881631e-01
4.942707520077489758e-02
1.704512086621773781e+00
9.143297150835837384e-01
2.498780143421525657e-01
-3.999339758753719387e-01
7.322589710907394522e-01
1.712400495747553320e-01
3.684410536893158450e-01
1.468362814003068839e-01
5.666138837832009889e-01
5.574288875804973564e-01
5.776033934324885655e-01
1.181000524583137035e-01
1.444408182506858429e+00
5.084040693692857271e-01
1.271356620497137435e-01
5.937453424504334221e-01
5.544385559640211403e-01
1.625855327365157699e+00
-4.755567864007081424e-01
-3.770780005320514272e-01
4.789914412715521319e-01
-6.339183814556429430e-01
6.614265954689318994e-01
5.643200993152066580e-01
-1.292014905271975933e-01
1.089869212165650580e+00
7.660699130140811164e-01
1.011432599950814470e+00
2.463957286276851621e-01
7.639973623419383797e-01
9.912928431270854324e-01
7.451347410286478512e-01
-8.229622550950953241e-02
-1.494888448587603502e-01
1.298210653260156278e+00
6.942551307241572323e-01
-1.108841504167680680e+00
1.625519643991669039e+00
9.100792584894400461e-01
8.875565561570083473e-01
1.346726343413021221e+00
1.456265479035478094e+00
1.314628225984623811e+00
-3.628676158339798619e-01
8.676737843069659561e-01
6.999975958494392136e-01
7.323866811825984202e-01
-2.691617304584474901e-01
-4.908282176650373141e-01
4.786040567275907098e-01
1.384190429521661159e+00
-7.082712892775081537e-01
7.646401467255129480e-01
2.609584255319258861e-01
2.604311088371069061e-01
6.295307517682281473e-01
-6.650332778346715323e-02
7.882862695915107132e-01
7.167893954486987962e-01
9.809746674700839941e-01
9.394324369278737041e-01
3.276486410158062634e-01
9.091044074397983676e-01
-2.099266539006449384e-01
-4.770374560305433165e-01
5.502479285222496852e-01
7.211436466241800680e-01
-1.240329936128481636e+00
-2.441888754538131812e-01
-2.523871340770324559e-02
7.727526541405072003e-02
8.489661751018205971e-01
1.260562367933581729e-01
1.041031150690109319e-01
7.270913245228054489e-01
-2.075639876227624026e-01
-6.203268293293888735e-01
1.216657869536991177e+00
5.305295709045267927e-01
-4.948393711185802152e-02
3.741430295749020862e-01
3.734648391553158087e-03
5.098657921620103339e-01
6.590669702123960194e-01
1.400489484029190379e+00
1.108274117093234423e+00
4.659239970678758641e-03
-4.604027549459280277e-03
1.331142335531847243e+00
1.700467081751040888e-01
9.103858334918185635e-01
2.612403896255150459e-01
-1.066297991507773490e+00
1.325402946942134896e+00
1.176090228312536068e+00
3.303289085265067038e-01
-1.282110999104817406e-01
3.079034835131597148e-01
1.257441712638464937e+00
1.161967869555261546e-01
9.657034221753910130e-02
4.521194436491375312e-01
-1.257751209118555258e-01
1.510677324712269343e+00
4.164469126131018495e-01
6.988645140402923728e-01
1.299482991857050518e+00
1.457743449423309468e+00
1.117697192280648233e+00
1.644926724089824877e+00
1.053789346541085470e+00
1.519569158445545520e+00
6.438225305886072780e-01
6.213749376134829472e-01
9.137127448691284570e-01
1.986928935773982552e+00
4.399156116009462769e-01
-3.239088986551752480e-01
-2.690653784851049918e-02
-2.841440173344808029e-01
1.408465255156270857e+00
1.192954023921388162e-01
9.287721114058814509e-01
1.117988683495034552e+00
8.290611831789843622e-01
3.280515881568970560e-01
6.040992600923107692e-02
4.521768634600529246e-01
-1.003074629310680921e+00
5.631164309487972641e-01
6.688754469559462512e-01
-2.794412118983813365e-01
1.028084873275692424e+00
7.208899219207347553e-01
6.119409773816985032e-01
5.549590554112500129e-01
6.523376197968757673e-01
5.852771069762707778e-01
1.005774955282117133e+00
-7.610817236477157577e-02
-5.199182766819239188e-01
1.104257271987540090e+00
5.183179985603512119e-01
7.096776414655747711e-02
9.591648898786866440e-01
1.498231145729129965e+00
1.258386182926919394e+00
-2.990441267134474890e-01
-4.917237955848825504e-01
-5.240125270387387818e-02
-4.169752421908899942e-01
-2.934536562112930458e-01
1.229870711682266471e+00
-5.662510699146783288e-01
7.281271106493388823e-01
1.313209922947576436e+00
2.788691902324519911e-01
-5.444385262233732148e-02
1.416234402895049538e+00
6.675303786992856092e-02
1.648558533184207864e-01
1.028608919900518393e+00
1.603883318729659724e+00
8.541699589631498446e-01
3.333490659626365815e-01
6.344523088666245147e-01
1.573448275302412602e+00
1.341031335157405691e+00
5.025199710399580466e-01
6.819832322319854256e-01
7.558717701696734959e-02
8.244083429260152807e-01
4.982629229953006167e-01
-4.462880426305816384e-01
-6.051381166940461576e-01
7.445741506093627171e-01
6.391348905803678759e-01
3.091332823369918881e-01
9.023994183917417589e-01
7.336295315882084278e-01
5.349076058714012927e-01
7.096270087475911037e-01
1.057416747694688075e+00
-1.072792721229247348e-01
8.123134172921794849e-02
7.855004659557870417e-01
6.322176821615955733e-01
-7.617509746612591282e-02
5.832171780014260287e-01
1.471176782518096582e+00
7.042320230454875984e-01
1.270467069542023264e+00
6.336351500503524248e-01
8.160502905560058640e-01
5.009107761387652236e-01
1.248897165195281822e+00
1.643445731311690972e-01
-6.189802028200421802e-01
4.555140161221896689e-01
-8.120011481919320318e-02
5.387021338715078933e-01
8.696884348647826446e-01
7.986789642687950330e-01
8.319394703166616001e-01
1.151700576502209694e+00
-5.265396489306954919e-01
-2.318897037503853120e-01
-3.637614156778138930e-01
1.789731264365935992e+00
-7.594451248829527101e-02
3.911160298434853133e-01
1.360829687979508318e+00
2.602790073567383122e-01
1.027314422935866611e+00
5.443204188472932081e-01
-3.049989204380609276e-01
4.179541805046603498e-02
7.810992112451098368e-01
2.947990056037184115e-01
6.694040049245588708e-01
-8.344037979113916315e-02
3.180919729149793151e-01
9.955147476752232993e-01
1.405281779126311692e+00
-5.491087424946464735e-01
1.732120438696902909e+00
9.388295044695359193e-02
2.049941035284589819e-01
2.640398996600646919e-01
8.432588604325500503e-01
6.013392623952714677e-01
1.773701369623171376e+00
-3.843711791560961433e-01
-6.741659556277262988e-01
9.559534523853207011e-01
1.557741417437792597e+00
-5.151512370583661848e-01
3.041604939704549149e-01
6.812518838686291156e-01
1.206428363258819081e+00
1.490340451973894975e+00
6.896768687199275050e-01
1.600260631449830440e+00
7.576747136366566160e-01
-1.230670048925259497e-01
5.496229176835331076e-01
1.442113884393307066e-01
7.498339607618927927e-01
-3.893879373271243172e-03
1.538121852663800970e+00
5.020135792981589296e-01
6.215945111298273318e-01
3.743981948882820765e-01
-1.958555404354633128e-02
-5.231113478529410277e-02
4.548402744369506312e-02
2.004549188258587453e-02
1.737865309937943081e+00
4.552725863995849553e-01
5.630047135626611299e-01
3.027498437909216800e-01
4.309955477555945103e-01
4.535341750991642162e-01
1.835999475768522182e-01
4.004041995932403064e-02
-4.635095811745884586e-02
2.834545557962288020e-01
1.080416931072197384e+00
-1.693715734903878112e-01
1.107307817880390122e+00
-2.699208159558046799e-02
-2.211776617322412375e-01
-1.020246912669164896e-03
1.095957780729925446e+00
5.604500446961964144e-01
6.207900500089569285e-01
-3.254731276712044541e-01
1.235024767244289112e+00
5.410351510756761240e-01
3.667917809389155681e-01
1.379199071201640203e+00
7.153710103587908042e-01
2.580593162914811556e-01
5.407372850707276024e-01
4.233137898601941895e-01
1.010414113789342760e+00
1.432248004240326722e+00
6.900458351306486549e-01
4.998510743158262604e-01
1.989270991063153637e+00
9.559668092582644661e-02
9.922073773338649927e-01
2.233146566333206184e-01
1.242864115309545658e+00
7.474665138521504604e-01
2.412741954555844837e-01
1.197306463682549449e+00
7.256243483420334872e-01
1.645888091657315311e+00
2.594040508953202040e-01
7.521404172680796751e-01
7.270938695014407260e-01
1.458429064820925269e+00
2.733232416872405923e-01
-6.349819893767396639e-01
-4.977271269168763168e-01
5.156387745226813646e-01
6.042476897242816669e-01
8.381871833006625527e-01
1.052301923299017838e+00
1.101554746267534135e+00
-3.939452342305440613e-01
5.799695400252212751e-01
1.079572279623361331e+00
8.620350019617669668e-01
7.481646579118212959e-01
1.253653478862964521e+00
1.168624902250446018e+00
2.509186332465631608e-01
-4.666802528882273426e-01
2.958816530012817747e-01
1.221447524216552616e-01
2.055690686783131049e+00
4.795572419204751080e-01
-3.664254771464124927e-01
-3.118836560840334560e-01
9.726766427588829922e-01
2.232580309201042112e-01
5.942468140595222881e-01
2.170959455407828545e-02
1.929250916411785477e-01
5.891511640892174717e-03
9.624800985171868550e-01
-4.017950606983843320e-01
1.890240087221828902e-01
7.687213041700462213e-02
4.607426923370814276e-01
4.608511500369253389e-01
5.519403094637800322e-01
1.053137396916131951e+00
1.587114623198948360e+00
1.308223038417098971e+00
7.288630660069994605e-01
1.497325182106503005e+00
1.368584394912777613e+00
2.373213792846204095e-01
-3.562664403163015026e-01
1.190925397602583979e+00
-7.012864529006362924e-02
-4.224989613903072372e-01
-6.511874110934288140e-01
-4.686853316536669922e-01
9.055872285964831070e-01
-1.831288938472672712e-01
7.597364534266733971e-01
3.438578377666693386e-01
1.642787981876967507e+00
6.087956456965567531e-01
1.572198210488096048e+00
1.900980542197913792e+00
4.249582302992598870e-01
4.846773959862676895e-02
-4.013229792397768891e-01
-2.325214231593087377e-01
-1.563274886805436359e-01
6.076636885792787712e-01
1.451310317386042825e-01
-4.709372453592683971e-01
8.107184432134416641e-01
1.109674232520823756e+00
1.361384017940840740e+00
1.734584030232250718e-01
-7.477128531290677671e-01
5.997627280340035449e-01
3.807928463157028709e-01
1.606030433563739590e-01
-1.589006359089936704e-02
-8.140628989624347500e-02
-9.883919438595356599e-01
1.707719528866226064e-02
1.586942878042112870e+00
1.232372454428993347e+00
-2.729451127118021625e-01
1.719657277170173471e-01
8.504070299419833612e-01
2.662755915587756150e-01
8.097330730495854167e-01
8.763841279200994538e-01
6.955134278195690412e-01
-2.146418098538815933e-01
3.585904273559610278e-01
3.966085940679073274e-01
-2.731436550339484404e-01
-1.371245965076679785e-01
6.749974517604715452e-01
8.955166373436772576e-01
1.092750688080460497e+00
9.535742243884711700e-01
1.773998122960677298e-02
1.237236205341172957e+00
1.124760571231893325e+00
8.009127713770496093e-02
1.539029950354330323e+00
1.688990168540484005e+00
-1.759965601344671282e-01
-3.045743366079690650e-01
8.533749698826541968e-03
9.541333648474978890e-01
2.713895753382993270e-01
5.062381739823345050e-01
-1.615228062705361123e-01
3.106804817159471432e-01
7.479101521719742907e-02
1.224679897647309001e+00
6.922877690292563724e-01
1.158721627784350394e+00
2.342558768130676983e-01
6.568004821338072619e-01
4.926836374806952135e-01
5.859450556806289345e-01
1.144371365543096486e+00
3.953810579225056077e-01
-2.984294694217144994e-01
5.074601838174582769e-01
6.006410329113318625e-01
1.474147342750809386e+00
1.485769058610064142e-01
1.173057981977857711e+00
2.073135792096116037e-02
2.414494755059066744e-01
-3.378064150097120355e-01
7.022425373282151773e-01
5.158259892579656336e-01
2.365843912717900677e-01
5.206085531473152450e-01
3.904471667478171537e-01
1.804964333731986725e+00
2.987835771584362310e-01
-3.678914346236929478e-01
8.106905294054174149e-01
1.187935785573438263e+00
5.960850301258818762e-01
4.321396623035097528e-01
5.372218633975276436e-01
1.254165263138841135e+00
1.394718230702062800e-01
8.315135801560590290e-01
1.176136431847705666e+00
5.571263694103818498e-01
-6.949628559726269694e-01
1.617110148540960690e+00
7.119718129037738708e-01
1.279965890222123592e+00
9.476370696107455638e-02
8.779303394001718441e-01
8.270613591568276579e-01
-7.249346329863586291e-01
8.714491119953676757e-01
3.872997379894042580e-01
7.158777624324986766e-01
3.386871420600232052e-01
1.355085888881959910e+00
4.607816686766961767e-01
4.048665070668952537e-01
3.252164247185720947e-01
-6.345841087801771252e-01
1.556921748859444676e+00
8.600755759492570984e-01
3.176704530743095778e-01
1.975478870333683135e-01
1.066742297621705582e+00
3.849526939157393857e-01
3.165733699858432337e-01
1.139664960835938823e+00
-7.265900405907389503e-01
6.120005188855224265e-01
3.433585788279735485e-01
9.233097693821635810e-01
2.170449762446545527e+00
3.208000467734755112e-01
8.739258352146043185e-01
2.889367796619424222e-01
6.184046474737696641e-01
7.732838709428268009e-01
8.869008299427735276e-01
-2.033026236814922394e-01
1.451406526860458568e+00
7.557923991088153493e-01
9.129505967851140324e-01
1.255031856009143798e+00
6.314342986412634362e-01
1.089211514749303555e+00
4.831161026949147286e-01
7.938476759211793299e-02
3.708415064277651579e-02
1.437722130621315930e+00
-3.449655845851695157e-01
1.332432729771064084e+00
8.910020133076956839e-01
1.785573525623513902e-01
3.267022447091856852e-01
8.487525012698966809e-02
1.050487605673148694e+00
1.993694071424741421e-01
-1.255385048684382610e-01
1.492830047892481637e+00
7.468550584964162020e-01
5.275532238219707848e-01
3.794339456880211348e-01
1.050829929746439850e+00
-6.598910519709713651e-02
-3.394063018595085413e-01
6.472890386303323806e-01
5.039696667961865995e-01
6.638462636806098383e-01
9.507060337825982976e-02
2.048040500448052637e+00
5.902921934700310347e-01
1.493780269359982205e+00
-3.922244179407528009e-01
9.732029987074075628e-01
6.002720409872347451e-01
1.888536537612366950e-01
1.111118192208249589e+00
4.956895024995481847e-01
-2.268050283817897306e-01
-6.521097315397117455e-02
1.116307250013545804e+00
8.203104415371869074e-01
2.720762086593677687e-01
-2.097532330876429318e-01
-4.586390119260346648e-02
9.427188957775972655e-01
3.212231105459703029e-01
3.423299424939595381e-01
2.107747144781095816e+00
-1.823227148393565811e-01
9.942821950575067014e-01
4.519147587736595251e-02
4.051149684627111669e-01
2.049118732153364375e-01
5.413676943318128654e-01
2.663988625440644187e-01
8.959750140074964619e-01
-5.600062461815235038e-01
1.134019036314597217e+00
-8.349533917839716546e-01
1.759269375220156473e+00
3.209859124844794409e-01
-1.060248740498976661e+00
1.352863486429295881e+00
-4.712731765388639138e-01
6.632990126815712095e-01
6.657572586708042361e-02
1.538009301667171203e+00
8.501982584928695630e-01
1.112884057638437341e+00
-3.594289383954779038e-01
7.326376392863819254e-01
6.099714783039305033e-01
8.041440806571227284e-01
1.119513751894375853e+00
1.679276876514874672e+00
1.153906179621388001e-01
1.227348405696500055e+00
4.355045784729251190e-01
4.851143436881220627e-01
-1.534020591264473321e-01
-5.936242093860576441e-01
-2.356025112739784100e-01
2.720155007057485919e-01
8.726631992247277925e-01
-7.330560646191089935e-01
-4.666661890199049756e-01
8.022538551275549823e-01
3.020381964117824780e-01
-2.967778208780235683e-01
1.828317170612890230e+00
2.050315412144622762e+00
1.157035692711992914e+00
8.768865941745601633e-01
4.486601958150778779e-01
2.630031334540283705e-01
1.086246306404651030e+00
1.247650052076473004e-01
1.054399167149621119e+00
9.062834680775245788e-01
6.756428312109004075e-01
9.423038556953495792e-01
-4.262574000784666861e-01
-4.198502737406518692e-01
-3.835064912254475544e-01
5.158177466361218988e-01
1.036930542058391858e-01
-2.962907787894024647e-01
-5.843570842255293440e-01
2.239122373484016548e-01
-4.679397633635445919e-01
2.981150914737147883e-01
-5.302957015408272801e-01
7.770324743825377523e-01
-4.645869012082937122e-01
1.068157022999888239e+00
5.882654966662418383e-01
4.334744684559652672e-01
6.182373297874259599e-01
5.458547673753224583e-01
-1.776722115627446252e-01
-4.106938617320429197e-01
-2.293723709261734703e-02
4.850091483209667542e-01
-4.325322517396001931e-01
1.440111021191471385e+00
-4.454086078839589735e-01
-6.097914278604632532e-01
-1.912180242280042339e-02
6.297284712389542571e-01
5.721401376909843739e-01
1.294081725714401498e+00
6.015167224323244577e-01
2.885782373356094999e-01
2.411586581918745420e-01
1.330402084927159834e+00
1.082222413564066121e+00
1.227352677676385229e+00
5.165201690471197260e-01
-2.453487140018653090e-01
1.849242573745993878e+00
4.838725365634245490e-01
-4.552686675705343577e-01
1.663482717221215434e+00
3.703661022873555031e-01
3.581988879360982758e-01
-7.501042922577175753e-01
1.488812337387320106e+00
-1.474739636041592916e-01
1.140738213143337898e+00
-1.313673363883299805e-01
2.940719490229682376e-01
2.038531240798513999e-01
4.672469348907240527e-01
7.918761707422815599e-01
-2.925223666236918818e-02
9.982494882111462298e-01
-5.415295800495143475e-01
-6.238776433997774568e-02
3.529881628791695092e-02
4.367588353716500005e-01
1.395862791241489154e+00
1.298583562467106267e+00
1.258140942224248215e+00
3.662696475807096785e-01
5.109184497004445324e-01
1.298993083693747108e+00
-5.118461177235783532e-01
1.652796768317508880e+00
7.539507221876078358e-01
1.471634283438802704e-01
4.584885955645243705e-01
4.613859725266944434e-01
1.651298660053366341e-01
-2.643177534561769182e-02
-3.178828685022057066e-01
6.915975937193891143e-01
8.202783067755667901e-01
-7.011356901527016072e-01
1.007793345786109462e+00
4.010050401712241808e-01
4.808211522836884355e-01
-7.359167097719393480e-01
4.872647840184356482e-01
1.493997896945103765e+00
-6.722148197845724538e-02
-3.959093023019198410e-01
-4.862502387050368635e-03
7.668713330183116739e-01
-7.691566290368793135e-01
3.780447326881642423e-01
-1.760008031791373551e-01
4.731271201605544707e-01
1.783014914542024432e+00
-2.351536106628738243e-01
2.494518212879400787e-01
-3.006823867111327875e-01
3.085712388382235161e-01
8.622419343010621073e-01
6.967620345255691738e-01
5.446833015559471303e-01
1.045027534694062510e+00
1.496436438905817679e-01
8.153811998854709753e-01
7.699187219439853624e-01
-6.807812367308880841e-01
-1.856942177060997290e-01
-1.299641314510977808e-01
-6.167111192400925868e-01
5.462800256074736849e-01
2.043222908061953225e-01
1.175959225895405469e+00
4.872905027080982610e-01
1.153260070649629210e+00
-7.392379555497305965e-01
-2.683388760866074474e-01
3.562692147199184034e-01
1.862421051219230517e+00
1.869643073238381747e+00
1.507806282959321953e+00
7.975566468806526421e-01
-2.622925247651874958e-01
2.387206070910806166e-01
-1.342060923918514947e-01
7.619407901361214819e-01
-6.115305556492438566e-01
9.418478999812118779e-01
8.648840899449998787e-01
1.873948695297501799e-01
-1.624112955017522064e-01
4.799482496390545250e-01
1.145016275437739095e+00
2.285040060861885658e-01
4.488088104793083177e-01
5.174339629865802870e-01
1.253173365490310998e+00
8.328833896432964456e-01
1.206333172352362038e+00
8.424097096309518529e-01
-7.026949419082066939e-01
2.814220101679455466e-01
1.348186031926117412e+00
7.037834821841115751e-01
-6.703499960990932927e-01
-3.965853326421218128e-01
7.474988194989454771e-01
-3.456177920286827160e-02
1.197670066835715197e+00
1.292121964570873471e+00
6.209962493206531292e-02
-6.086576107739425368e-01
3.283651785966182901e-01
9.360486126233215076e-01
-7.048671829362326280e-01
-1.036740322259464220e+00
5.730979719842913545e-01
-4.654840059902604077e-03
5.906632601010572969e-01
7.279608502813337267e-01
2.715920222269447293e-01
6.092580612406511831e-01
-4.628700230469379173e-03
1.591806047504233379e-01
3.195085721781908417e-01
-8.795065191894856083e-02
8.976485685450728003e-01
-2.780879065266254613e-01
1.485630372475205796e+00
7.107993731160616724e-01
-5.565755759335089259e-01
2.981702083177295570e-01
9.056489802989814430e-03
5.340096712191502171e-01
5.495000176372828449e-01
1.412046538056492828e+00
9.706367018595725149e-01
4.486165963266660062e-01
1.256565126704720647e+00
8.559840664070695881e-01
3.959647536479653507e-01
8.196761338612024161e-01
1.696297944194796736e-01
6.089534117183613704e-01
9.543105681171313304e-01
1.136703030631406097e+00
1.176786650976850146e-01
-6.916315433345081309e-02
2.450603889621520981e-01
4.706032938883557004e-01
2.130079572747848038e-01
8.544349712536694064e-01
1.240901693560856556e+00
-7.484692677558187901e-01
4.470381792005488353e-01
5.194453279394203316e-01
2.912581185771985770e-01
7.597326358345712904e-02
-1.104463994821235084e-02
1.099867969024853176e+00
4.982268742510493897e-01
1.025088427859629725e+00
-2.020314339085288180e-01
1.490332428102572271e+00
4.474920408390974380e-01
5.411086671082684374e-01
4.461583899554143473e-01
-6.103600411944311022e-01
2.394145294797343504e-01
1.166266348369597639e+00
7.215963551390615072e-01
1.209765898815421625e+00
7.612986195993171057e-02
6.229955871377497179e-01
-1.143921501534651775e+00
1.112549337602026789e+00
4.895823435385916467e-01
4.666231754035887747e-01
1.302646345942649608e-01
-7.379010797066740124e-02
1.862250988522381911e+00
6.626204186005025809e-01
1.421546077258835084e+00
7.104455750006225534e-01
1.808659750976116198e+00
2.302304678493027057e-01
1.107938048295153077e+00
-1.743420148272530334e-01
-6.561388370950020921e-01
-4.146458481021242370e-01
7.126577756718958101e-01
1.294751238541663962e+00
1.398695639532069768e+00
6.154455593638349375e-01
1.012375885540686582e+00
1.233126369849815440e-01
-1.932088479225734234e-01
-2.046896300913748634e-01
6.783141434843554807e-01
2.705196284053252298e-01
7.578305780984697648e-01
-9.374509418585059983e-02
6.054177779292294614e-01
6.852524756514402071e-01
8.528827766047709924e-02
3.782141841928414738e-01
1.473594628261215289e-01
6.169034392681928963e-02
6.300623564013025923e-01
8.063238286300428159e-01
-1.011559631145841354e-01
1.007098577646222903e+00
6.090948323743300419e-01
1.187569378707751699e+00
5.041636700583109754e-01
4.380334902681677356e-01
4.181902877101674743e-01
5.236823272247027594e-01
6.013044040799943035e-01
-4.146455554070944266e-02
-7.152199408594270835e-01
4.867899513837712355e-01
8.489923467062464590e-01
2.019721313650856831e-01
8.185339601455019487e-01
-1.081302469179385106e+00
4.317267655173877006e-01
1.055800390545973855e+00
8.783865633543088691e-01
-5.136723731298060702e-01
-1.929349412270361941e-01
1.297986881833716133e+00
-5.405994801654261384e-01
3.001717478414010765e-03
-1.316043434155939884e-01
-6.041983684229593754e-01
-4.302709096919960507e-01
1.648523615690559829e+00
-8.839204314951485397e-01
9.998421867200938395e-01
3.503934420107113756e-01
-7.223869258977060059e-02
1.043344430356360597e+00
9.965808833355678242e-01
1.209900241191172565e+00
-2.292460727537106446e-01
-6.870866780871783819e-01
2.088074447772471087e-01
5.343753539293220056e-01
1.182663211555385674e+00
-3.787299970528348880e-02
7.744160064490959172e-01
-6.283772445038915411e-02
1.480520837345798701e-01
-5.786744542679537195e-01
8.017139660583459948e-01
5.514168636625120801e-01
1.794006868636566887e+00
-4.194606017423166411e-01
2.574479173533300580e-01
3.134993648887279827e-01
3.178407738167558505e-01
-1.164495310244668458e+00
1.020817770818762682e+00
1.285602979417327152e+00
8.685173991053775078e-01
-4.965533335132494425e-02
-1.295138837315855107e-01
-5.222779372106393092e-01
-8.160890810709083842e-01
3.383543585131844056e-01
7.409941401561417895e-02
-3.236813932378845848e-02
3.621336907717618292e-01
1.143828687851952797e+00
1.080752886728765239e+00
-1.080604094619170397e+00
5.059755734274373751e-01
1.287366877185903286e-02
1.123076656462655531e+00
1.992846886669772666e-01
4.287550242723190408e-01
9.774795254002819345e-01
1.194305640563746884e+00
8.921619522266711622e-01
5.769675643934866205e-01
1.517840737644558846e+00
2.982068921798933236e-01
1.604414362498617130e+00
4.189975107550653055e-02
-4.071687481474010051e-01
5.129762082485535002e-01
1.622406006643093979e-01
7.902657780143849120e-01
2.976910163799305065e-01
1.880789018655095957e+00
7.276117420661279978e-01
-5.938581304203213729e-02
8.001379481173562236e-02
1.382040768194314317e+00
1.496444101712761432e+00
-8.141466944560044050e-01
3.309161290216521834e-01
8.476896873059875936e-01
1.228667681254974470e-01
8.352768225378663924e-01
7.831917180640334264e-01
1.609636432535644923e+00
-2.351813223425638921e-01
-2.678433674390333641e-01
-9.998320835156188080e-01
8.634426727587335426e-01
7.189455697097756337e-01
-1.359762955404691387e-01
9.807984764517914122e-01
6.519135506599204044e-01
-1.053061719669254742e-01
4.085563510336617798e-01
4.385112025780126266e-01
-1.108872464594804624e-01
1.037744584980716311e+00
-3.125040906982700650e-01
1.448568686784843962e+00
9.000597777317096426e-01
-2.328841796607868386e-01
1.098953772058505196e+00
1.221643902472871135e+00
7.338033799427496895e-01
1.294281534298869829e+00
1.977523883971514129e+00
1.108796486530236214e+00
2.609746446671923903e-01
1.255766102957318053e-01
3.538921383063038384e-01
1.317128894716162790e+00
4.029217390717875213e-01
1.651163715874655935e+00
5.811049169081003996e-01
9.507285131783552723e-01
-6.921705414021289693e-01
-2.107556325985398549e-01
1.136712420495236353e+00
-5.376074589189793196e-01
-6.838535180425434762e-03
4.317987078621843833e-01
7.930460666175704887e-01
1.252800256116135547e+00
1.568228251469816481e-01
6.816737507134782437e-01
6.607713998216522278e-01
2.713258643580164775e-01
6.922092490825906275e-01
4.909694268822422658e-01
2.778387178645255751e-01
9.807663979619265365e-03
1.269408287112850031e+00
5.189798607450667456e-01
1.108539759311133466e+00
2.568127154699800796e-01
1.335151646241644174e+00
1.151029843655530627e+00
2.346285031369245155e-01
8.956407173355046547e-01
8.926578335637910255e-01
5.080248752247665811e-01
1.064472005874386840e+00
1.237303839746782153e+00
-3.502234706535586883e-01
7.483035962660586904e-01
1.793995546053664125e-01
8.199526383903364968e-01
4.442290542175689194e-01
6.701774749700180056e-01
6.394225005556698482e-01
2.693754730998931257e-01
-1.109676664109538580e+00
1.042430035266398880e+00
1.432590364633377078e+00
2.118002642064123364e+00
1.205534203323018527e+00
1.910847100645733376e-01
2.319494050951059483e-01
-1.574840505362735121e-01
1.562157696310443045e-01
-9.939768720459846163e-02
1.082225287652162526e+00
9.822760075309184824e-01
3.442540785053047614e-01
2.747504224002520617e-02
4.262709566972433528e-01
1.162391206665403409e+00
1.990984382634728989e-01
9.492760940113853518e-01
-8.086755286135834941e-01
-9.239548531416046373e-01
-5.821646970371958663e-01
7.016256697640753659e-01
8.862904258663445445e-01
-1.798307359650170301e-01
1.183058028029884412e-01
9.921676204008113009e-01
1.338919214825307513e+00
5.949672392005831423e-01
1.873849293083772904e+00
-4.568589906596922101e-01
5.088093794906981548e-01
6.322845003582873158e-01
-1.564331950575759134e-01
-2.755176909168968180e-01
2.928843496559245807e-01
-1.961019381924590244e-01
3.433116791927379730e-01
2.696470370057231780e-01
-2.742953055032256726e-01
-1.394997986583002836e-01
8.061617532502788341e-01
1.540894278676133933e+00
1.907752361783797423e-01
7.761280317910234094e-01
1.564405828316280500e+00
1.537069919126258899e+00
9.414608770363289691e-01
1.524845268402614251e-01
-2.420393549232910391e-02
9.843599676262783094e-01
2.902202316589623798e-01
8.160622347325104942e-01
5.237841948972995487e-01
-2.215014831203259149e-01
-1.742184725337447143e-02
-3.852892375879822806e-01
1.314531426224553101e+00
3.775493455554149169e-01
1.211538985555032255e+00
2.209967558487774819e-01
1.002254252195700301e+00
9.714509633924988119e-01
5.226199936589612793e-01
-1.441496788557637965e-01
1.467866285958777661e+00
-1.633028941684652735e-01
2.576184781476563157e-01
4.692610014439574373e-01
1.957056374075702432e-01
1.083680033587090863e+00
1.166055610555459809e+00
1.400571285635454633e+00
7.474141971177925559e-01
3.170531286907178892e-01
8.985665447895132552e-01
1.034439385206802342e-01
8.227243919644460224e-01
1.164166482518322665e+00
4.007710087527736054e-01
5.391060453129656871e-01
3.704057058181094431e-01
-4.979100434469846959e-01
5.349637917805836196e-01
1.078874873218355734e+00
1.325555573547965160e+00
4.087213961516014682e-01
6.058650008462501679e-01
-3.616488631548787080e-01
4.117306917629728891e-01
1.081548563346826031e+00
4.728784851612876095e-01
1.056965232096273688e+00
1.488794971702802838e+00
6.733313530810439151e-02
1.151765010708663883e+00
6.171633503108236996e-01
-6.549748360884721787e-02
3.347939354741133466e-01
9.303917473015090867e-01
9.319069750485570180e-01
1.579223920379638990e+00
-1.736458150048299509e-01
5.928325007857703222e-01
1.357229479466698141e+00
-2.079285811993069610e-01
2.808172759742455504e-01
8.925179698877512280e-01
8.903994309243044025e-01
1.497177264231532412e+00
8.981001879763187423e-01
3.419486485561633038e-01
9.754591167634552029e-02
2.674819510483010254e-01
3.053228805882925445e-01
6.593989846884404926e-01
4.500647790218521571e-01
-5.106679601789868017e-02
-1.598682127110139517e-01
-3.733747545936274559e-01
6.843902024670963646e-01
2.605760114262007515e-02
2.831717112817540571e-01
9.862013210554564091e-02
1.727813918754107780e-01
-1.293464176507963526e+00
2.315793641348785625e-01
1.232624494589870334e+00
9.049106202239528551e-01
2.026643753255442382e-01
1.399348521297133496e+00
8.183812632536719561e-03
8.373539391272517562e-01
5.494948372354034882e-01
9.916592805425555879e-01
1.471254292514554640e+00
1.343508048625323470e+00
1.029738612801091469e+00
1.980033015768855806e-02
4.970291000457388586e-01
-1.469554083486092066e-01
6.827184960502360456e-01
3.485741190124044819e-01
5.175025482004567134e-01
3.076726883911339305e-01
3.503186877585808823e-01
1.071920391435028819e+00
3.325211091221343951e-01
1.752242307164015023e-01
1.068225240141424254e-01
-5.748873564692873472e-01
-1.881071121150986736e-01
-3.805188382632948008e-01
4.420775804330488445e-01
1.597345793902313460e+00
2.094355223473406635e+00
1.654091807289354232e+00
-1.126394722809516413e-01
9.146883648346632034e-01
9.923961359729883691e-01
6.321995500979846749e-01
-5.990601447838455468e-03
1.294952478726949074e+00
7.207308867039411426e-01
9.622592000884624963e-02
6.396397654994613324e-01
7.850579577042718915e-01
1.269949934428189042e+00
4.683390734083731632e-01
1.680980239672887899e-01
7.523142170839288712e-01
3.977433285044525424e-01
-1.125246642798359981e-01
1.138803477019497024e+00
3.073293317051551954e-01
1.271272567502019113e+00
-5.078276697403464324e-01
9.518252203056596361e-01
7.420378388231638755e-01
4.014843793590108234e-01
1.151584061893930588e+00
-4.045143464774260122e-01
1.427222098096166958e-01
5.611281192323400724e-01
3.894221091391422140e-01
8.327169090753516745e-01
-2.605009797627253487e-01
-5.761369406812250071e-01
-5.595107594695240133e-02
6.245247669264282209e-01
2.759207056785585865e-01
5.750339687655703358e-01
-4.213478050219273685e-01
8.257424799671453375e-03
2.668638943075085090e-01
-1.844679672803397341e-01
1.475410590610301664e+00
2.969122021082447049e-01
1.439505013992138822e-02
5.907698360530200254e-01
1.218346772085726615e+00
1.317901017911233819e+00
3.152751705841772556e-01
2.270113089768002745e-01
2.076045793502279135e-01
-1.644249813461152732e-01
1.540093696710093552e+00
9.507319425778777422e-01
5.208305784877618194e-01
1.515709162819419697e-01
6.904738325580734859e-01
1.043532327505710677e+00
5.406654519410070137e-01
6.484558235708238749e-01
3.147367619736322064e-01
4.024020491712489989e-01
-2.432802499782945049e-01
3.806126161600507929e-02
-7.817461240317238325e-01
1.155217092007468249e+00
-2.012002946123550295e-01
4.632834880980973846e-01
1.628185040146016505e+00
1.192141852968306326e+00
-4.065864456441857233e-01
3.757477377074581737e-01
2.681041951764041031e-01
-6.382883234772959158e-01
5.004673007827722397e-01
1.303862047325541562e+00
1.016320390377434713e+00
6.506208623821614356e-01
-2.768344492464938633e-01
-8.776166433169732550e-02
9.065696015022610688e-01
4.387053706670362430e-01
-5.105869839338503802e-01
1.118872459825339449e+00
7.139622575411352923e-01
-1.135091126652434834e+00
-4.144057300037648495e-01
8.377480879659739976e-01
5.312327697989503994e-01
1.167031093942388464e+00
-4.530655161675377351e-02
1.328051401885363525e+00
2.314576663729435435e-01
1.066543979936826148e+00
-9.334302265623589667e-02
-6.987548182380649564e-01
1.221947748642543630e+00
1.209520486224007763e-01
1.042480554974100082e+00
-7.600643673266311851e-01
-1.406653716453194480e-01
1.950439016116978508e-01
2.706975311553715957e-01
1.592078385935770946e-01
1.979443928196427338e+00
-5.834230151530436781e-02
-4.871389948087587740e-01
7.863945395881453138e-01
1.419896783927992123e+00
-1.215319301298381505e-01
-8.228486428376665662e-01
3.483802584975895233e-01
1.054677310589889228e+00
7.984300512136834893e-01
5.537841048692959678e-02
4.675928227760723921e-01
6.529508996340601668e-01
6.857049235334182757e-01
1.274982455485283106e+00
-8.125139430382579686e-01
-4.736790529384535819e-01
-3.837551518180960519e-01
-8.850583119186059555e-01
1.112008227713998654e+00
2.102725059607236102e-01
7.943772783787074188e-01
-1.881624217093322282e-01
2.246261453318880441e-01
1.549586856562271686e+00
-1.131064545914146485e-01
1.276495229182408875e-01
-3.317863650875595427e-01
4.426494433438658560e-01
1.512458406944173328e+00
3.163230976781134657e-02
5.821800536841368334e-01
7.439846483743072225e-01
5.609110837940128880e-01
1.100122039893410397e+00
9.677021737448621153e-01
4.731082347999399640e-01
-2.413045117821637289e-02
7.458832642571612270e-01
1.045407878979227378e+00
9.085344627516280802e-01
6.219113439146009004e-01
5.305646781584502092e-01
4.685733874707905255e-01
-6.388381241186715798e-01
3.047454440257859054e-01
-6.797936889561974061e-01
4.223981702380668057e-01
1.175357221220120624e-01
9.726820209861126720e-01
4.254513504988506334e-01
8.047155306899433924e-01
1.344444488002117903e-02
1.427148563480389043e-02
1.189045554010710326e+00
-6.590063290752774527e-01
4.787610971115631719e-01
1.818136896273703403e-03
-3.471760067064628696e-01
4.252806422788114604e-01
8.058738683078557896e-01
4.650973010093742421e-01
-1.041674694656730571e+00
3.520207350360958776e-01
9.825628885575179439e-01
1.131561025341769194e-01
-3.324458955434247409e-01
5.650579102603024984e-01
6.585542132955272132e-01
1.782182532718765922e+00
2.943751048974822537e-01
1.124797264544889375e+00
9.275732544854103923e-01
1.592769827413677453e+00
1.138515907699901186e+00
1.298437803155899628e-01
1.727737861406273556e-01
1.192899898280663784e+00
5.269933108085925744e-01
3.659473872381235338e-01
3.381573374046711877e-02
1.021771855050731981e+00
1.100358903190630899e+00
1.811176233942215497e-01
1.441306535981327297e+00
1.028992815400989969e+00
2.745145209995228930e-01
-3.199617234123909859e-01
-5.298978719388284242e-01
1.464783879036110958e+00
1.393984666220769997e+00
4.159629591994742359e-01
7.774293292785248166e-01
-1.413600425376194958e-01
6.544562194411689404e-01
6.999541120941534800e-01
-3.591486376757775933e-01
9.633485098845397943e-01
8.095600748845457328e-01
1.012765966930470496e+00
3.898707668526807391e-01
1.603944547226584527e-01
2.550133763205982840e-01
3.573669837827728180e-01
5.862103757576210272e-01
9.088521722999942654e-02
4.301512318047989725e-01
2.191879620635701187e+00
3.295411770646344135e-02
8.283931181337298444e-01
1.188294449663033214e+00
3.978705632190776553e-01
3.566137889368461988e-01
9.079997600186819895e-01
-4.446956020475024973e-02
2.550352871587546200e-01
3.078089239918240655e-02
-3.513974420305909438e-03
1.529723106651025288e+00
-3.775739877040935055e-01
5.286485435329385529e-01
2.441584785051851281e-01
1.842197300695831985e-01
1.383540186236241754e+00
5.597007235576003659e-01
2.853710686376979555e-01
-1.582751600279582727e-01
1.217442849242589054e+00
2.066886472093681926e-01
1.026718011071294123e+00
2.729413474004236950e-01
4.091920008151613830e-01
-1.316790473511322501e+00
-1.247534932002710484e+00
1.388221049985553623e+00
1.112704313116307908e+00
3.529745779934402861e-01
-1.274781921577445853e-01
1.043453992329524960e+00
1.585125270887180138e+00
1.385376763162118996e+00
-2.610449109802185363e-01
-2.157799763167936313e-01
4.847993314533418086e-01
-3.301032889708850893e-01
4.090113064836964352e-02
-3.564123650948112232e-01
-6.853342841762731508e-02
1.407584708921380656e+00
1.433692644433823826e+00
-1.711052100971999501e-01
5.383809035603537296e-01
8.561280974852509829e-01
1.071852451541678519e+00
7.843485338298060716e-01
3.654576738837190808e-01
-9.075779299707964487e-01
7.461555500155340193e-01
1.112191005915329933e+00
-3.646576900539630350e-01
2.093132965864731021e-01
3.547873522180677308e-01
2.277869598773066551e-01
7.806176721279932673e-01
9.349806683825138132e-01
3.017263522337855219e-01
1.045097164294380043e+00
4.145560428332996372e-02
5.505585309529757998e-01
1.026155403909425390e+00
-4.645433861750367099e-01
1.242164530601484129e+00
-3.045490612758756932e-02
1.116387004036523578e+00
5.397903587283168214e-01
1.008032045720208825e-01
1.028327785464735911e+00
9.453845034557122329e-01
-4.143340912487884498e-01
1.119801610033889450e+00
5.933263758500425533e-01
8.756953412483605703e-01
4.988254561179605306e-01
2.919420708611631179e-02
7.167987694565082224e-01
1.665736759019080582e+00
-2.524392180462933788e-01
1.366039085912257978e+00
-3.149063862626177990e-01
5.746647977112060435e-01
1.014897921488331356e+00
5.618270920713236416e-01
8.364398162159714101e-02
2.177276056511753821e-01
-3.583367948128212688e-01
2.416777283434148049e-01
9.789469034194289154e-01
-3.507003601006745269e-02
1.348062529924132891e+00
-4.516425055012540657e-01
1.358078186555419675e+00
1.044511738568786319e+00
6.673036057858027226e-01
1.073664839374090851e+00
7.490292392237615227e-01
1.052784958392665449e-01
1.183926320710699587e+00
1.464011782614281998e+00
6.961880698553211955e-02
-1.103052773448787827e+00
3.812587158819359945e-01
8.173196468426229266e-01
2.908660078396096971e-01
1.077895714475044953e+00
-4.614731472797100609e-01
8.898974375273547288e-01
6.278732029040826612e-01
-1.434050300174929266e-02
1.541220243920498723e+00
9.725180347390536273e-01
-3.544255456041207897e-02
-2.679946159535171596e-02
8.213231927147057743e-01
8.482984728120505080e-01
-1.398393727412468590e-01
8.623371281576773795e-01
1.817374797852949309e+00
1.073055362053177086e+00
1.575006260282875603e+00
1.009345868601556173e+00
9.203218193914477485e-01
4.933771120973343138e-01
-4.145509940864884890e-01
1.067169087213084566e+00
-5.979574187768932347e-01
2.244089107365934421e-01
5.127464548040188141e-01
5.323607880125993397e-01
6.645465073946632550e-01
4.113053218158640445e-01
9.924499010449958636e-01
1.179304670916362818e+00
2.798536573383321180e-01
-2.945615655167805325e-01
-7.038464549997250908e-01
5.505069471535866121e-01
-3.511908926225000838e-01
-4.339478781871911051e-01
-2.025711957382829442e-01
8.008134904643681162e-01
6.811321764277256108e-02
9.578579445728689912e-01
-2.318107365910312689e-01
9.275574908765786553e-02
3.337352001046192673e-02
1.377707474629889184e+00
5.082662063659374452e-01
1.702866888315480998e-01
8.927801984793792833e-01
-8.197950211476542903e-02
-1.459898640912659085e-01
6.376150967785363388e-01
5.242368737396589928e-01
8.816581795525275655e-01
1.497658325396737489e+00
-3.065420517454421345e-01
1.490371670493960687e+00
8.849916924644142258e-01
-3.476192402463290643e-01
1.044806302849240476e+00
-1.395399629920836271e-02
5.762004936522242549e-01
1.547520833426363263e+00
5.760988138807396908e-01
2.204383256343680042e+00
1.301043258897830679e+00
3.274991874839517925e-01
3.454068092262349010e-01
1.123019564701590589e+00
1.299790840941135395e+00
3.625646308191687317e-01
-5.697200930296495436e-01
-9.051102976114440146e-01
1.725674772580785277e-01
-5.247557713565221826e-01
-8.250865060257269734e-01
9.118099035531507246e-01
1.452319908585362862e+00
8.554364290235622059e-01
1.143013218777522017e-01
6.696647947895115194e-02
2.975349187793668859e-01
2.741095438927857453e-01
-2.046154887276653567e-02
8.036361172009193199e-01
-7.274553243209321840e-01
5.399586478256256372e-01
-3.852760639620116390e-01
9.363968123217437656e-01
-5.123037231437885808e-01
1.069838850635976168e+00
5.754542368512244321e-02
4.312098702889872182e-01
1.070270355014846464e+00
7.424480461568402356e-01
1.667102442942687501e+00
5.272831157965069959e-01
2.831120228075685308e-01
1.221634852952372841e+00
1.406068398731781244e+00
-6.784765281118180225e-01
8.545907395474017232e-01
4.468820903271355505e-01
-4.185745903171658178e-01
-2.362275926307911278e-01
-1.186462610961572101e-01
1.063183396239804068e+00
1.073273673338975692e-01
1.115592660984986217e+00
3.159460226851014131e-01
1.179392047271371258e+00
-2.867788564230688286e-01
3.812168018924075308e-03
-1.241881065932144701e-01
2.234163167429285002e-01
1.376265271572306492e+00
7.013515979400340994e-01
-1.106343059440909327e-01
1.437735838734629956e+00
1.289927310164754815e+00
3.261604692496548885e-02
2.907733712505170542e-01
1.555447249712145208e+00
3.476584715612490162e-01
7.774861760754095408e-02
1.464796629419344853e-01
-6.221096173488177561e-01
2.646781553453388391e-01
3.941888254091339694e-01
1.668632346656111209e-01
9.891643181394502715e-01
6.858714272976682569e-01
5.055823218960614485e-01
1.914475246101690065e-01
1.281733392322360165e+00
7.239354141087158689e-01
1.007837727287435037e+00
-7.719493813323199394e-01
1.356249135015065610e+00
3.331397410820829408e-01
8.889970239800950580e-01
1.141324007843673050e+00
9.764389555114264541e-01
-9.707705619867623703e-01
1.145983314496658245e+00
1.703391955824555826e+00
1.564216933236114437e-01
1.690254191464054756e+00
-6.694870281117578648e-01
3.857881224585090613e-02
-1.500304691582013406e-01
4.127194741175985171e-01
1.921801309847246675e-01
9.002294067613558770e-01
1.674990689970291990e+00
1.345412593854860894e+00
4.208904215752932720e-01
1.224383562551525806e+00
4.617256883611978724e-01
5.800882583886428634e-01
1.518170771673525321e+00
3.054016014316791594e-01
3.248358686418316155e-01
7.025793365381657329e-01
-3.339465962926562725e-01
-3.343410534612635820e-01
1.261730977634892614e+00
-4.969189342424031874e-01
7.585660926111910118e-01
8.344866209694464798e-01
2.053441670660197671e-01
2.004042028576917378e+00
5.237907299468477218e-01
1.652830312038698013e+00
8.849272941696273431e-01
1.294587880040362515e+00
5.578382912977024599e-01
6.057426776409311486e-01
1.122496410750641882e+00
-3.561102800719113115e-01
-5.478370756953084841e-01
2.514415286246209358e-01
-1.032732994718708941e+00
-2.166428170042312973e-01
4.683871013952891627e-01
7.993965545223219449e-01
2.247868477321742220e-01
5.109770138873769296e-01
-3.868241923334552190e-01
3.239013027583002580e-01
9.133575678708398815e-01
6.705642987938326138e-01
7.619331042574393198e-01
1.157296286478133540e+00
1.372195620506642788e+00
6.479702241988058997e-01
8.886005078426302273e-01
3.482337842657063920e-01
5.847418025335329173e-01
2.145847734979465862e-02
1.656053182259154266e-01
1.196968314101484188e+00
8.471432522386659336e-01
6.539042058367227073e-01
8.846441897476028382e-01
7.184341003669851844e-01
1.054397802458460348e-01
8.922138213694716935e-01
9.608796907593959435e-01
2.590595370230775463e-01
3.570362945230943774e-01
2.954624352676875620e-01
1.089468817602761153e+00
4.855974992763231746e-01
8.158895122504790098e-01
-1.948950157730311161e-01
-4.297188929288870418e-01
1.615609151830846191e+00
3.981340682891024718e-01
2.813282220793077437e-01
2.849278228736332741e-01
-4.092111276700529515e-02
1.547473930779186047e+00
1.913973632857897567e+00
2.683979013341130093e-01
8.430054589460936887e-01
3.322625766158419647e-01
4.571102068997854317e-01
1.606604024933348418e+00
8.516046304852740167e-01
5.479687362523987249e-01
7.052937497544736756e-01
1.752015484936833900e+00
-2.306514957157210222e-01
3.701015448715557210e-01
4.599327261307555870e-01
-4.939732212932587685e-01
4.469043193926713342e-01
-2.886194450467147732e-01
1.485915059557991080e+00
5.539156561388295374e-01
5.696235662419132373e-01
2.713179480776897190e-01
9.396245171961745690e-01
1.318196900164849028e+00
8.348496892817657278e-01
4.314714942820456201e-01
-1.041276944733148385e-01
1.157870824840482982e+00
1.199840178520273498e-02
1.569828087359967650e-01
1.999662782190256283e-03
1.798417112463092771e+00
1.916575504759378656e+00
-2.841161755944053291e-01
4.625640467495091279e-01
4.693320184603556600e-01
-7.597813643330036948e-02
9.422452409216414138e-01
-1.217563898185755944e+00
1.065670567889340559e+00
4.859792574249949815e-01
-4.736157212098666136e-01
1.578376278409258648e-01
1.029213059293733190e+00
7.632701352336970224e-01
1.621999017259456499e+00
8.225645004704120744e-01
1.204713519808284117e+00
-6.915296895516098719e-01
1.247028497031355876e+00
4.648123538242948105e-01
1.705704518730366548e+00
1.344438193900863165e-01
1.501669104507730612e+00
1.741510049692668538e+00
-1.643351630689864618e-01
1.162928090961808714e+00
1.671977067718900534e+00
1.998180758491288955e+00
4.297884867550783583e-01
8.140240391721426105e-01
1.077187573492450534e+00
6.438433838007776577e-01
1.150621731810972381e+00
1.408750056502640624e-01
1.284146142978726257e-01
6.271320810455516259e-01
1.782369034001862529e+00
1.269303707769433576e+00
3.643850667167447543e-01
1.184736241949866931e-01
8.813627923072901715e-02
5.617252003633307345e-01
9.182560345877802677e-01
5.467016073320929426e-02
-8.448857576695120719e-02
1.458007693535609661e+00
2.962592700700543147e-01
9.972462820015983720e-01
9.054089065922742430e-01
3.738330568615818583e-01
8.150973399235796890e-01
8.583051111663635435e-01
3.423815517080022186e-01
1.079358148614617985e+00
1.160687372992933675e+00
6.965227752158581476e-01
1.351961523081286476e+00
9.648193065550741271e-03
1.694388865843399206e-01
-2.812375579679305959e-01
8.761478666355160261e-01
1.808563126532174214e+00
1.426060417383165024e+00
5.217051016830573928e-01
1.020194168365160303e+00
-7.332323220531923313e-01
1.474570391603233999e+00
7.665945520484002129e-02
4.464090578679241750e-01
3.270349537596347056e-01
1.391390045687768584e+00
-2.221290576322863253e-01
9.562160495644529412e-01
-7.217822254326220488e-01
4.252749684886498738e-01
3.299755243590941634e-01
1.430300994689862826e+00
7.884066026623610668e-01
-5.109072703904299351e-02
1.397516318008091618e+00
-2.895037692761994186e-01
-4.239358058434194443e-01
-1.013638436628866435e-01
1.443433352900159283e+00
-9.970157298480809560e-01
1.287693216950729358e+00
4.349910678012551823e-01
1.281917572939996752e+00
1.174228663268852779e+00
7.724585612827664649e-01
1.393991023507513249e+00
-7.542452059492072980e-01
3.691517460224749136e-01
5.296559227682208215e-01
1.579848916577424989e+00
1.351814840201971180e+00
1.211731988199043153e+00
3.459892020485573205e-01
1.021193999537546304e+00
-1.476427596099862682e-01
7.195116473728160877e-02
3.995552027647414350e-02
-1.891176397538511800e-01
-4.644466866288284868e-01
2.303783742792878675e-01
1.434162318281363868e+00
1.374090946555077242e+00
4.798706305266937089e-01
1.190836499162406525e+00
-4.630028342261693353e-01
6.845346748120239022e-01
-1.187854883327045669e-01
-8.894770743501207999e-01
4.950117539130538535e-01
6.850600777234076011e-01
3.437875615624716996e-01
3.369018943012110356e-01
1.457733317052429145e+00
7.003430714439923266e-02
1.716641519467973609e+00
7.651389301712339108e-01
5.371871758164482591e-01
1.077894784465709632e+00
9.133116912915728580e-01
3.421917995576237992e-01
5.147123936236526198e-01
3.202737630161990867e-01
-2.798895981724041082e-01
2.924995342032180590e-01
9.113265401959743661e-01
-1.086636319357480451e-01
4.638779623067399438e-01
-1.756989964678752070e-01
6.372919342880571658e-02
1.382546223057365964e+00
-4.159955043021769661e-01
2.089298858340908061e-01
-5.855826999758705353e-01
2.733513045376349537e-01
5.678566069499909608e-01
4.240376097834364644e-01
-6.808807873874680450e-01
2.916322239461567878e-01
3.902361509893281233e-01
5.704942610025749428e-01
-1.148178318389311947e+00
6.296489844465383845e-01
7.137144897866739557e-01
9.747999357236351026e-01
1.454743230140043364e+00
1.030281545421514844e+00
3.810347786875414866e-01
-6.314660002427453511e-01
-4.091074314181991078e-01
6.638442422134173126e-01
1.062100280025166210e+00
1.964487970696093544e-01
-4.772944263191065684e-01
-6.006242460646123854e-02
8.585838785855030020e-01
-1.063463105556085309e-01
-6.790248973697050605e-01
8.143992809923155107e-01
4.897578992740810322e-01
6.486178394871503494e-01
6.777054884075079944e-01
2.085293901971743136e-01
7.565871413230427223e-01
9.128835459065051117e-01
-2.249469790535292557e-02
-6.521888177497024985e-01
1.653475201948685136e+00
1.058181642030533443e+00
4.420032514981098171e-01
-3.185519128279687973e-01
-1.303391816196264874e-01
8.601551221461196661e-01
7.266946962305886881e-01
-3.353264106383491150e-02
5.039356675103222605e-01
-4.010522266787073242e-01
1.180754834972222111e+00
1.010876271374647750e+00
-1.520688005661794684e-01
6.398960414657779427e-01
8.516750144415083379e-02
4.186222710635181254e-01
1.956709742906966587e-01
1.868954447166681909e+00
2.842331025839493486e-01
-6.006271492762069730e-01
7.143092895598700531e-01
1.470040362456624505e+00
4.119233756588090711e-02
7.457100590482659275e-01
1.027210822381461108e+00
4.043999446334444192e-01
7.356149162086487170e-01
-7.756630491004812278e-02
-3.194187380877822613e-01
5.399527538148343186e-01
1.570807693637716662e+00
1.206383141859457719e+00
1.416392299294008783e+00
-1.196782434535548917e-01
-6.857568384611081869e-02
-9.154578706787412645e-02
1.099361666847978203e+00
4.232177548207424200e-01
1.681361673970507287e+00
7.327449952316764659e-01
-6.026156881984273683e-01
4.649192986337663536e-02
-1.624265010431641398e-01
7.479845198341116275e-01
-2.787922372017529460e-01
8.217205660522951538e-01
1.094872661783989898e+00
-3.558958040841225245e-01
4.944283790199067163e-01
7.057232458460120927e-01
5.139706101228604940e-01
3.336462452699983094e-01
8.942503239269735671e-01
-5.042935256590564547e-02
2.759623643816750960e-01
-1.004741613863021188e+00
-9.223417429822347025e-01
7.758562611556464317e-01
1.323999841733360938e+00
8.423293331510954829e-01
-2.080094020027228041e-01
9.056231547347690092e-02
3.204628734509685772e-01
7.948015654574054345e-01
1.413956398550602289e+00
-2.357644920446838321e-01
1.316752943249689667e-01
1.056106103175331157e+00
5.395049825972156876e-01
7.544765502802338597e-01
2.059587339037552700e-01
5.296811082135572946e-01
-1.035559614072487866e+00
5.394418624103518578e-01
1.217727030910655150e+00
1.324066644742314947e-01
1.283228896474235770e+00
-4.534871344855050945e-01
5.588720486097030760e-01
6.673009908080009822e-01
1.056286520557010444e+00
4.868787813689653410e-01
-5.053769579823302882e-01
1.856414607483215962e+00
6.302856463582031665e-01
4.454195012154809064e-01
6.185584602777567387e-01
5.627901940429799188e-01
1.891265160910865772e-01
1.172455925020430723e+00
5.750024704088971816e-01
2.905625048208858030e-01
2.319267790826307352e-01
9.420422953072425942e-01
1.585420862757004112e+00
2.821635569103016494e-01
5.654643984805529655e-02
-1.470285028297333985e-01
1.009359398136610020e+00
1.405032811062294718e+00
4.760490906325330340e-01
1.802907957790347959e+00
-1.031401993948536933e-01
4.268942342052644001e-01
2.048090360833905998e-01
8.994310400635814329e-01
-5.996148747481119257e-01
2.391954109862807765e-01
1.585470135103412614e+00
9.108444684441179273e-01
-6.836919068977908021e-01
1.497870656102181730e+00
1.106435083650098239e+00
7.726112014209464141e-01
8.113155615353029315e-02
1.389721396982925183e+00
1.825780640742749927e+00
1.793698144376150092e-02
1.283422948814764153e-01
1.198025807198756787e-01
5.056092445155078163e-01
3.145226735181754774e-01
1.038640158586340068e+00
9.937899134595534756e-01
6.946620841843441641e-01
1.055007078802175702e+00
7.655061381806873566e-01
1.021539055603760460e+00
4.472175122828572214e-01
3.402368521119386036e-01
-2.406102224830342917e-01
3.903457548034608982e-01
1.178785091696594955e+00
8.780098196537337030e-01
7.555086424923306287e-01
1.116052959621321561e+00
1.190253164788594553e+00
1.573935094889528929e-01
-5.852682101858805996e-01
1.898943544069646994e-01
1.073372010993323133e+00
1.351244052659581696e+00
-6.606363103890813132e-03
5.909114086588644899e-01
-6.460958215271568328e-01
7.768601165183549595e-01
1.242262064471278071e+00
1.305125775040502312e+00
1.151676739416704454e+00
5.468056617770614691e-01
-6.608196400359661604e-02
-7.174391538761086540e-03
1.354897428777539492e+00
1.803446771943049143e+00
3.881529602859165040e-01
1.377750432482231169e+00
1.067947743630822233e+00
3.198833645734149300e-01
2.713211177283659792e-01
9.685467969419251366e-01
1.014382025017520839e+00
6.169642018922462112e-01
2.296836331843588874e-01
1.339280482585659016e+00
7.183470050077497837e-02
8.929830371408457035e-01
6.159926184558994766e-01
1.444327881957711557e-01
-3.253292825141826383e-01
9.713865229119118816e-02
2.806032610753569356e-01
1.104977092447666509e+00
-1.029964607008416966e+00
-1.698047684063832830e-01
6.541442378894444243e-01
8.915679209349970380e-01
1.454924591502560149e+00
8.222195787190160754e-01
7.435117718208571480e-01
-2.775065559867338494e-01
1.966456601944742921e+00
3.097261572443563704e-01
9.234151887607894293e-01
6.114471013849483993e-01
7.112863018266635251e-01
1.685246961369022634e+00
1.579751414462583770e-01
6.639292775791018064e-01
-7.601131071951379159e-01
-4.614187198305143567e-01
-8.439047052351683620e-03
9.920559751667932247e-01
-1.021849624951193469e+00
8.326244011628851638e-01
1.764976359768664294e+00
-5.560184934748277907e-01
2.256795311803924953e-01
-4.746320317057167726e-02
1.757285373074670920e+00
-1.273899185935698231e-01
1.103074619003948875e+00
3.015747413088746831e-01
-5.447067451069775856e-01
1.220142146926535665e+00
8.830930770395003515e-01
-2.575998273125494342e-01
-7.204329493722680389e-02
-6.214218237465805872e-02
-8.994497545309118047e-01
-2.238555891996533154e-01
5.270582151512720470e-01
1.175711882650409379e+00
1.435213667128252713e+00
4.112480795416254553e-01
2.853601683666079913e-01
8.121466600620959042e-01
7.981599509434791351e-01
-6.875962161607064305e-01
1.432667516319236611e+00
-1.475569039010943828e-01
1.194699685148150170e+00
7.717080223083442325e-01
1.235891601149138097e+00
7.336672323876721746e-01
6.308441923802897700e-01
-1.095462034164898846e+00
1.346463980177486697e+00
1.309784093883008760e+00
1.130977411486293882e-01
5.143525385019793728e-01
-2.514472448455504217e-01
1.098827586742621376e+00
5.740940438758205255e-01
2.806205329211893806e-01
1.918186406281101597e+00
1.083316223924271515e+00
3.429723946312899230e-01
1.631264319635681526e+00
-5.161708787744541116e-01
4.892305195151188668e-01
3.657355883048152290e-01
3.002184776556746648e-01
1.020359196596028584e+00
1.599099120335648605e-01
5.595313656173424022e-01
9.988181992017160227e-02
5.907919249852836563e-01
1.686444709888875071e+00
-4.162638582115775199e-01
3.643670631140349392e-01
6.887705704772095761e-01
-7.864169729509175033e-01
4.153796225332418435e-01
1.049669085192312057e+00
1.035952937610655072e-01
1.522252455211721769e-02
-3.854499666812828962e-01
-7.010189893883697065e-01
7.380936425609008200e-01
8.163633222105644016e-01
1.079123430321933474e+00
9.888651436246751469e-01
-5.638534234757835995e-01
1.350786866308243406e+00
1.121305953825334489e+00
1.142442896221190107e+00
2.115201183049387201e-01
1.382462773165897607e+00
-2.793787514756018719e-01
1.478327742010138612e+00
1.071253470888290815e+00
9.093274937506958810e-01
1.282150484500072185e+00
1.625948685507163927e-01
1.238946776338813116e+00
-4.714334028622899075e-01
-8.215505604485043301e-02
5.898818053239344161e-01
-1.466515823028674559e-01
8.263207812622752613e-01
-5.737086320511836091e-01
1.415706455914343742e+00
1.809326901704621404e+00
7.599560132591005879e-03
-7.726481168583635428e-01
-1.543670555356514984e-01
1.979228107693794980e+00
8.069437660762959208e-01
2.587537740119636442e-01
2.471635686163810020e-01
3.549658488744150686e-01
5.946826404465741511e-01
-3.186652249257541647e-01
6.179789903133907636e-01
8.438391121180190968e-01
1.547592293264983820e-01
6.054143123557845785e-01
4.461586907386019818e-01
-1.163963978277356759e+00
7.353107165625473451e-02
2.157397564131555839e-02
-7.545868051655316711e-01
5.527943791897523829e-01
8.241501554742480806e-01
9.135007780351531714e-01
1.149960264880768718e-01
1.940910807496744050e-01
2.526899554447516461e-01
3.825597725084936007e-01
2.926072083301784477e-01
8.465445637823781899e-01
-2.780798891660027361e-01
8.052454990125168521e-01
-1.395291009788526271e-01
9.851604034523770981e-01
1.477314292846216182e+00
-8.395045942138014139e-01
9.270547085084240857e-01
-4.018369364147189593e-01
1.500095478805234084e+00
-6.136332379932810666e-01
6.369254753720940965e-01
1.475492999973847086e+00
-4.132742836219776006e-01
7.866409738044644051e-01
2.318208241536009739e-01
-6.831587852403879779e-01
-6.104824198015661452e-01
-1.669651442918247131e-01
-2.046543252308783978e-01
1.422094032273283792e+00
1.242404092629533663e+00
1.734446899741747927e+00
4.015892264529271616e-01
-2.036197238779629548e-01
1.732382786623355986e-01
3.152033216536672677e-01
1.485047953292437439e+00
8.008406732996755650e-01
1.034393913364026751e+00
1.342070298661016126e-01
7.513537159516595620e-01
7.929843309789666450e-02
1.412418820421535326e+00
-5.689807746896089480e-01
8.179024617366695837e-01
-7.583296993000385178e-02
1.105411053323063886e+00
-3.581800390649553800e-01
-6.903143874536857294e-02
1.666065196043189589e+00
7.632411042835566262e-01
4.648372160218484650e-01
-3.506164205571944692e-02
4.144985258012845453e-01
6.026089917347440261e-01
1.061508867725413086e-01
1.513910104425990055e-01
1.075626943822469928e+00
7.036234699226220357e-01
1.975673965605385853e-05
-1.635469412237307019e-01
9.915001771999362168e-01
6.231044087194551606e-01
9.234630484184224164e-01
4.671152245466905772e-01
-4.121265845369505021e-01
9.130972569282127527e-01
-3.168145547309313415e-01
-2.393057165662036689e-01
7.119751251737406195e-01
1.469910032075873341e+00
6.631548892951916185e-01
3.540595313914722819e-01
-2.109992006333872294e-01
4.185000924843109149e-01
2.830243538173084494e-01
1.932204431627148056e-01
1.586794490588443018e+00
6.211706860741289526e-01
4.976991855682734167e-01
8.363889966731377079e-01
1.128234065662606866e+00
-1.374748789016979889e-01
1.081487397711438536e+00
9.505179269086649896e-01
4.897382249091074002e-01
8.477329388931235110e-01
-2.303505904090551865e-02
1.197359162339613370e+00
-1.266415890531218114e-02
-2.511319205454815712e-02
2.518239730048175695e-01
1.096687069855997620e+00
7.276200137708910276e-03
-6.893173556139853275e-01
-1.225657146512736162e+00
-3.866926540553852765e-01
4.301478740783607480e-01
2.005254038435487843e-02
-6.476929877513224465e-01
-7.648959925544989158e-01
2.532279631805180176e-02
-3.023968351067488070e-01
4.936844290513324740e-01
4.711122824663077635e-01
6.705986893522939418e-01
-3.771705399591961383e-01
-2.295363919525868490e-01
4.459741781962203722e-01
-6.206636799742799582e-01
9.363870493551865737e-01
1.971826804759332363e-01
5.984082344815726540e-01
1.173563983379336761e+00
2.504779288510794455e-01
-2.693843433764893103e-01
1.036250117433461293e+00
1.171402943869044755e+00
4.254699736031214430e-01
1.153309090965342065e+00
4.820589960807198926e-01
9.264393968424661230e-02
3.326663839587903349e-01
2.816183658364272979e-01
1.561517713979877708e+00
1.263941766379717890e+00
1.014676254988198245e+00
8.007098539089474443e-01
5.710929103147875940e-01
8.407304934601368407e-01
9.350991369419754395e-01
-2.173308496377786975e-02
9.199661296428074397e-01
9.171910818394842790e-01
-3.248324026425638555e-01
6.120768791940754960e-01
2.620431612450863645e-01
1.503074764339930924e+00
7.684833709438388949e-01
2.353190349266010561e-01
-3.841947485363310100e-01
-2.052708719025626571e-01
1.395393923328708929e+00
1.701108003742378971e-01
3.177921249904112067e-01
4.059663196475934988e-01
-5.152319095115491521e-02
1.503909263488501513e-01
-1.453971759548203790e-01
3.991744910387444722e-01
1.519072759142730877e+00
-4.878502055099920853e-01
1.338446236171723314e+00
8.726863601023323591e-01
2.063404273237384068e+00
-1.311003902498639358e-02
3.288829722591512517e-01
1.049311920855688030e+00
5.962656987903590666e-01
1.166889655429265593e+00
5.023257918274037781e-01
-6.512290798355599986e-01
-4.345728177955025529e-01
9.597133018720470643e-01
-6.626486702487928149e-01
3.455306881355905690e-01
-1.017684210573043924e+00
2.342264530939279776e-01
1.562805938832378283e+00
1.467865957751573358e+00
-6.476649737589624811e-01
1.196582744706961909e+00
1.133987746838537092e+00
7.208637806308564322e-01
1.190021801735802853e+00
7.268635625852920557e-01
-4.795163110879284707e-01
4.505558832270587510e-01
-3.071368663543355138e-01
1.525186112227501223e+00
7.753978150524336588e-01
-3.518035922682420380e-01
7.070953129863193354e-01
1.565883824095332555e+00
-3.886608193534947797e-01
8.745356378814933551e-01
4.775843277196999831e-02
6.635185585124214747e-01
5.397908350721969395e-01
1.204121565959941631e-01
1.453669467144955041e+00
1.461744075215085370e-01
5.919447203662366874e-01
8.273943782871465702e-01
1.338352279071913120e+00
-1.192377124958595574e-01
-4.783096488276202818e-01
6.932010823513499176e-01
6.676669081541680706e-01
-1.369996461844903979e-01
-1.619681682171458803e-01
-3.601563848983815319e-01
1.792296506185531157e+00
1.218074496077835578e+00
7.666544847528338202e-01
7.724566323591731676e-01
3.437549652497520203e-01
-4.428493591875682922e-01
-5.268438439878516677e-01
9.797344979076126892e-01
1.084500445233371524e+00
5.644683931767703333e-01
-5.025655781668781491e-02
1.747588998825940210e-01
1.679909282579064855e-01
7.061664341955753432e-01
-1.061981833706592271e+00
9.119564613594185465e-01
8.304730537853719508e-01
-6.803589153264831824e-01
5.834985691690562915e-01
9.100723825395460320e-01
-1.319974422218852528e-01
2.833720967528160703e-02
5.690327757418410792e-01
-4.453166610331184272e-02
1.166234926715356446e+00
-1.093537667568028893e-01
3.777363498346769100e-01
1.240662287899595206e+00
1.137575201342308606e+00
3.997691200998892413e-01
-5.003922169931624975e-01
1.420507621290615641e-01
7.467214150822328866e-01
-2.824305927069530875e-01
-2.141365803332410944e-02
-5.794538064010383849e-01
5.717473125867762462e-01
1.301687709357847389e+00
3.206794983355068518e-01
1.423356415707570655e+00
-1.456240963423396373e-01
1.050828724752229881e+00
7.464793603663976151e-01
7.606112535609846903e-01
1.415118216409896323e+00
4.966545249221775427e-01
-9.081895105088280684e-02
-4.633277761545211981e-01
-5.363878361308377363e-02
1.329992534049866615e+00
-2.017449903416415335e-01
2.527656519580259165e-01
1.531016555767357845e+00
-2.044682565622751164e-02
1.988158328944574116e+00
8.552956790992120029e-01
2.395755749232486298e-01
7.557063137801822705e-01
8.466502216362856714e-01
-4.639326264377117148e-01
4.378945577532060707e-01
1.488250365128433561e+00
2.186390802483621609e+00
9.299958338252223289e-01
8.335037104327182034e-01
-4.427172859681058892e-01
1.295908784831358851e+00
4.030989000448468307e-01
8.987173624091476798e-01
-4.241959835366742038e-01
5.522009717413699503e-01
5.802553312958572684e-01
3.310234415345497117e-01
-1.881613601864796925e-01
1.095776768993600658e+00
4.879450011290659694e-01
1.025611958091610099e+00
-8.080635910163527780e-02
5.064294823508367349e-01
1.099617978356138170e+00
5.832933581783289467e-01
7.635659383997489558e-01
1.772384196130152301e-01
1.120903590946486172e+00
8.513201765170202995e-02
1.318489203379805019e+00
-3.992049602761796323e-01
-1.534781015193666664e-01
-4.301724506918346846e-01
1.313088036378671664e+00
5.148679566198279822e-01
1.008654562176428682e+00
1.500832272447359506e+00
2.764251441691924910e-02
1.238010329025877487e+00
4.477377835732273548e-01
8.053169642105930670e-01
1.406582942342582632e+00
1.616785763715232971e+00
5.431584300919166663e-01
-2.861056390931315252e-01
7.145316811300599369e-01
2.413859687864080839e-01
8.077962688036673944e-01
4.627679403716636330e-01
3.790198737076268531e-01
6.016181731414087519e-01
5.964970509033813428e-01
8.885032731778610415e-01
3.387685889570078435e-01
-4.755540955209830445e-01
6.761256893756610875e-01
2.435829316248633025e-01
3.502912894994640869e-01
-6.716296174862784740e-02
8.355482542243134469e-01
-4.491000634460352026e-01
7.736176145639571677e-01
3.893076609271632904e-01
8.858062814875610202e-01
1.126656187012204491e+00
1.504951869971899558e+00
1.295147174242862464e-01
1.872281763220502881e+00
-7.929753951163991399e-01
9.416283009631662426e-02
-3.858761046625555080e-01
9.509968573151719173e-01
1.104390454515900899e+00
-6.967516826147470699e-01
1.207825622234853791e+00
6.333073898855878792e-02
-8.076842805295607330e-02
1.081703666534702180e+00
1.729352223217720308e+00
4.922896946639584437e-01
8.996074405501615356e-02
1.022810905097321310e+00
8.302182750744202533e-01
9.961088440206973260e-01
-6.554636352269568866e-02
9.198000378999398041e-01
7.173942499543299878e-01
6.485691304749016117e-01
1.097275860749254983e+00
1.305502872708306006e+00
-4.479759590649888823e-01
4.300172727936562023e-01
3.274786166885795824e-01
8.599219051781273326e-02
1.124487320035553184e+00
1.313252970204205727e+00
1.267023167433219077e+00
6.391214505256903600e-01
3.999396232631792780e-01
1.269044303571166710e+00
7.285170245056445948e-01
-7.507537039397683964e-02
1.106232989431611857e+00
3.169796347271148229e-01
-5.679232778835128226e-01
4.161130950712203513e-01
4.962481925762144419e-01
1.509104208301429217e+00
7.512971554865074397e-01
2.447815917223145898e-01
9.565461719896160009e-01
1.141926258003514327e+00
4.155082318526338581e-01
3.407696642204518511e-01
1.692773251333719697e+00
7.060242730237594744e-01
-7.700849092506526494e-01
4.912110434730661002e-01
4.897820515169608035e-01
2.033265699063522280e+00
4.424055238382406663e-01
1.080300866822148986e+00
9.577035865178991081e-01
-2.699619116778989580e-01
1.043757437294867252e+00
-8.385145509039755585e-02
-7.092460963535698881e-02
7.639818140475839181e-01
7.241430586444763673e-01
1.652534601862525321e-01
3.475699284993470362e-01
3.523638090059938999e-01
-1.066752655877158729e+00
1.825110094037750152e-01
-5.748154110096457270e-01
5.287881920474163389e-01
9.759842401859103456e-01
9.276988537752990371e-01
9.333663989411093986e-01
3.190411858917099885e-01
1.201139232505141319e+00
7.425998207788497840e-02
8.221686517557252882e-01
4.417950399548134510e-01
-2.422330416537008813e-01
1.748445578317473215e-01
1.429304640274076110e+00
7.510536770224733871e-01
1.101536367039016806e+00
1.336464576262575532e+00
-1.776990119184324590e-01
4.265065954875015830e-01
1.072944301884004581e+00
-2.741350605713215316e-01
9.111007727215096885e-01
2.391486939782803967e-01
1.215432334427797301e+00
5.500476892223797876e-01
1.837984612829565156e-01
-5.256203610356215972e-01
9.569658172630834958e-02
6.425830808303324426e-01
1.273683040173589021e+00
6.771013718691135663e-01
2.180900241140781848e+00
1.385401449252678274e+00
4.991579455399016707e-01
2.540352231482491674e-01
8.672672543680195467e-01
5.474160918974042556e-01
6.653777398095103157e-01
1.849124838528596770e+00
1.167590852451950045e+00
1.728674822703468728e+00
1.688591908194048363e+00
7.841837159783430211e-01
8.844023221273389357e-01
7.140388918244795491e-01
1.089038063648762211e+00
3.068024777504371747e-01
5.482340720591701022e-02
4.747743973824863906e-01
1.272348471298954786e+00
-8.338078532553417910e-01
1.696503477574555108e+00
-2.368132505023983203e-01
1.376308501572511167e+00
2.368533607665720131e-01
2.083942659960998089e-01
1.019456350946984280e+00
1.359683380846012257e+00
-3.846585486120199238e-02
-5.825238685192002386e-01
1.095089855347454177e+00
3.728775282835695981e-03
7.136434201511463460e-01
-8.822061051557701650e-03
1.083687885961639230e+00
1.041807315130360845e+00
1.323731191779723870e+00
-4.829350567342806377e-02
7.416806933197388485e-01
8.558666933372931496e-01
-2.344539919690292185e-01
-6.816293190242053157e-01
6.635814220476395908e-01
2.395826099351417438e-01
8.315107975065426649e-01
5.454266757260430865e-01
2.885012284121466486e-01
-2.823618242090257802e-01
5.303834344429171344e-01
1.335175125426236731e-01
3.963429533180036768e-01
-9.738267222554643221e-02
1.251216497460160837e-01
-6.481987754016338421e-02
3.861873507653781346e-01
1.668112416179596824e+00
1.328983802569259742e+00
1.671559203969907204e+00
-5.783573965823153307e-01
1.270695227455825638e+00
7.305443299622478293e-01
7.914310128425334767e-01
1.195373533637755781e+00
-6.482472769302839444e-01
-1.912064656741521707e-02
1.202389184014340362e+00
-7.340279529969192529e-01
7.719171463528751165e-01
-3.295041591089294120e-03
-2.445300156974122285e-01
1.707620156071162909e-01
3.900970685766335100e-01
-2.372393879583673260e-01
9.288981234922810692e-01
1.126946497286064774e+00
2.830122409800214789e-01
2.994308706879848514e-01
4.275363827916697779e-01
1.762798885663871551e-01
-4.930887699755489573e-01
-2.788607436940280238e-01
-3.986570327234078559e-01
4.985940120682414989e-01
5.958881652720907640e-01
8.331555505581763610e-01
5.139775056188599089e-01
6.634479291897997788e-01
1.247328717168074697e+00
-2.454936426726877507e-01
5.368534166535778862e-01
4.612618727647874728e-01
6.791676029785290725e-01
1.451433136428860460e-01
1.808973449912586684e+00
-4.992410439973098413e-01
4.139284373429624186e-01
7.521480126762485341e-01
9.732116368795845629e-01
-4.364413867247683987e-01
5.884051455292776955e-01
-2.810290900447130757e-02
5.978520132081353022e-01
8.898753219445120211e-01
3.602269207419848684e-01
-7.203085134099131981e-01
6.678008440784428679e-01
4.990010840559279681e-01
1.748304362063094475e+00
4.576290473404978631e-01
6.057344998524477608e-01
-5.550040878134347988e-01
1.022133961390767176e+00
1.211335694771993987e+00
1.406582504538212319e+00
7.378050962392066481e-01
1.159010885673171565e+00
3.205252509187196397e-01
-3.050870379046517478e-01
1.420183539412531518e-02
6.309982042971770122e-01
1.286363096687049623e+00
1.369562238905527030e-01
3.874256661116163847e-01
5.516326260597108622e-01
-3.431955510487097460e-01
-5.171052623218882482e-01
7.897662153042058764e-01
8.244282091349021124e-01
1.308375132611534486e+00
9.918618919568876757e-01
1.572160563954952739e+00
-1.170776671951573727e-01
8.887109143777625064e-01
-8.863375473530598070e-01
7.630403182549297947e-01
8.827071887993728216e-01
1.214867771035941374e-02
-4.869226309891580562e-01
-4.459544174419135532e-01
9.381235922628727852e-01
-5.996415589325476692e-02
1.204338299725169703e+00
-2.052521858641070951e-02
-4.785519175656666874e-02
-4.896981589262077161e-01
8.192876568663721715e-01
-1.781470232834208856e-01
8.007573611387734935e-01
-3.534926282901272865e-01
2.174969100052449311e-01
4.407250373890845285e-01
3.954588843959425115e-01
-1.581521582085620437e-01
8.921887650748997478e-01
-2.618628168444585569e-01
9.271494407125853154e-01
9.460578765992715411e-01
1.017794658976772348e+00
8.696846386514541782e-01
-2.437472115684837792e-01
1.205828186985054673e+00
1.468321461227320990e+00
-5.900449022643549091e-01
-1.874388688512792778e-01
2.611355917141945926e-01
1.506178758353597047e+00
-1.011589989029796355e-01
1.837300186651479317e-01
4.285865787544264061e-01
-1.206247531719240595e-01
3.525709132491779418e-01
8.638929648950012252e-01
1.260777393633394361e+00
1.188644694273375269e+00
1.513343758939499351e+00
6.583300143420471873e-01
1.199106514373509125e+00
-4.113301831452521179e-02
-2.522278618223896540e-01
6.052166375316352376e-01
1.062362685424988129e+00
9.564577845424356850e-01
5.966130803752610623e-01
-3.731985157788919594e-01
3.954757786220282623e-01
1.593678227049246887e+00
-3.836932634537496001e-01
1.199733781291094648e+00
1.207463028271233307e+00
1.228635918648697922e+00
4.003883334611632039e-01
-8.695818755640638553e-02
2.063020856629326216e-01
3.432911710802424299e-01
1.415267872664167648e+00
-1.108767934517064013e+00
3.225608916428688300e-01
1.526108811010352118e-01
1.013701713952497530e+00
1.204893976194268301e+00
-2.055953371878307956e-01
-6.200455436152939592e-01
-4.822356959251073577e-02
-1.310993314402422616e+00
1.722092105720052890e+00
6.173544149952182591e-01
4.665547507946474215e-01
5.984794355994079718e-01
2.432047734066800082e-01
2.081729365706566637e-02
3.666378412211407922e-01
4.716342378888710440e-02
-1.520052282273116895e-01
-2.441470585610311383e-03
1.899383055818928273e-02
-3.685228761265222919e-01
1.239013840562672053e+00
8.193226321572862902e-01
7.969821939699263114e-01
1.904260680594457300e-01
1.236107614171090496e+00
7.803560195390962795e-01
1.241013482563571246e+00
5.039478444881728691e-02
1.818805406313808160e+00
-2.459834737351955791e-01
1.333839625592898037e-01
6.033915557312652389e-01
1.036178340703980627e+00
-4.666360989965927519e-01
2.521217002673317720e-01
-1.599813791988115297e-02
1.624689273554935864e+00
5.373040998143173708e-01
1.309878627361638903e-01
-2.385192885823546605e-01
1.203822297780066108e+00
6.535773464316475545e-01
1.289859831889122344e+00
1.128976919529587120e+00
8.639244772476468714e-01
1.584117982952407688e+00
1.355002224218674334e-01
-1.916676321873480582e-01
2.417171873459567633e-01
-1.689008499665240470e-01
-2.430341860405382803e-01
3.363809128025503914e-01
1.004258584578807012e+00
6.455172345870757722e-01
-4.692616218970579317e-02
1.073908118178305005e+00
-5.665528196930621485e-01
1.568495237200303594e-01
-5.015132966576422158e-01
-7.965302894116585986e-01
4.010635137009461171e-01
2.136240703879427605e-01
5.709833026025783465e-01
-2.240885027304284627e-02
1.529076577168603901e+00
2.731321425460882246e-02
5.129521519458200007e-01
5.615553329004160377e-01
-4.970353226296194693e-01
-7.216533139967916677e-01
5.689646612630350209e-01
1.305898432293336020e+00
1.114278212486373293e-01
2.696894792833868792e-01
9.422250253603861037e-01
-1.039969365293877956e-01
1.576546822297418826e+00
-3.787149000715045455e-01
-7.087184856179059578e-01
6.092996768721909984e-01
5.427820602843026476e-01
1.280360036302115256e+00
6.140285033530331615e-01
-4.440302077420847371e-01
-4.381767959133785473e-01
4.827892349897165980e-01
1.359650286246430584e+00
3.698355010554463251e-01
9.880447641248384372e-01
-4.444587847739589481e-01
1.150300416666959258e+00
1.818589296792834986e+00
2.110383630691020085e-01
1.747272532956092306e-01
7.174760899907867140e-02
1.934773740712922852e+00
5.800799196594649265e-01
1.083204914590292084e-01
2.931371184514667272e-01
9.220333667684350587e-01
1.069744953130677967e+00
-1.941778242141508626e-01
3.551441507164279088e-01
6.609516973604939727e-01
7.849737740935542885e-01
5.341166091156638318e-01
8.693484224515590775e-01
-1.925978038896488109e-01
1.119829078852885518e+00
-5.962868177534865755e-01
-1.997004846112902521e-01
6.605905175580816246e-01
1.218746854079090447e+00
1.251027896411222029e+00
1.618712129213173645e+00
-2.262899209494379227e-01
5.098249974812286700e-01
3.014813647694861709e-01
-7.839286113173540294e-01
-6.914389675179406780e-02
-4.579513026087810301e-01
2.035054172232079184e-01
-8.335457669905300959e-02
7.577668463713986835e-01
-6.408224121678043339e-01
8.339920745307152217e-01
-5.055220336633405032e-02
-2.596151247679902019e-01
1.663412006431982393e-01
4.894097548498669292e-01
-1.047251201405031695e-01
-1.666504486646543937e-01
1.098898041888243665e-01
1.761926412107225781e+00
-1.742566721002566377e-01
4.461223021732471650e-01
3.756776300740324315e-01
3.940272321840010972e-01
-7.761046983759545270e-01
7.522079082534651739e-01
9.149842461039106589e-02
-1.681598938679684241e-01
5.445964095522753262e-02
1.268672507533895877e-01
6.498716462135312177e-01
-9.485359225366107871e-01
6.403193198688513776e-01
-1.595046558523687263e-01
-8.956233966887963138e-01
1.334738049778594116e+00
6.038746807941725026e-01
-2.301782968065041457e-01
9.287434263271215906e-01
4.140193972245653081e-02
7.067433289513755934e-01
9.268793087668809605e-01
-7.405140222585369913e-02
2.121525685203513589e-01
-2.294142787496710190e-01
3.682977970192780615e-01
4.739246946134744731e-01
3.498255226757888692e-01
1.915212222665454656e+00
8.899810819491690284e-01
7.277707811205254007e-01
-8.439725963650748231e-01
6.686385812156949715e-01
1.143874406422251022e+00
9.228007563664774038e-01
1.085230004274394755e+00
4.977972910336236900e-02
-3.539203670255954282e-01
3.504251437573531192e-01
-4.218157030074130565e-01
1.145641806434808618e+00
1.210099601600560071e+00
1.725794456826171830e-01
1.544016355478648184e-01
-2.455320493531090165e-01
3.433592667137782550e-01
6.957807210896576056e-01
3.185698883493814915e-01
1.264978696954002779e-01
1.172900730020466131e+00
1.016784552101777983e+00
-2.376851735734431537e-01
1.220048835261834608e+00
-4.466120317159852360e-02
1.858951229873307409e-01
-3.101606049274042709e-01
8.522680418531075608e-01
8.434817569872454790e-02
5.634124853193884785e-01
1.505621663239784525e+00
-5.434944684568649986e-01
-2.416125976069990189e-01
2.328493732683790396e-01
1.026439493542746773e+00
1.824025766832093165e+00
3.183834964995425620e-01
5.807134284987682804e-01
1.418797383232794918e+00
1.612248225561987880e+00
-2.562525150953627318e-01
-7.159539306876646636e-01
5.803768861256164424e-01
6.124845939872947120e-02
7.232170258454554412e-01
-1.834661566683200018e-01
7.582342273695132917e-01
1.123584238493323895e+00
9.590686838419114624e-01
8.018131691976120301e-01
7.986042727610155323e-01
1.287207064856126904e+00
2.344958466771162875e-01
-1.276975427264900043e-01
-7.409938523962598111e-01
1.526380250577156483e-01
1.561226434506451100e-01
3.747593200289772164e-01
1.358788500242763986e+00
-2.914279351345642755e-01
3.321403723699218880e-01
1.423198978373514112e-01
-7.909917390098253343e-01
-2.015623013791908169e-01
3.001162305280352660e-01
1.058347504475031231e+00
1.579255410623868761e+00
8.644385279291230129e-01
5.076233029388983464e-01
-1.888831730191501551e-02
-1.148035080670510633e+00
5.065839580711540835e-01
1.286348452124015385e+00
7.410493176218853062e-01
-1.761332219843579280e-02
-1.690952328205817534e-01
1.114545440557079603e+00
5.500110283150908552e-01
7.705782858611315289e-01
1.900149709133576725e-01
8.195277039697997923e-01
3.570644957027432898e-01
1.315911767743082050e+00
2.762745852051167184e-01
1.385992077175256521e+00
3.655725204197543543e-01
-5.423108099418295636e-01
1.023825681481517647e+00
8.487864175581885107e-01
5.506933536738525259e-01
2.589266636714873115e-01
-1.999504363525311246e-01
9.991034351645569078e-01
-1.876028488325277022e-01
-4.267454394775084536e-02
-1.332949602808586598e-01
7.815785660969924997e-01
7.620570081105279003e-01
4.927195759113459084e-01
1.470338874838933441e+00
1.496718728519189856e+00
1.012430309396203709e+00
5.305973527452948479e-01
1.777129619283534523e-01
1.131620852314104253e+00
3.818250324220484604e-01
2.822546382462834957e-01
1.135740629415233238e+00
-2.805306362673803955e-01
6.160525610779397088e-01
-1.039011592261172012e+00
6.734905189568363149e-01
1.153170651894059207e+00
4.808826886757014418e-02
-5.795633723543389682e-01
1.705391221962625492e+00
9.584642695713663230e-01
-5.956574585330439708e-01
-2.284648797460536035e-02
8.560983074613791322e-02
3.406734159861711242e-01
-3.001594248049666569e-01
1.440210963100099661e+00
-4.125197999338640203e-03
7.271990962322250063e-01
1.030278607221557508e+00
-3.479072898867806990e-02
-6.389754805521515868e-01
6.373559831082499239e-01
4.631009405663044087e-01
-1.083967016260711791e-01
-1.030362615687833577e-01
1.455952732327330690e+00
-5.802207710510597360e-01
8.035505746643315517e-01
1.197927290875512862e-01
7.490531418010940579e-01
9.732304914240719196e-02
-5.500627388227865566e-01
5.630007790482888241e-01
1.097171991032259708e+00
7.488981948693967938e-01
2.259282181638297415e-01
8.269958384950357733e-01
-1.632327479625720612e-01
1.838870073251248349e-01
1.176341817734427142e+00
1.621486958142716039e+00
-2.521392032622817858e-01
1.146814884466497597e+00
-1.407472938507658977e-02
1.517359615794932726e+00
2.179383527332384718e-01
7.830739753645513668e-01
5.417345804629937200e-01
-3.366884329431608230e-02
5.704520028556562261e-01
3.988644937546436120e-01
9.016937382722419736e-01
6.090960611863165397e-01
1.294280263878265114e+00
1.625407387734280285e+00
5.649354915777344832e-01
5.951088688032128982e-01
8.581328660347471438e-01
2.169999856883365608e-01
3.945306029254232461e-01
7.605224496633833375e-01
2.191008561277035804e-02
1.011483640211755963e+00
4.276453178002648237e-01
4.895928575508515790e-01
8.592732627066836937e-01
4.806707472094913225e-01
5.651431845239690555e-01
-2.672198857556386253e-02
1.792936326979927553e-01
7.191582646242516974e-01
-2.199279030866176377e-01
6.315148516379278654e-01
7.787398854798536219e-01
5.940300883911097118e-01
1.124872569800723809e+00
-3.621426254366468811e-01
3.972388262363786282e-01
1.356093043094795725e+00
2.038175590634749151e-02
6.488920615419895288e-01
7.721938057408226364e-01
1.164390854808402542e+00
2.781956664862907380e-01
1.164017010654445405e+00
5.611086995865193217e-01
3.579257908133288146e-01
1.268709578685960793e+00
9.385134429603397832e-01
1.482065153964100990e+00
1.010511685007799143e-03
5.727281750448609543e-01
1.370544540477782958e+00
7.925451565661397746e-01
7.074141172042482939e-01
1.098216423669009290e+00
1.406393235346233173e+00
1.572499642880719639e+00
3.782494457868482707e-01
2.204743704560400364e+00
9.894208313164787327e-01
6.308606686129861751e-01
-2.302500223243247046e-01
9.274657711525413628e-02
1.888445869920635900e+00
1.175994810751555653e+00
-1.166774294276831381e-01
1.185179017829350867e+00
1.797798852016805560e+00
-5.435247016866096015e-01
7.080435873855894791e-01
-7.707873803472202745e-01
1.141923344396959417e+00
-1.155889055991159653e+00
4.401927163865764214e-01
4.757331194042350164e-01
6.655269073550748038e-01
3.934408413153639983e-01
-2.767908337540442854e-01
3.674775994614608576e-01
1.038978124354679622e+00
7.667955931485508358e-01
3.208448099352271266e-01
1.567567114101703574e+00
1.283244033556088848e+00
2.948512634616753947e-01
4.171747266664449505e-01
8.315405015523602561e-01
6.423926351716128247e-01
4.427478714132173088e-01
-2.453253037388329061e-01
5.456314113983199432e-01
1.075733536162547299e+00
1.518858671021242057e-01
9.135913916233036058e-01
4.503593121392147069e-01
-1.279033418732795219e-02
9.452048366986235406e-01
8.938023366408214265e-01
2.628500069366077607e-01
2.676852294168510782e-01
7.136222789864854477e-01
1.158695044053064116e+00
4.913451931048427035e-01
-2.895685500962953962e-01
1.375363322739119987e+00
9.271617452914898694e-01
1.688890561110903521e+00
1.305009672134380461e+00
1.017792650013956690e+00
8.326198828219966153e-01
8.415569966661917700e-01
7.660736721510825742e-01
-5.277376545747003433e-01
3.977360995230636714e-02
8.568178066666661818e-01
2.012797093956504302e+00
1.431447512412842071e+00
-4.853278111547136564e-02
2.053043139331611477e-01
1.090588421388088314e+00
1.467457036689903127e-01
1.256541912731302224e+00
-9.614074061324273668e-02
4.360680673894016257e-01
8.322591568209241064e-01
1.222901561713498619e-01
-3.853339925851528847e-01
-1.766388766281592748e-01
3.150603567812292338e-01
1.547498764493527856e+00
-7.634891032848893644e-02
-5.711889479962087846e-01
1.197397962666606475e+00
4.482902604443054773e-01
5.999406144828595133e-01
7.159191165698650661e-01
-1.068369089179596054e+00
8.022180028263689033e-01
6.638671960078189604e-01
-6.365894017438465946e-01
1.470607026764598979e+00
4.827933319949154201e-01
-2.308792963091144401e-01
8.784124244481053001e-01
5.240591825932314762e-01
1.111389429607081425e+00
6.961757393985397169e-01
-4.834177882527075643e-02
9.018235698320478111e-01
-3.308964137542717565e-01
1.158050764402833305e-01
1.909309846552985190e+00
5.288543362613652432e-01
9.421431515883048613e-01
-1.042789148530549187e-01
-2.568067134493719206e-02
1.150481403733677022e+00
1.314602850928636046e+00
3.460615989914874735e-01
1.211295586667951785e+00
5.093707040339594538e-01
3.016723172803994490e-01
-3.109740401235620011e-01
1.205592036033511727e+00
5.882098712995730283e-01
1.134403121598000164e+00
-5.865929264903274598e-01
4.595666143068418141e-01
8.313601449918250896e-01
-7.414742159338439942e-01
-4.050122406967557875e-01
-3.342714710610908968e-01
4.216024613100676222e-01
-1.211576940334817415e-01
-7.430219761290932645e-01
1.131434623817268337e+00
1.112255124266840617e-01
1.282888298335226995e+00
3.353760325324701141e-01
-2.478012407343027634e-02
5.604876097747922836e-01
3.895421441534573370e-01
4.906243256028150479e-01
1.502563799410650214e+00
1.695533576482510796e+00
1.397285471279651858e+00
4.468262964610018040e-01
8.295590806635910752e-01
3.626588193525528414e-01
-1.911622648674259906e-01
9.053127882482556732e-01
9.846719943346610160e-01
1.969538702649009432e+00
8.881923902739431720e-02
4.143058631642582146e-01
1.697959656623314606e-01
1.120498247826214877e+00
6.847480469413333992e-01
1.028597424271268101e+00
-2.272724170581398861e-01
1.111794305595005694e+00
-7.472374774116956608e-01
4.460232852858385666e-01
7.489395369688690851e-02
3.774352548704137389e-01
1.185731993633206027e+00
-4.390786092765616017e-02
2.042209844969443466e+00
9.271213934469713092e-02
8.244277643687274448e-01
2.724761665109202147e-01
1.599568879776711861e-01
2.909099969882259495e-01
1.435976006143396155e+00
5.634135138046485469e-01
-2.940062109932907106e-02
1.530809521158041364e-01
3.599793439664272232e-01
-3.777562936851017183e-01
-1.401248718399836501e-01
8.767638184649289013e-01
8.871966528603575375e-01
5.452566557999193042e-02
6.265674910254479535e-01
7.339121183791186276e-01
2.452328432844890216e-01
5.146535820080485601e-01
1.520263583274423791e-01
1.835488867926674761e+00
1.080887296807188092e+00
6.411021877190805629e-01
-1.249073281012275660e-01
4.848439722954152320e-02
5.927810375789622777e-01
9.427913744548569452e-01
-8.008501247215890628e-02
3.745637703624731807e-01
1.443182573705166005e+00
7.982336069212665752e-02
-2.190954508979753301e-01
-8.451251834420584474e-01
1.937026999489968926e+00
1.065930072921151384e+00
5.453914539266649930e-01
5.074090841386392770e-01
-1.714696189676736537e-01
1.575824638894891105e+00
2.508582850548148890e-01
5.418685012296473591e-01
6.726885101048767357e-01
6.818951506621582226e-01
-1.170271149854714976e-01
1.083503593013583233e+00
6.702770442481794655e-01
2.440763095156491536e-01
-6.970394489889931711e-01
1.622272708090203519e+00
-4.715802332839954536e-01
1.728488834571220378e+00
-2.892506385926669078e-03
1.459544240653651848e+00
-2.020508549758021632e-01
-8.520558112984412125e-01
-8.134109621807064650e-03
8.272736060937592173e-01
-2.660375152865075421e-01
-5.064904852926572776e-01
8.521496059155546643e-01
1.096903620864841944e-01
-1.519947552310384198e-01
3.850780932233091036e-01
1.729275885757107500e-01
7.954571421298194389e-01
1.023246935855993689e+00
1.106567503352740234e+00
1.575106614934091542e+00
3.498254403529129086e-01
1.065612043512808915e+00
-2.001302258260599376e-01
6.456081420816884853e-01
3.844651865512158095e-01
3.608504989963934872e-01
6.493932228182329736e-01
3.350806056608268135e-01
1.616099144458609249e+00
1.292322189006602562e+00
1.378865847662594124e+00
2.366578180546908827e-01
4.432495269107115665e-01
9.636081121259095772e-01
2.046644858209927531e-01
1.016683590253700586e+00
-2.628604080627797157e-01
9.912366659344543640e-01
1.272749247955824003e+00
7.205155554228368509e-01
1.206370473513783015e+00
1.864365961397606020e+00
3.812239653153895458e-01
6.804350282824023211e-01
1.869979758066433462e+00
1.154650749158518674e-02
2.951426444288843265e-01
1.538920102471485474e-01
2.950438341859527580e-01
-2.239345878454845618e-01
1.157252378078634347e+00
1.728614793317391762e-01
-7.932925692323269384e-01
1.243252494968846822e+00
5.348886373478612954e-01
-1.911418610665384099e-01
1.229274281240072542e+00
-6.410744686606294485e-01
8.596296176570462633e-01
9.035505034645133771e-01
1.241665838035563851e+00
-1.830662445776374270e-01
9.800101164649863694e-01
6.040414549441224246e-01
-6.660350074388605990e-02
9.081703459708216908e-01
6.893991045862550848e-01
1.806026737533056536e+00
2.766258296264992311e-02
-6.415078770967329314e-03
1.518119950636803717e+00
8.237698714901626751e-01
2.133413547683523093e-01
1.588714386991482375e+00
-2.018174165859129010e-01
1.476816434333726169e-01
8.549867013669849580e-01
1.557111494038347477e+00
-5.317221370513702805e-01
5.946328464698693445e-02
1.469245692526106872e-01
6.710658791206729479e-01
-2.162022093071828133e-01
-1.014745163169424202e+00
-3.757021791130524951e-03
6.927296038511401299e-01
4.804355614215995995e-01
-9.080604443089691780e-02
5.827395847044156696e-01
9.585944948421155631e-01
-2.104622274251863878e-01
1.716493615486907265e+00
-1.176056407712394059e+00
1.589518051832165435e+00
-6.824648255949212761e-01
3.315792328097108554e-01
4.602207900363545212e-01
1.633712519898624649e+00
1.334274845624968009e+00
1.391894453621330963e-01
3.174130426993828635e-01
3.974657662731829189e-01
2.132904130947942178e+00
1.129222653978334101e+00
1.231566110851241985e-01
-1.480765280772487757e-01
1.055763887841068227e+00
1.423506087643937601e+00
6.904211877563466437e-01
8.162648961457130703e-02
1.027346514253731691e+00
4.177363863726502036e-01
4.132404443406889061e-01
5.775855968566736554e-01
3.284551587541902351e-01
-8.189149554574410850e-01
1.600000489238719625e+00
-6.204531736152130161e-01
1.096703107268166555e+00
-3.416270094684407677e-01
-3.825285207421590811e-02
-4.071120507249665343e-01
-3.981891431996408826e-01
5.282217103028851168e-01
2.338942915725694405e-01
-5.410446019133619000e-02
3.265810895035982653e-01
-3.104456580137716082e-01
1.089069186901451047e+00
5.153154399227676263e-01
-1.006720910728218232e-01
1.428899521757446500e+00
4.214021073609093837e-01
1.423886258987206110e+00
-4.667234370627462159e-01
1.305347736949800663e-01
-1.643722730360587247e-01
-2.159705477106488025e-01
-3.019515164723846068e-01
1.252173332968332220e+00
3.005507027409702880e-01
1.565059651241161198e+00
7.431633390246037418e-01
-9.423995625595021908e-01
1.383061405329009563e+00
-3.122334710212243403e-02
-1.162632747774147157e-01
-5.723720747537835996e-01
9.840437747305139649e-01
3.951041609752620754e-01
4.913099760593500620e-01
5.111017616043833645e-01
9.000483859202591530e-01
8.139119160151673249e-01
9.985800121397405693e-01
5.140757251444053599e-01
1.599012183252507047e+00
1.550684175842395041e+00
9.974658081041930524e-01
9.404427273540317822e-01
1.199980527217128223e+00
7.193434462793935058e-01
1.122826966064124216e-02
1.654140790020426799e+00
9.081356491631485950e-01
7.113179774724048832e-01
3.757202836744187868e-01
-5.904555525878840694e-01
1.555329120291776723e+00
9.755004522299808301e-01
-4.879034525943128919e-01
-6.747836901083092975e-01
-2.959559405118715181e-01
7.153653707194999045e-01
5.235069663783509242e-01
-4.556572296396012023e-01
8.020456051646680518e-01
7.240114800913886872e-02
5.283997609213025859e-01
7.349968829865780595e-01
1.521017352039293336e+00
6.559427458583555470e-02
4.779432586018147466e-01
3.241217383430073928e-01
8.097740905900339126e-01
-6.661425022209337410e-01
-8.702830142548789727e-02
2.561372016804557838e-01
2.282297682537757777e-01
7.369811841201212577e-01
1.733001863417444610e-01
1.582518721886966850e-01
8.762156830616868453e-01
-3.129462673798155126e-01
-5.166812033713300556e-01
2.076450511965086398e-01
1.158038250725083040e-01
1.855216399410879902e+00
5.561776500137844970e-01
4.561152629289542265e-02
9.870525171966874067e-01
8.055144427335609869e-01
7.902156634271648716e-01
7.815794736016823396e-01
9.162986206807403056e-01
1.274102061554871712e+00
1.859986055667401383e-01
5.041821356479400107e-01
3.354897316642724281e-01
2.214974978628423408e-01
6.213178024078288564e-01
-5.579626601642303507e-01
1.339480673425876178e+00
-3.654866589165844393e-01
-3.992252434464695771e-02
7.655312532306987050e-01
-3.851053577438673381e-01
-4.577451276918227396e-01
-5.736350973798903796e-01
5.646819573550980742e-01
1.050741695901867612e+00
1.146504739956935026e+00
7.767033334054074256e-01
6.525763418660933679e-01
8.254213810173056665e-01
3.227159946936427604e-01
-1.142639189726586679e-01
5.559912282530973249e-01
9.754127232989007190e-01
1.062309329931586888e+00
1.105480172995251698e+00
6.214952551268025926e-01
7.476690846776867794e-01
4.641910979139323712e-01
1.367744633471802196e+00
1.535238028317043923e+00
-8.864351476635867755e-01
6.886581111458690563e-01
1.008488495626988640e-01
8.486332961167231126e-01
4.096700827526337380e-02
1.140411925494312584e+00
7.316801016421456971e-01
-2.038340195829946577e-01
1.918996707649094427e-02
-1.175285898309982174e-01
2.809609377101781602e-01
-9.571187456509455682e-01
1.409041493846138859e+00
4.279650810442304776e-01
-6.531910780146669149e-01
6.755472281789540734e-01
-1.282834035183526011e-01
1.565012366494671070e-01
5.838658832086737194e-01
-1.388454046746872284e-01
4.711961868654890861e-01
-9.561588722136324381e-02
1.869295056232040120e-01
1.368683971282521394e+00
-5.976022872996319402e-01
4.328501964686927161e-01
3.716182047530883215e-01
1.081273205683368932e+00
2.391344385294116026e-01
7.634436465023636265e-01
-3.060292267188123860e-01
8.592203215375211478e-01
7.669889474922872985e-01
4.729136511935868037e-01
-6.539612107244493489e-01
7.179291931979979724e-01
1.087219757850849788e+00
1.946831686214665513e+00
8.848108025131014021e-01
2.055706952514908537e+00
-1.535274088838850803e-01
5.690306254166327404e-01
1.910918226187573732e-01
2.553475515013118868e-01
4.457620621703884400e-01
4.145458324596411614e-01
3.936771302511873349e-01
8.219640593775410231e-01
1.275119853518510982e-01
1.254882213982843941e+00
-4.749912475647256604e-01
-1.740554533516028846e-01
2.082890452422311578e-01
1.178560062324943702e+00
8.449030342621665080e-01
1.742103905658378249e+00
-3.605296617262043757e-02
6.226874992678407827e-02
1.089463755353760721e+00
5.389603786524492790e-01
9.891656741628598315e-01
1.296754931141105072e+00
1.153358071192812195e+00
-8.794721468013068366e-02
1.503720712735507614e-01
-2.052593235060020394e-01
1.341047237256049574e+00
3.638024870920074649e-01
1.868886350586669298e+00
1.279300030048780235e+00
9.432408336041906427e-01
3.865453242959895896e-01
1.462671548923117237e+00
6.565829609706630432e-02
-8.757637258225411947e-03
4.683506867793572059e-01
9.995802053453763103e-02
5.616283831379100810e-01
5.073900553113505074e-01
-6.903258465731976212e-01
3.993092667066189816e-01
1.345869103363620534e+00
5.746298929295129421e-01
6.923741746940476061e-01
-5.504242452146015235e-02
-1.412848825819922771e+00
1.011821340650823187e+00
2.452416415224083213e-01
6.900583860033350225e-01
-5.754317426291680748e-01
1.191193068496906038e-01
8.154053010124728829e-01
1.491428451121497301e-01
3.783111281575416429e-01
1.093121700138547592e+00
1.129688253305124457e+00
1.139827710184740273e+00
4.299542778680307542e-01
-1.523137495503872063e-02
3.432241789024546019e-01
1.214322931326321742e+00
-3.396744395167441977e-02
1.006456479598466291e+00
5.003525272906529375e-01
1.006530295271588882e+00
5.267083648280048713e-01
6.070425081002679413e-01
2.041140561125312849e-02
1.338682882659956164e-01
-2.532014750229160671e-01
9.568605654248528714e-01
5.264817970354260801e-01
1.390687377206871744e-01
7.658251030723679520e-01
1.581471440330556533e+00
4.960431236307766278e-01
1.287585357414639253e-01
8.574468960131201856e-01
-2.782204300493260063e-01
1.567664082152725014e+00
-1.005998239293544316e-02
1.113377960808481948e+00
3.540803285165747827e-01
3.223606978877681661e-01
4.554640799538142715e-01
5.576081492571648424e-01
7.991864098662567750e-01
-5.352063758613671840e-02
4.727912605563686643e-01
4.653063676082038747e-01
1.146655852245440782e-02
5.294081147248933528e-01
-1.009819557856833083e-01
1.084083362948100149e+00
6.350460178990124938e-01
2.542219840624341809e-01
-1.553588480534250915e-01
5.326147746911169545e-01
1.304110359559185195e+00
9.768608187048931635e-01
-2.552542828353306925e-01
1.351350054649191668e+00
1.248620031191401275e-01
1.225778908322864291e+00
1.040185844900040735e+00
6.908970643995253624e-01
4.184181279423943023e-01
1.062194610624257241e+00
1.104355671442582176e+00
2.316746273846313764e-01
7.966495901020217429e-01
1.757657617365417924e-01
1.107261504261987328e+00
9.407832412791491405e-01
1.866158603641768776e+00
3.225196602233154075e-01
8.232177800967360737e-01
8.500154315785937165e-01
1.175966825552393846e+00
6.343524813548578889e-01
4.468517792283204226e-01
-2.527332670614509946e-02
3.392623398172727178e-01
1.277374274518958686e-01
1.269904809169976723e+00
1.597503749751877367e+00
1.374286703771858020e+00
8.387066646730225727e-01
2.837078714420406267e-01
3.367628498082081978e-01
3.160697975756588951e-01
2.110668349786208597e-01
-9.171801428171613702e-02
1.387481311664668260e+00
9.086079474630043284e-01
-9.667557010029896591e-02
4.482190971929241319e-01
-3.567694302511095206e-01
-6.481450327908244713e-01
2.986441630038099149e-01
2.075089201221394786e-01
5.775395168278786295e-01
7.122618312222290804e-01
4.267720087998692624e-01
4.715887863254151213e-01
-8.629596243772611475e-01
-9.260329403112420588e-01
8.602241224610446269e-01
4.314189748792043866e-01
1.010401944101124161e-01
7.888221917459478649e-02
8.852579991395574666e-02
9.932672059832621247e-01
2.419551129980516135e-01
-1.184662960242560681e-02
9.346404126544312074e-01
1.516861141868356855e+00
5.108430065827844757e-01
-2.168403471983867126e-01
-3.926590687671803193e-01
-4.153753109866298865e-01
2.033461293256422220e-01
-1.152107748543207688e-01
2.077876693506610639e-01
-1.538016572113066194e-01
-2.574463247812120437e-01
6.772880886961617497e-01
-7.141116907665893132e-01
-2.866463197733307711e-01
1.877049769288525183e-01
3.112269529324336870e-01
8.540345596295955133e-01
5.616324485112045295e-01
3.998362922197081226e-01
8.061145978421645486e-01
2.578802772775204422e-01
1.380325264808276442e+00
-1.986970134953510436e-01
1.032653345916482168e+00
9.613938690568842871e-01
5.969786447878376867e-01
7.315593742747227290e-01
5.453617995459699719e-01
6.075549428846869354e-02
3.794458656770299809e-01
2.725580711136686429e-01
4.159100064572289757e-01
7.592842848544171241e-01
1.517447938327246781e+00
1.632662861626385631e+00
1.156567327456321070e+00
5.204582599699718592e-01
4.744595959557955656e-01
5.114134245555124192e-01
1.059959175193965208e+00
-4.262048574334037498e-01
1.808548100833806682e-01
3.163572958010405500e-01
-4.097444130928822870e-01
-1.287811360883416301e-01
3.814393073437339909e-01
-1.662770405046700220e-02
-3.345048333697522303e-01
-3.521299831676236725e-01
9.108539888111403249e-01
1.205320660415137635e+00
5.737386113693758449e-02
1.034564742047852981e+00
1.541766353481024865e+00
1.568521019432270069e+00
-3.504437286163533116e-01
6.667713524204635367e-02
5.062054941592060153e-01
-2.728248749048006183e-01
1.853684955730658390e-02
9.065133162576528569e-01
1.425088536286630347e+00
-1.457145783322838284e+00
6.790341584354870896e-01
1.256531587933221283e+00
2.188258521640485364e-03
4.986405074939105342e-01
9.918118758664512535e-01
8.945123816853564613e-02
-1.571457505993326120e-02
7.313642951405746606e-01
8.651055210899669667e-01
3.664927442648391875e-01
-1.016929264775724706e-02
8.271273542724528749e-01
1.732339777882480503e+00
1.308463823111148394e-01
-2.606179209777665373e-01
1.032457945461159321e+00
8.936603996157684859e-01
5.875151472331759939e-01
3.696354349324328936e-01
6.183697701224553089e-01
4.405603906826128235e-01
2.019006517464736028e+00
4.160561737736726551e-01
3.433174378614491096e-02
4.033679922309459098e-02
-2.996954900795307797e-01
1.647610551299240722e+00
3.580492487916600020e-01
1.412324611821678788e+00
2.046862231897967621e-01
8.275605456065588950e-01
1.084282504063724062e+00
7.168719645893663062e-01
8.457784453941874503e-01
1.479296780928432975e+00
1.408174085762013750e+00
-1.075415847731269858e+00
1.251323593237943399e+00
1.381937248656337713e+00
9.118599049558147041e-01
1.885489447174242827e-01
1.307472829402084313e+00
4.996009778322885730e-01
-2.642255312723958416e-01
6.097615298548674234e-01
-1.979056783395172769e-01
2.066286183714030611e-01
4.094665418270215795e-01
5.950256414987629139e-01
3.886833430918342214e-01
6.595563843951173233e-01
-6.071290581846713330e-01
9.864665847823562705e-01
2.027108319419312910e+00
3.945965588164765392e-01
-2.115746994516662927e-01
1.155449557877095801e+00
1.477943565332603959e-01
-1.052572910211748258e+00
9.772539608055360594e-01
9.814511803948576807e-01
1.037661236387847241e+00
3.617610940038147593e-02
1.368827571082378292e+00
1.163096549494542220e+00
1.862662383194880755e-01
-5.189927823990947431e-01
9.267238958141376104e-01
6.462451150714746406e-01
7.125683633239147108e-01
9.227263049406519979e-02
1.057829667908856575e+00
5.884480322184271195e-01
6.770911041102180006e-01
-1.020005296056875510e+00
1.413283914311753042e+00
-5.449460848014262560e-01
5.447155602386313245e-01
1.233956320568724951e+00
-6.702979370292300176e-02
4.562276803161918748e-01
1.491564503776529937e+00
-1.598976192697330601e-01
1.014769290926868850e+00
7.337553708772557304e-01
4.198169083105999233e-01
3.121398054463624949e-01
-1.196233678093421016e-01
-1.103420751699141361e-01
2.298084597875856006e-01
-9.714254066896499396e-02
8.411805732900269339e-01
6.099934537101756593e-01
-1.349304814665795160e-01
6.807262141363804586e-01
5.537602884102846845e-01
-3.229300152198542051e-01
1.570512764281342788e+00
8.957724679853832361e-01
-1.687216519317441266e-01
1.294779542861689281e+00
9.098704731222648778e-01
-6.128397709400401627e-01
-1.826143109941312237e-01
5.578449751423707470e-01
9.642444733839471427e-01
7.541684273762296054e-02
1.865041490106195132e-01
8.254076300066326422e-01
9.065292210785408367e-01
1.027021671698905791e+00
6.925634186034210771e-01
2.361199396663885286e-01
-9.055901257664806803e-01
1.266699463555299943e+00
1.071340195020924924e+00
-7.592086800311965700e-01
5.716900200186980641e-01
1.606936321601427853e+00
9.437842941529679397e-01
1.208414893762582709e+00
7.275277318013532168e-01
1.098095234011019494e-01
9.746117692985696301e-01
5.170269941198468722e-01
-7.819860968370517806e-02
2.664599849572305001e-01
1.142379651616093117e+00
-3.080685617570498303e-01
3.617072569880668276e-01
-5.214652214379311701e-01
9.825496576278119898e-02
1.854073744497297949e-01
-1.895646603905390692e-01
9.444961609268420766e-01
-5.758464517343960809e-01
1.609496661901475667e+00
-1.273491781632613562e-01
1.363366551393125903e+00
3.858532287316578380e-01
-7.757744628971674494e-01
4.439385294602013476e-01
2.851570519754442756e-01
-6.473051735280140884e-01
5.634716205476746342e-01
3.879228243771866147e-01
7.686313646162514779e-01
1.385213676881469569e+00
8.890416045573679149e-01
9.008581698391986414e-01
9.154781439194008552e-01
1.023429423688592577e+00
3.208363441742057565e-01
-1.570735768865758886e-01
-2.510993636303396892e-01
5.995151867280859026e-01
7.510691233110502463e-01
2.015053594149189387e+00
1.065685547305018410e+00
3.388302314758097067e-01
1.205081204187033350e+00
4.929634100471048663e-01
4.311844214951549570e-01
1.789122756554842042e-01
-2.750402486274208247e-01
-7.186285945939896447e-01
7.507432652726524491e-01
6.641506627104525329e-01
6.403216672322632474e-01
1.925172118525368736e+00
-5.333931416944943660e-01
2.083055542784422454e-01
8.083832461466184949e-01
1.189441236699747551e+00
9.180370857849582400e-01
1.271773129851756279e+00
1.146530928537900784e-01
1.255285802226485115e-01
5.861010049507384689e-01
1.434674506651420822e+00
1.007200839289698280e+00
-1.900363845199364299e-01
6.336235423723857174e-01
1.529608106321102279e-01
6.159670461006961917e-01
3.889701450142674655e-01
1.348916615718537049e+00
1.374934054437670694e+00
-3.390460148652391092e-01
1.321874028618315711e+00
5.287488009436973613e-01
1.061430014477513728e+00
3.353373677990112989e-01
1.107197668756473075e+00
2.095850753340214645e+00
1.376359940496516332e+00
-1.092367116838421359e-01
6.455370166081438876e-01
9.835608470710156537e-01
6.537184024946077754e-01
2.958688275605554918e-01
1.680263007725087132e-01
9.134240287951772563e-02
8.160604341723549648e-01
5.140342776568704863e-01
3.227407725875584554e-01
4.797608356605256308e-01
-1.951999456834505736e-02
1.081659941547542303e+00
1.789854192366033825e-01
-2.692708738448800626e-02
4.353965577215328231e-02
3.932021812324121846e-01
1.608292489117479629e-01
-3.090417700733502082e-01
8.291714775249484637e-01
1.379754418045911757e-01
1.049431035298970638e+00
-6.530066795353931530e-01
5.014217017792864661e-01
9.466563195318966617e-01
8.331632072425221303e-02
-4.909538088481324447e-01
-3.593891329248529165e-01
3.391036361335060256e-01
-2.462780424748560459e-03
-2.926089938398084844e-01
1.821289427827476270e+00
-2.683124003591109696e-01
2.722187917450600847e-01
3.197331956711674250e-01
1.989817131609544099e+00
7.837153728886603332e-01
6.955682806500164128e-01
6.871762618661088062e-01
4.893280685367379923e-01
9.647332115564926092e-01
-1.751037854923575277e-01
1.133920448025774075e+00
7.149330383858032434e-01
1.395717776312213942e+00
3.991626225180280874e-01
-2.345250137458853024e-01
1.384818656024649375e+00
-3.029205325301566054e-01
7.818621889470465103e-01
1.413049975397863811e+00
4.475879302711293639e-01
4.723479556302795923e-01
4.793287812128842473e-01
4.955977636418888999e-01
1.375973366001049802e+00
-1.850829824235280044e-02
8.307205613756929452e-01
9.979295290851912803e-01
-1.953568749333833843e-01
-1.255043123533522986e-01
4.667672493442604487e-01
6.218541052490601517e-01
7.981487591860940700e-01
7.016778398608907175e-01
9.325278314671896496e-01
-7.632383909768847285e-02
1.551113333719106591e-01
1.084769644265638044e+00
-6.062862054758375585e-01
2.593817990732261158e-01
4.125866527062011513e-01
-1.403571371254101474e-01
8.142098953755860791e-01
7.645623053238790323e-01
1.939862346363103285e+00
-3.242599866233022432e-01
1.268743181327100844e+00
6.641627101352047813e-01
6.872572474588204416e-01
6.549974552368316161e-01
2.138087982625352934e-01
4.870915251646684152e-01
5.855789457786122476e-01
-8.251359437070939773e-01
7.356604883758384172e-01
4.360756164337003526e-01
1.347101247272514346e+00
9.125927941791296405e-01
-8.725699266015657374e-01
4.079255907199800801e-01
4.127144859378082953e-01
1.700681714347511031e+00
1.165224875934687043e+00
5.795257821334887094e-03
1.169862982683682828e+00
8.249023446686886141e-01
-1.127238581437945530e+00
1.756517196320286134e+00
5.584993740876684903e-02
-7.104791260430703970e-01
-9.417379954169977085e-02
7.941874783677163041e-01
1.140133793051502975e+00
-3.148979641995058865e-01
7.674867178196789208e-01
5.938405904691272941e-01
1.171046635181085538e+00
-3.028617784456316686e-01
1.630675933714290649e+00
1.520549673971484772e+00
4.230050509691971050e-01
1.512355415833345762e-01
2.631191903757307271e-01
1.043189988145077907e+00
1.611450883001986356e-01
1.221082111142890003e+00
9.001098655650398017e-01
-3.227333964029115432e-01
4.839911917659555085e-01
9.321633129431020626e-01
1.089328476613006247e+00
1.436571812251030922e+00
3.809220829074014270e-01
2.216051078539684194e-01
2.374265659134694673e+00
1.046886950377466707e+00
3.582948975338394182e-01
4.701537421751376122e-01
2.223035696957964991e+00
1.228943905668702596e+00
5.662864201833289757e-01
2.620232342587916485e-01
5.946710631765269595e-01
1.064582777725274099e+00
6.387486324814827254e-01
1.914771808075714787e+00
9.343820837226017861e-01
1.473005734890367735e-01
-6.765525286906257652e-01
1.876365342077524589e+00
2.697308320327724829e-01
9.537274527618115894e-01
-5.981765025878060804e-01
7.016223437218066517e-01
8.858462337885616433e-01
3.831913821962000810e-01
-1.934284720708001060e-01
9.436201258928406110e-01
-1.339506556268514614e-01
1.883081708268938004e-01
1.224983557343731988e+00
8.788709957630567171e-01
-8.671922650365172791e-02
2.431237554978522841e-01
1.345235340847034666e-01
5.457697851002274447e-01
1.140157512376080540e+00
3.369960802428944580e-01
2.572228646483267211e-01
8.978897813551076079e-02
7.417810794712741407e-01
3.383231170223180428e-01
4.703756537040774122e-01
-1.066144359258754948e+00
1.376585753459235173e+00
1.637074923337754617e-01
2.891088850799603538e-01
-2.324095668984682561e-02
1.316259450874882608e+00
8.684883820459677883e-01
-8.115635783968894179e-01
1.176055886539124185e+00
1.365728893645766329e+00
1.420514059789413475e+00
2.328309972441751641e-01
1.301319814797760932e+00
-3.461151733475131831e-01
9.473988717989954012e-01
-1.089511009839333466e+00
7.230406196507024319e-01
3.245040874653359886e-01
1.818559381478522363e+00
7.606288803134620968e-01
2.532133057143807764e-01
3.253352918698176888e-01
1.270072120412869543e+00
1.481204567096643387e+00
6.211727188612715667e-01
8.041881414450430254e-01
8.068852779191986180e-01
2.472565430253873334e-02
3.730028368969899311e-01
5.594606470432414991e-01
9.329137646192826872e-02
1.161651522843273554e+00
1.062243038850813281e+00
2.388639038167529594e-01
-4.693981176321057602e-02
1.077772980305195638e+00
4.148518632726947986e-01
1.346047824267952109e+00
-5.175547693447075243e-02
1.011075374743150457e+00
-4.650753066405604597e-01
1.542002636362503232e+00
-6.191151654147957206e-01
1.307970884699565683e+00
-1.492252377984101819e-01
7.519313259778037661e-01
-8.958806536150436262e-03
2.574217440673658985e-01
1.313940705571911449e+00
8.981265551727622976e-01
9.651850140291993174e-01
5.521926427932369874e-01
5.081024610246508422e-01
7.468510461880868423e-01
1.080251565431718186e+00
-1.248929454092862074e-01
9.093522371186095743e-01
7.058078456480234575e-01
1.213310347907347264e+00
9.623109966688664363e-02
-1.122529217585680694e+00
4.653872367306508551e-01
7.723499781207955328e-01
1.510364761587196014e+00
1.443771350618900051e+00
5.470349670279325283e-01
1.877837887172015829e-01
6.446085852436194141e-01
1.296504594653802300e-01
5.474404257425031783e-01
6.278639414358624382e-01
-7.754568939959241569e-02
4.670320218523771882e-01
1.746087920269666860e+00
2.776771472764222870e-01
5.054253635636911657e-01
-1.759907697855901676e-01
-3.733404050192711265e-01
-6.400918117548499708e-01
-3.820356993416745839e-02
2.015764361278049033e-01
8.044734620604062636e-01
1.236469306038538996e+00
5.190026715934905610e-01
1.745493090114985879e+00
-4.772093409276996767e-01
4.241623269299296672e-01
6.094259491797501260e-01
-1.836770976536782618e-01
1.223674001850481252e+00
5.933011503064670178e-01
7.564956840529666326e-01
-1.943923602154737362e-02
-2.826866867176655029e-01
1.344601456414374674e+00
2.588898201933691468e-01
-1.742223725974079707e-01
6.206046672556444349e-02
1.180452990013044712e+00
5.341193856219900171e-01
2.484178829174207570e-01
9.458605949620580988e-01
4.519222507995815930e-01
3.711135204379583663e-01
1.402037052268538531e-01
4.864078705110619905e-01
1.630025740905718667e-01
1.914860816353329387e+00
9.228748127458153983e-01
1.173850476593020664e+00
7.218821767921473898e-01
-4.523591971223765440e-01
3.394720192347370213e-01
4.984244582723593164e-02
2.545749616049731157e-01
2.121877584677403228e-01
9.210817507830959538e-01
9.556263059766373358e-01
1.225074133271428556e+00
1.516379298702983602e+00
4.484100467049708105e-01
1.549130916545828907e+00
5.611085364213802551e-01
1.499330607942308269e-01
4.778672605179874466e-01
1.521893969591324280e+00
1.288886496915001345e+00
2.869154592228458922e-01
1.623325521062920773e-01
-3.282640381383050004e-02
6.014421670588948610e-01
-1.565193245081822893e-01
-7.715556070858089477e-01
3.802791927026669128e-01
5.315373887726611013e-01
-1.669841213133073377e-01
1.682198487230869510e+00
-1.092491293143948161e-01
1.039929110096576403e+00
8.954908978654615437e-01
1.297599817730610949e+00
1.110664445054809490e-01
4.445624713368009351e-01
1.638979274487626148e+00
5.946812110429836595e-01
7.079833893487671448e-01
5.319407983182040667e-01
7.208335583598991514e-01
-3.115594383356046215e-01
1.693210686970360035e+00
-7.626684666201802854e-01
-3.877993646172278597e-01
1.481641039392743497e+00
1.217289158437525609e+00
-1.375510005997737928e-01
-5.134064735945195190e-01
-5.080930542004282735e-01
-6.622563395715339585e-01
9.277353244296569768e-02
1.563653721693695486e-01
1.106380487477950147e+00
-9.707822135341449554e-01
-3.388878823319905198e-01
9.020633736478438358e-01
1.108379955737337719e+00
8.375250640682938563e-01
9.707472400061347706e-01
5.567664029033119188e-01
4.226370371149666405e-01
6.569136914137091443e-01
1.093889417304243272e+00
1.455664486035005978e-01
9.870858262386782433e-01
1.242715814689822951e+00
3.442983270065176904e-01
6.922633833651243851e-01
2.354512768834551295e-01
9.024414376155998063e-01
1.315321785770868557e+00
7.727727738257188506e-01
6.644996751431012094e-02
-2.965028852406675908e-01
4.241945759476852817e-01
4.266990734954516085e-01
1.909007970586326097e-01
9.016546202874600180e-01
1.732811980488531134e+00
-4.257234586667293375e-01
5.884387223414481172e-01
9.183117349112714933e-01
3.365825338133485722e-01
9.660272909825128318e-01
5.332154207738469820e-01
4.409834093236602026e-01
6.214916145938562120e-02
1.410764531751004525e-01
1.224656849013837645e+00
3.004518706796825978e-01
8.382850888391126798e-01
5.706469639442851571e-01
7.087745755539871517e-01
6.064577513075548598e-01
-1.494614068959211339e-01
7.926435168882425275e-01
6.142855514673988271e-01
9.335788463508085666e-01
5.496537777782358747e-01
7.762157336409304387e-01
-2.056592815664006202e-01
1.132396875042351425e+00
2.617171800706687840e-02
7.277501929557238514e-01
5.096204678763289753e-01
4.577129963720162342e-01
-7.962810332770282884e-02
1.309167850842702707e+00
1.165796842834195379e+00
1.446432639010357679e+00
6.810178096016573923e-02
6.397090155634554964e-01
5.231039102280152786e-01
3.013211858343671223e-01
8.399753881545855005e-01
-5.615784902428105907e-01
-5.253791437910168005e-01
1.630824201778317661e+00
1.467191842069636820e+00
5.841309369399358964e-01
8.402358055886680610e-01
2.376377766460911201e-01
-3.932104752823288307e-01
1.182209708033223228e+00
2.378345063843823881e-01
2.299306017195580920e-01
6.434321872618413707e-01
-1.029403645116793858e-01
-1.898292866577169502e-01
1.107294984580759145e+00
1.048853842950233206e+00
3.803805710367898496e-01
1.012805863878407875e+00
7.111965382770346622e-01
6.085015071325009517e-01
5.601117173633539670e-01
9.944185689339313239e-01
-1.024310065821506965e+00
4.252005684180716893e-01
9.177080315385209852e-01
-3.482228012238516301e-01
5.446226937265509216e-01
1.502139613025508469e+00
5.973068702976197519e-01
1.027970644108479936e+00
1.344901588449908036e+00
5.843428815321657366e-01
1.107442207779235854e+00
3.054103602699739239e-01
9.461758697550319563e-02
-9.781209389022550438e-01
1.114392167479203000e+00
4.932824525408813776e-01
-1.015516186741816096e-01
-3.799409468998634076e-01
-5.546964849469274150e-03
1.321593317843304805e-01
6.568254203589425355e-01
2.790726556051820739e-01
-1.936433268666731267e-01
1.549794542577196399e+00
-5.685527422754209637e-01
9.371725273639154308e-01
7.758208646793501861e-01
4.184008194266479186e-01
1.391698504959053805e-02
9.188343219094602388e-02
1.073965101959155621e+00
9.265845500939299262e-01
1.606235143895370365e-01
-7.313035296647774075e-01
2.996393043914938326e-01
2.000052617601868921e+00
6.589196675569894968e-01
9.395639202423035075e-01
-3.373721303822608819e-01
-7.296228468888257268e-01
2.258153419235422454e-01
2.373985328106580917e-01
1.088457316915600881e+00
7.943359137326903019e-01
-1.111821660547446022e+00
6.041816661977928993e-01
3.951633253945061597e-01
1.066333873865217274e+00
8.713226011067107812e-01
6.770806164575500219e-01
4.442159745386115022e-02
2.070186653147382039e+00
-3.402410059995191749e-01
2.917033568065151988e-02
-2.585004313619153615e-01
5.046984352133282448e-01
1.154354535336959975e+00
1.468064297651029859e+00
4.861147059832300332e-01
2.802849013171510029e-01
6.846066212318064892e-01
4.968790035331147742e-02
-8.390057335139733397e-02
-1.215956113544877093e+00
2.543254924308886444e-01
-5.033873166863734872e-01
4.079827437004363566e-01
1.147874156482671104e+00
8.939225765669136514e-01
1.126955372214437201e+00
-5.781066615930166575e-02
1.155453294778851780e-01
1.150442550429491728e+00
9.989184991193102992e-01
6.335382866208004726e-01
1.120302244773051292e+00
-1.041093081171833301e-01
6.549574608823666155e-01
1.257157295773932149e-01
5.922710625286506936e-01
5.721048465476876732e-01
1.531556621879532898e+00
1.082754375332490637e+00
1.102395334207371791e+00
-2.281533440409586055e-01
5.303306089033306137e-01
5.552661829222147460e-01
9.869957288727804201e-01
1.312228121285189120e-01
1.426650391458835099e+00
-9.391493147785492379e-01
2.776427997591556229e-01
1.685340594972444483e+00
6.956496894197775616e-01
7.625681454827244465e-01
5.960656537319206638e-01
2.318034358031998698e-01
4.107255779488772629e-01
1.228961180552694765e+00
9.194978428701118256e-01
7.044605469171156820e-01
1.257020563993370699e+00
5.722784895565460328e-01
5.256682318495637940e-01
1.375406415585797570e-01
3.991511172684170106e-01
1.333248989650770433e-01
3.037753554972011383e-01
9.809474181990986974e-01
1.269787207583874089e+00
1.502906108393590734e-01
1.341177941984724287e+00
6.898331953821003337e-02
8.596994839694830359e-01
-2.549860453728086118e-01
1.192410795108368005e+00
-2.492511204998080210e-01
1.135169226025641853e+00
2.006786325818976646e-01
2.495916466579834181e-01
1.000110002348249649e+00
1.003540438669166646e+00
9.231105558325305438e-01
8.639817235250848437e-01
-3.001535049362941132e-01
8.484580813809765587e-01
4.731010667378384160e-01
1.061654007791674736e+00
1.253386263195165551e+00
-2.286874773123721144e-02
6.938949703004316794e-01
8.048631375177937031e-01
9.357962400542190196e-01
4.099814096237118788e-01
1.118379553127626602e+00
8.919619820396512688e-01
1.007328138342425294e+00
-7.548752841639481126e-01
1.141421286534988200e+00
3.494715461773910126e-01
-1.586910589725749887e-01
1.058436143886751113e+00
6.219281237302249910e-01
7.999349467745178188e-01
1.152510478622462919e+00
6.387378810953077135e-01
4.636998966459540128e-01
1.215239808948616884e-01
5.502164019539617090e-01
2.496060080175678819e-01
-2.187159187950797889e-01
1.086715877979703704e-01
4.215929883732357775e-01
-2.345549735406872727e-01
3.017612373922656244e-01
8.040859123064687530e-01
-4.487319691221081097e-01
6.116234662855245530e-01
-5.404924761371707742e-01
1.304246314040889976e-01
-1.849371956172274900e-01
1.259039848280514073e+00
8.000642884588667902e-01
-3.247150844181671547e-01
1.678121539951445418e-01
9.523544575871652207e-02
9.541975195475538296e-02
-5.735755748811653953e-01
-1.920512053302947386e-01
2.891490599201508305e-01
2.729425413421188162e-01
6.582033195476072462e-01
4.263983227768498585e-01
1.399634478766475620e+00
4.121288362844386932e-01
2.793335499122057697e-01
-1.485348802876986785e-01
-2.286914204317348764e-01
1.812137000412274768e+00
1.738430423901934807e+00
-8.733691532680354364e-01
2.187506752815727429e-01
1.370741006984021793e+00
5.620838793789468824e-01
1.528266174650014353e+00
9.058493372122090881e-03
2.972419884124042899e-01
-1.363660433515406223e-01
-3.402483608240439161e-01
3.786576115027093237e-01
3.525349777466404433e-01
-3.998150595907054572e-02
1.062433412090064699e+00
1.078154944037920338e+00
9.525392819823123025e-01
5.262705674569069514e-02
2.851971721952930583e-01
1.740240907663121783e+00
8.633881178838674897e-01
-1.658262926919230051e-01
3.081047210049304153e-01
9.070961495228365701e-01
9.963975769942329253e-01
9.824970808289974489e-01
5.089251877671500113e-01
2.522840310626401350e-01
4.651752418176778869e-01
1.040031071039409838e+00
1.780651016740362858e+00
8.823880516795992168e-01
4.879066965145330559e-01
3.667519017855177532e-01
1.153473205152499625e+00
2.608141959420519074e-01
-5.413255402676244721e-01
2.091052452310261378e-01
8.692872974933426589e-01
4.658142880431817567e-01
1.361384158879786810e+00
-4.925841761256341544e-01
9.109772612837668815e-01
1.710157850644548949e+00
1.436985880321060449e+00
1.165525835591597170e+00
1.306175663357498795e+00
9.464425209149186502e-01
3.470352175646776449e-01
5.879609589176871820e-01
-3.073398931399865530e-01
3.218661061206540830e-01
5.375697102047256593e-01
2.136086377241850631e-01
1.143972927130695316e+00
1.214679707573261158e+00
1.013449576706266786e+00
-1.736979877094233515e-01
1.051733223367076864e+00
5.491613481782124662e-02
9.930355646132791314e-01
1.519859252876561095e+00
5.704309872841633045e-01
-7.066142682389446872e-01
-5.233107685596312120e-01
1.285653566013966964e+00
8.664685637382619765e-01
8.661507477441985348e-01
9.959191143583963068e-01
2.310746657593729936e-01
-2.403791832319459587e-01
1.551859804194436476e+00
8.093360931436624495e-02
1.701093032701397612e-01
6.097903472274629477e-01
7.894988839434895489e-01
5.247934752355010168e-01
-1.061212164610682684e+00
2.462929253945287111e-01
-9.133317930331641410e-01
5.550563296617362363e-01
4.144366819082779263e-01
6.334140485380054808e-02
8.648339420160989777e-01
-9.770221264327290100e-01
-5.382563438357190755e-01
-5.910048644989416289e-01
1.035358998775753880e+00
7.715756749883689869e-01
8.575274033482288560e-01
2.233990681286442403e-01
2.340432940395469064e-01
-7.533662312746151057e-01
1.369407445777148569e+00
3.641500796127375428e-01
-2.752422662085755589e-01
8.511090241474043028e-01
2.033602232025659706e-01
1.250029470821954591e+00
8.700739600657389494e-02
-3.506181781856242963e-01
8.687350768041969262e-01
4.350176062908210350e-01
3.817196603154488499e-01
-6.990146805691992427e-01
8.560029992185169689e-01
-4.077574706495623036e-01
-6.679172635286573234e-01
-3.173992286851032296e-01
1.671810718652907424e+00
-7.508317014889839824e-02
1.116125737466111101e+00
2.865215240237851263e-02
1.172314407221181520e+00
1.361138636676425540e+00
-3.911351885012165353e-01
7.921550857475867513e-01
-5.236584321868795744e-01
8.320204658000520670e-01
4.361103858526459986e-01
6.968619566412028732e-01
-4.811565056642578830e-01
9.097894847884928637e-01
7.743637695871723459e-01
2.395546597590291760e-01
6.809376301619429750e-02
-8.084887616010836275e-01
6.873554989641181834e-01
2.447928777069758310e-01
1.697300135220806361e+00
9.110102402270364719e-01
-6.365517081171702118e-01
5.643687470142579876e-01
8.011210141097279136e-01
4.453821591603616681e-01
1.257190923155005358e+00
-4.375297532713662285e-01
-1.332050292326327323e+00
1.648923897377390313e+00
5.908329625093192705e-01
-9.001463292097486857e-01
6.763354550038305213e-01
5.182759490816465364e-01
8.063364650542921286e-01
5.689835052966770723e-01
9.913190217128438064e-01
1.100056588913776334e+00
4.309159982081469664e-01
-4.233992585156253208e-01
1.293836095519176999e+00
1.208773369588737490e+00
4.088737424303367368e-02
6.150265374980590227e-03
-2.832273234378491766e-01
9.335155865051429636e-02
5.663376209194718180e-01
1.531370600226477974e+00
9.698328826973892092e-01
1.149918444893411607e-01
9.503972436183816264e-02
-4.889901246743264540e-01
1.466216563806640227e+00
9.492122871513506421e-01
2.315742118032250163e-01
1.708159982105388053e-02
6.721582104356653431e-02
8.663120160452379981e-01
5.555373255812544597e-01
1.009179068150677594e+00
2.531598685659319087e-02
8.518404539473716230e-01
7.595816615393201632e-01
5.270077946004424474e-01
2.935924402619058959e-01
-2.197339489848809391e-01
1.348689159317957076e+00
2.592994580252548920e-01
-3.221310715876182090e-02
1.268312527562773517e-01
4.513041441560303180e-01
1.017994826902589800e+00
-3.005728724130485655e-02
-2.015300618854224401e-01
2.030346442199454371e-02
8.580108354246055447e-01
5.933173555032662527e-01
5.603401966646393006e-01
1.579890867075325778e+00
-7.187586705069287651e-01
1.783579341053322803e-02
1.959316567493044753e-02
9.728278502076815881e-01
7.339852720737295444e-01
1.351593430804744145e+00
2.371397080011990344e+00
-1.058554270056021540e+00
1.593952228903393831e+00
5.424089377543351853e-01
5.699359577754267159e-01
1.184268818309679894e+00
8.501448078440533296e-01
1.373841930169260594e+00
4.667429531741922877e-01
5.025897192329302765e-01
6.955378510098144673e-01
3.298970902748292189e-01
6.191198426500373886e-01
-4.953998935900660178e-02
8.262195873787823164e-01
-2.837897307246591283e-01
1.039340896042062035e+00
1.455987340448514411e+00
1.971064807202241864e+00
2.991847496619752245e-01
1.134287488348274753e+00
7.621377726738807201e-01
3.586618839449086660e-01
5.219615536629650110e-02
1.485228004994825213e-01
5.249160831803350025e-01
1.614121521656538105e+00
7.575645182292011226e-01
-3.313308789831816425e-01
1.379641615440341251e+00
5.689344268702188900e-01
-2.394264859221969521e-01
2.710363327881574191e-01
1.028867560743643050e+00
1.616402026614695009e+00
-1.308873141824350161e-01
-7.323898242186456520e-02
1.405856377227904686e+00
9.890593550388392385e-01
1.094480081718639086e+00
-4.331204525230733515e-01
3.699910198262320593e-01
-1.082524505257749237e+00
-5.780316588580101111e-01
9.822901459203576824e-01
1.015534704965804558e+00
-3.361915413051650425e-01
4.834121897331238871e-01
4.074998866067099934e-01
7.811274734203238479e-01
-4.034568453174178781e-01
2.028818979451524618e-01
6.796836956511408401e-01
3.716557745185086747e-01
1.750307934335617321e-01
1.706593798956261621e+00
1.732151486970413545e+00
-5.243600584823147892e-02
2.408442029580954991e-01
3.662901956433650130e-01
3.228763380070685807e-03
1.728615989267795194e-01
7.617879291932694308e-01
-6.102801174434868692e-01
-1.974711206097702620e-01
5.662166876149103967e-01
-5.698788667571673683e-01
1.386559825704416271e+00
1.341905532990152472e-01
2.318132435771861621e-01
2.842124027551832799e-01
3.014882111128366349e-01
-1.468843189041223463e-01
-2.629953494556812599e-01
2.646085052643867286e-01
1.280310821845675462e-01
-2.989299459806239456e-01
9.318393076519574381e-01
1.465286304939988904e+00
5.332426557685437940e-01
6.820332626503295970e-01
5.686300808337719781e-01
1.572829167260746674e-01
1.421047170661703801e-02
-5.367683390230297835e-01
1.386979229898998023e+00
3.151503170330911818e-02
-4.933322016977567115e-01
6.139670225382384272e-01
1.271176847985820313e+00
1.279893895383178437e-01
7.308226640472939017e-01
-2.299816763420858140e-02
6.107927319638173369e-01
-2.044497240824473816e-01
-9.666317427256179151e-01
3.915607566165995035e-01
1.295710818417381782e+00
-7.367330926483685316e-02
1.689311493611545867e+00
4.040113594613569115e-01
3.637533138104546704e-01
-4.354043792771908339e-01
4.125525985182624256e-01
-9.797855336973655405e-01
-6.467437245059877160e-01
-1.100465965772629673e+00
8.616775402717968824e-01
-1.777912854419872735e-01
-4.844406919389937505e-01
-1.361416880739365065e-01
-4.263840450790217784e-01
2.724127654550755895e-01
7.413922684560229071e-01
8.866542805095429802e-01
9.956777834499056512e-01
5.352891693430877895e-01
6.690622195032558395e-02
-5.099945622023744490e-02
7.306358913576767034e-01
1.769398706293169532e+00
3.572375763305795093e-01
4.744265998126591666e-01
9.556087334263638766e-01
1.716224483258693034e+00
1.475888400760725805e+00
1.223236548252349953e+00
8.718911824821672374e-01
1.189095280546886846e+00
-1.019370446475003772e-01
2.160616791614696497e-01
2.288038134582822680e-01
1.908187960078341128e+00
4.851894046413881001e-01
1.493262644808730721e+00
4.489638057389646608e-01
1.132160525953627705e-01
7.110292369061937956e-01
1.862160552135429192e+00
-2.072015349957012365e-01
-3.838170458753968617e-02
9.936110616858893074e-01
4.930165711499400194e-01
1.095118196804177879e+00
1.397767304200684180e+00
1.226268651908532847e+00
-9.049878598490138093e-02
9.987537099383627659e-01
-1.350866073673210044e-01
1.296954985872755151e+00
5.944243834967395390e-01
1.396577590587973761e-01
-4.668134991721412108e-01
-9.627688411600840435e-02
4.322272006799849353e-01
8.268367532600723324e-01
5.982731696682163092e-01
9.063271520681983606e-01
6.501875390524334275e-01
1.562803154340492107e+00
1.257943072758310521e+00
1.013331108394279090e+00
1.548917192470616433e+00
6.376498985977008260e-01
-1.336510384589926492e-01
3.339715996533520470e-01
1.095772750926705230e+00
1.064621427231191353e+00
7.721543163889388328e-01
2.092420239779560487e-01
-8.774923388831787907e-01
1.781251066515020520e-01
2.481081743579833798e-01
-5.199486806837986252e-01
1.441480764319698904e-01
7.617913917089057241e-02
-3.158382628976141859e-02
6.468249945662053468e-01
-4.072046490192922641e-01
1.622537063342016861e+00
1.156107788594189500e+00
1.415191650640519105e+00
5.461472188145735096e-01
2.052999344522358494e-01
2.165420617384871196e-02
-3.499125038078989003e-01
4.819749460300018495e-01
5.185126969267705999e-01
-1.035696586559241156e-01
-8.648652366069651265e-01
-3.178710291521334441e-01
8.582573160450222838e-02
1.425470788497922747e+00
1.768899165753703207e+00
-1.241277460840822522e-01
2.453717022787318125e-01
1.347155526815374982e+00
4.905640830110524764e-01
1.496151501895067959e+00
2.406586268484389723e-01
4.629183847646091698e-01
-4.648434916947770668e-01
8.154205031899675049e-01
-2.342877924087387598e-01
1.104264922208985089e+00
3.354780251754310161e-01
1.295236613307979123e+00
1.004474599029008708e+00
4.293755019600808409e-01
2.087250032636926989e+00
1.709692378079360919e+00
-3.716280955262191710e-01
-5.100438729643824720e-01
3.865763692775056604e-01
1.205479610433538795e+00
1.139625321731574603e+00
1.157695543792026882e+00
4.764562611820511995e-01
1.122886665910506065e-01
1.270934074511691492e+00
7.490342202709787678e-01
-4.474945295068808448e-01
1.092873528116648396e+00
2.130516712428747184e-01
1.816375724174843054e+00
3.937036549839885713e-01
6.907895398602903470e-02
9.883301804275966829e-01
-4.343405562520451513e-01
9.543478335556555558e-01
7.861336845083477520e-01
-3.179853071695264433e-01
1.502830008127441941e+00
1.055363550855191512e+00
1.244503228227165081e+00
2.344274738060505292e-01
-1.118286936783854824e+00
-6.506524293650778334e-01
-7.474806317215456630e-01
1.045884567134850451e+00
7.684932417193610643e-01
1.773003234338957623e-01
3.375449504619474350e-01
-3.433240228055385312e-01
6.362240695652291445e-01
-1.942228753905019673e-02
1.145205974837562923e+00
9.065206013412476782e-01
7.115619558359975727e-01
1.330097708490826314e+00
2.055954748096964768e-01
3.369197334445235281e-01
-2.310668974294849409e-01
-1.136470212420293446e+00
1.122731100075282207e+00
1.275382375192237072e+00
8.853147894879299651e-01
5.218555036804694014e-01
1.257919676260071062e+00
2.600660877217570582e-02
-3.635874886772881842e-01
9.368391205075367045e-01
1.320656234691024888e+00
9.919384294132830293e-01
7.466820606712807340e-01
8.406459643162228490e-01
7.072304603014052393e-01
2.578458576646699280e-02
-5.297018197745503865e-02
-4.604136378025484866e-02
1.737300571439290564e-01
5.115134193793388073e-01
6.756382666329767694e-01
3.532576592037247054e-01
-2.565108975009828818e-01
6.857447783673144004e-01
1.502100678896572949e-01
5.019025689954883518e-01
3.003524499094928912e-01
1.202701981428193206e-01
1.563722466445918391e+00
2.412294070118894962e-02
-5.702320276944191635e-01
3.864874561298718425e-01
7.735778606512767608e-01
9.284067310099635151e-01
7.244574717764811211e-01
1.777610511619429179e+00
1.057486205791205114e+00
1.139861737917453599e+00
-4.883952827474766223e-01
1.025563625011594038e+00
8.039715410918095440e-02
1.066461188238452928e+00
1.073336796143279370e+00
-1.624303892082495579e-02
8.636299330831544996e-01
1.065942026805795084e+00
8.559055281801813964e-01
-2.576865191466040650e-01
1.516371267309940762e+00
5.517475706797415613e-01
1.380139015538274005e+00
3.304280594104401225e-01
1.498753789799457614e+00
1.330485407381183371e+00
9.084377733083929263e-01
5.256037177893656542e-01
2.033400119119067817e+00
-2.833261766088858158e-01
1.607067331220414008e+00
1.198068423386422943e+00
1.003490955738666868e+00
1.223821878279483633e+00
7.996892772469572919e-03
1.281535274227514565e+00
-5.260087544828796063e-02
9.547461943283820363e-01
9.998755984188817045e-03
1.299078959751276185e+00
5.754759600747356707e-01
2.574594764032815397e-01
1.287109706759732158e-03
9.801400551664096739e-01
1.147543420432632078e-01
1.489368846616751618e+00
2.014710037397258735e-01
5.180876803459075752e-01
3.537704653342695349e-01
7.589682927478555996e-01
-1.424974690177057968e-01
4.898442654430706367e-01
6.058107301022254143e-01
-2.403371606468858168e-01
5.985341107269530614e-01
7.114982864603112134e-01
2.574142663044568291e+00
1.113664488120527651e-01
6.433437819470122498e-01
6.824369969519654688e-01
3.557330513462123034e-01
4.168763048301137863e-01
7.617747868850213155e-01
1.866261722719272154e+00
-9.023464244183805327e-01
-4.662913400794506669e-01
9.661906501354453614e-01
4.528546679136546960e-01
-1.919615584079235326e-01
7.866690024883674637e-01
1.501033519397000582e+00
5.593431460226133689e-01
6.612005960669601334e-01
7.336228214937248193e-01
4.369297664381311952e-01
-2.155243293340778077e-01
3.726408253614086341e-01
-5.526781580725728116e-01
8.983513853481768230e-01
-2.077946869722563927e-01
5.943759417574332460e-01
1.951740133275812750e-01
3.267445576579338651e-01
9.750437319085192289e-01
-6.546116780285028414e-01
-4.617750696818613554e-02
1.168595835673814642e+00
9.306311518821759332e-01
-1.622829857550179278e-01
5.509002602670716175e-01
-2.976234527178855949e-02
8.647747911012981792e-02
5.833625076794415332e-01
1.064889309933713113e+00
7.058287473494250230e-01
6.850995696581848593e-01
-3.946290955736191791e-02
4.000891903589810089e-02
-9.575704715778911025e-01
-1.089426413590075249e-01
1.154153450804229486e+00
6.843772202183983078e-01
2.010786432780956035e-01
-6.254548433926647721e-01
3.635986318752472135e-01
2.095691575259925443e+00
1.505552709553914736e+00
3.050840837831089725e-01
2.138179743845504133e-01
6.693604688671244141e-01
-1.719053708660782109e-01
-2.524444088759585925e-01
1.492913795994868509e-01
2.984214443278311313e-01
-8.578275948889804714e-02
2.968227390036427549e-01
5.023712975825098681e-01
4.018840467651449977e-01
1.341687782243393912e+00
-3.027223050435861595e-01
9.180221183694318166e-01
1.150069833854633572e+00
1.583082081789089379e+00
5.178535240575478371e-02
9.605342431398561365e-01
4.273154410814625770e-01
1.304777052290467809e+00
1.432101577053765951e+00
1.273068758332299488e+00
9.930769064173117222e-01
1.678115495405401392e+00
1.722444903672646355e+00
-1.024603018550994671e+00
-6.223943446191436690e-01
2.432520302570386483e-01
2.906922412161347391e-01
3.257483903134638092e-01
-6.386262131335332937e-01
3.381137851086056800e-01
4.691523436458718277e-01
1.313327261690973025e+00
1.978355197163755574e-01
2.324751737548439584e-02
1.291759564344169102e-02
1.863550840302390599e+00
2.920771631651224443e-01
1.088374748950693416e+00
9.481567794420902029e-01
7.067450555659994249e-01
5.406492315565391005e-01
1.511122700470556746e+00
1.075390162620768697e+00
1.588699775517682378e+00
-6.682374007456303167e-01
-8.765125196477266956e-01
1.421596311436988502e+00
1.079977313383678972e+00
1.270601723194033916e-01
4.379851641602874324e-01
-1.670320826172287110e-01
1.602105072005863828e+00
2.499784912131783332e-01
8.814118790348552945e-01
1.621045243911621192e+00
-5.203517876056463765e-01
6.897838926481567601e-01
8.696688247632444746e-01
-2.909039547648806789e-01
4.138932317431272545e-01
9.129797131363638352e-01
3.227289738725353518e-01
9.697371209617802190e-01
1.071171102007121290e+00
3.167774907969638232e-01
5.565558346423843394e-01
1.228629370726217473e+00
1.766919979298246401e+00
5.552125802451999270e-01
9.334074098112934426e-01
-2.248502200978030330e-01
7.992594588364075880e-01
9.815637512662798159e-01
1.313074789289440991e+00
5.343998284448985281e-01
1.232800524126607788e+00
1.128028728108355416e+00
6.960063981791100307e-01
-6.318206107376577174e-01
1.481455230271669032e+00
1.177670982073064365e-01
2.692868372056622661e-01
5.674694431052926813e-01
7.503991156858448308e-01
6.483733368073407721e-01
1.336967921631658340e+00
1.352634738540410275e+00
1.667372572517724860e+00
-1.644133735785721362e-01
-4.876863192588353213e-01
9.527220642951450547e-01
1.107462977564271256e+00
4.427822052573919809e-01
-2.277129623995209906e-01
8.048743411840746376e-01
1.437872659702119638e+00
4.702819360566149465e-01
1.863509765738214030e+00
4.335485252071842321e-01
1.393347045741057277e+00
1.088745209878624776e+00
1.659778988968915181e+00
1.053053469576153089e+00
3.998337125998085440e-01
8.990328728797725155e-01
-8.628532697141269581e-02
9.361447374636754359e-01
1.612002357289527010e+00
1.917733025519868240e-01
2.371300839061616927e-01
2.113786466131325259e+00
3.047192351635530927e-01
3.668727078447548973e-01
7.324550779293189651e-01
8.535362202004739274e-01
6.816445230641381414e-01
4.102505216962060719e-01
-1.240476294865130169e-01
-1.747940371114203306e-01
7.916581168909037070e-01
1.185385523257231899e+00
6.988809554623790499e-01
7.291887677119629485e-01
1.025949513896745824e+00
6.942594524994107064e-02
-6.210974717333987705e-02
2.115628937372814877e-01
3.211051942257329983e-02
-1.580372887410072882e-02
-4.551449519884114836e-01
7.361528622013784329e-01
2.404157706203558231e-01
-5.763750737664602442e-01
-2.252175843430045121e-01
9.743251395813451454e-01
3.204149866672779123e-01
9.840636630710914989e-01
1.410359339327989403e+00
5.727113004417604403e-01
4.782792695767499325e-01
2.407345390799086049e-01
4.826073485727780943e-01
1.523130684392937972e+00
6.763878233628023429e-01
9.653506791049273339e-01
-3.364544550975959170e-01
1.281766591834512803e-01
9.452604839271409043e-01
1.438669854737584464e+00
8.978596859207816916e-01
-6.667550636285864141e-02
-6.232533804563603619e-01
6.239551015080646579e-01
-3.456846157069163317e-01
1.409472151477952240e+00
-8.080800750302371549e-01
1.037526211804902454e+00
-6.015339400816337168e-02
4.478424456712244983e-01
1.319077407409562086e-01
1.621939135220586525e+00
8.859052208517000926e-01
7.709604463476384950e-01
3.258966862151193578e-01
4.059184888334079200e-01
4.701997266368609374e-01
6.830537044332301022e-01
9.806773623060506262e-01
4.349106274439818454e-01
6.661346381744512324e-02
-5.992177928014568167e-01
5.728213914105816373e-01
1.382502514207014865e+00
7.604382164693307411e-01
9.294866326567873260e-01
1.269161166131354213e+00
3.338728605886617795e-01
1.802369072800497962e+00
-4.177362884239248231e-02
6.297212304206133426e-01
1.275980859755978969e+00
8.553462912741438551e-02
1.396382855539260781e+00
1.296624000689428069e+00
1.272117295769910061e+00
7.780555282250268823e-01
2.345235530982049399e-01
6.804708413555404789e-01
-4.047733137881111554e-01
1.285991200789352806e+00
5.748418173385432262e-01
5.786126412987370182e-01
2.012124096134299212e+00
1.395621420411750080e+00
-1.820980929191435838e-01
1.196491544165459553e+00
6.592200506416583394e-01
5.326614428545384250e-01
4.604975140061655092e-01
1.347897200633787346e-02
3.736013258394732528e-01
-3.309943531488186985e-01
5.097538362870545070e-01
1.324327194529973495e+00
1.661055645474827369e-01
-7.789366778506562339e-01
1.956499792925903369e+00
6.997412793948899479e-01
9.232181060054883703e-02
1.581803217089216895e+00
6.467857697292453967e-01
8.215767961514610640e-01
-3.201578027012285527e-02
-1.340705843333010572e+00
4.925374583189535693e-01
1.215966120870264122e+00
4.835876230646151130e-01
-3.618807436966865465e-01
1.552355404449523857e-01
1.870608341601833313e+00
8.175875105884597982e-01
7.176451130085835795e-01
-3.774722329082699224e-01
-2.924208626774136288e-01
2.065527477716466165e-01
1.464555934208978449e+00
5.098985064102071751e-01
1.383667102507473157e+00
-1.463702745307322861e-01
-7.192403451264519632e-01
-3.156688864383046522e-01
2.298749669608431967e-01
9.228688238958040468e-01
1.416212282412576462e+00
-1.094941267168040300e+00
1.344483446248805780e+00
8.615369830590573486e-01
-1.587113717367624188e-01
1.088542733597928303e+00
1.075852493445946800e+00
2.332363135422337030e-01
1.031112485070995843e+00
9.515385532324721618e-01
1.585102334704371063e-01
-8.018864758540676929e-01
6.338880672814723935e-03
-3.140130678196251246e-01
1.441527828253564625e+00
6.263323929209545504e-01
1.427625768379834792e+00
6.417447147954002951e-02
1.146122209714806051e+00
1.577368755008777823e-01
2.061930361428519820e+00
3.059773432999405296e-01
3.790458302572489724e-01
1.336970575538087846e+00
1.461866200727181209e+00
-1.189983635900923042e-01
1.420494496098556880e-01
3.651306259791745057e-01
9.629605409557930873e-01
4.524340501017242167e-01
3.904080767462730917e-02
6.226336473377241942e-01
1.435128196777493981e-01
2.206077585870724334e-01
3.072721806465777972e-01
3.239578151903574343e-02
6.007669518187798152e-01
-1.299689636222122746e-01
-5.021346415614120762e-01
4.648212828682192765e-01
1.889766596912171748e+00
3.362976163327067169e-01
1.059384819622023910e+00
1.427895059949011225e+00
1.202296823417444260e+00
1.497814833597567452e-01
2.204273945028571435e-01
2.458621092467258573e-01
7.125851949290263887e-01
9.668524335124604185e-01
-2.098746744622038418e-01
4.830763234337493994e-01
-9.040364627415783949e-02
6.348911528948477656e-01
-7.592139515799285476e-01
7.952138433754460944e-01
-7.255637149688984877e-01
1.749823630258389995e-01
8.676019352013549790e-01
-3.832027562509737750e-01
-1.502441446654026458e-03
9.325808301825819768e-01
1.665447743278920978e+00
1.093891825077174307e+00
6.958772998990585545e-01
5.487652765162358559e-01
1.276796269931233629e+00
1.035809288693810615e+00
7.528244968612779475e-01
5.130786396003457206e-01
5.048153070616387961e-01
2.266254742813062495e-01
-8.026403727257507281e-01
7.409165111913144086e-01
1.263734293327577918e+00
1.100185342364030872e+00
5.947035048825051184e-01
9.433227255321871563e-02
7.256801404001318456e-01
1.064468986854039123e-01
2.684390670556972003e-01
3.737334684415760666e-01
9.107930005484652369e-01
1.758796343219207525e+00
-4.214898094937779005e-01
8.156220861382329490e-02
8.715123623797081942e-01
-4.068963536614938481e-01
1.894308745583880071e+00
-6.073311868794827317e-01
-1.378634510681224778e-01
4.873679606486825411e-01
8.581630994008320190e-01
1.008682289325080417e+00
6.105780097988108279e-01
8.576651789304184925e-01
2.989520035132607889e-01
9.230381869572388265e-01
-7.790474596844189081e-01
2.227714700292026340e+00
-3.559019572454382163e-01
-4.228836549068595296e-01
2.663642435306383671e-01
-4.793873704845393324e-01
2.808294001904138582e-01
9.681607676000698604e-01
-1.031478701202423798e+00
3.304399908307257827e-01
2.858635135935209126e-01
6.102813038765320108e-01
3.362919116504370365e-01
5.430011006325627942e-01
7.846553845498922541e-01
-6.202948407815250809e-01
-1.018257812503362419e-01
1.384952622891529428e+00
7.495097033286745036e-01
-3.510629358541863393e-02
8.881256635356210571e-01
5.656267788504488747e-01
4.898959396783965636e-01
3.764636812424999035e-01
9.961053129409843665e-01
4.678998061871942893e-01
1.007720583884936127e+00
8.091937538162338184e-01
8.325526344191842565e-01
-1.747793550037229082e-01
2.942033401013031124e-01
1.690632245211604601e-01
3.331783778235387627e-01
1.173005185613783752e+00
-3.115073063366599615e-01
8.513429248909432090e-01
-7.568121019985098175e-02
1.076736882238626514e+00
6.983166955117938585e-03
8.460014170136530565e-01
4.146600704737855858e-02
-3.645877204950925821e-01
-5.097142752175258806e-01
7.968096583855066584e-01
3.765966357471490777e-01
3.031332418692558317e-01
6.212674890910880876e-01
4.990544631013704713e-01
5.905690760509524351e-01
-2.593856648046783953e-01
9.912903225606145563e-02
1.388452100754101526e+00
1.399456299253373226e+00
-1.226958391530104941e-01
2.447266452138954773e-01
-3.658894228423188455e-01
3.852703335566127762e-01
-1.009721023727113282e-01
4.662909561684765447e-01
1.096286588369576043e+00
8.910703187980772988e-01
9.164218009169105006e-01
1.507777731278217681e+00
6.872705022192866497e-01
8.157020111619897040e-01
-4.486824744588328029e-01
1.235742591949299474e+00
-3.221479363708708021e-01
7.105134787686354647e-01
8.112860956494060138e-01
7.389061186764760425e-01
-1.217820917866020564e-01
-1.912407449454400499e-01
-2.519269066180921390e-01
2.864057236941607298e-01
-8.827714662606800378e-02
-8.925065914075751561e-01
4.587165964445592548e-01
9.369938456954987060e-01
-8.082487859663992635e-01
2.801654807346602438e-01
1.136839873857662941e-01
-5.027383432170563077e-03
8.785326646656387295e-01
8.360196790769511832e-01
1.095891735941263156e-01
1.095136741589119778e+00
-3.340798948443878813e-01
2.105740130579427660e-01
-7.619530684840165879e-02
2.469021252177636405e-01
-1.481910243777965763e-01
-3.649991307065215684e-01
8.701040766528228554e-01
1.071820439886813192e+00
9.010123689409645920e-01
-3.994624192768029269e-01
6.897015028040222040e-01
-7.876390152630775576e-01
1.009825845548034007e+00
4.112395806718137092e-01
7.660339048147990493e-01
-7.298625938564727855e-01
1.929398542309048059e+00
-2.007804727902452457e-01
1.394019284662671110e+00
-5.880132429325405363e-01
7.108892331099228024e-01
-3.881866784165671769e-01
-3.073359496097450294e-01
8.013325393793064855e-01
4.217125139651390908e-01
4.153255262043047957e-01
4.991718896042021680e-01
1.455052582773708858e+00
1.089107501865616001e+00
-6.530698485688557486e-01
1.143151383698236323e+00
7.900853472057393079e-01
2.426482018953421971e-01
8.093929458203408256e-01
-6.050829514044225171e-02
1.345705461357647348e+00
2.189431332877057046e-01
-9.803971909592643641e-01
1.029546427986344076e-01
8.563485811142866888e-01
8.217523787516974876e-01
3.013502370977154121e-01
-6.595324999942389632e-02
-1.818708743110585002e-02
4.651138037187470542e-01
-1.224322605929682589e-01
1.967057358853407378e-01
9.655259799880613336e-01
-3.070314080271770441e-01
1.511244173856449491e+00
1.328322172678540358e+00
7.583006009461839003e-01
5.856180615897563779e-01
2.464197363198038782e-01
7.687146611921026329e-01
1.918979291438815127e-01
7.288483454158661834e-01
2.662742287101844685e-01
4.355355242388673775e-01
-7.253136740470333965e-01
2.291982818580349801e-01
3.897159959288798436e-01
-2.921903196127993985e-01
2.704629583179017915e-01
5.993061572236180190e-01
1.453012123806862066e+00
-2.524628884142290225e-02
3.891834106404117311e-01
1.760157532346434683e+00
1.375382016833906595e+00
7.664696903453277477e-01
9.735682447265228134e-01
7.329359205511079001e-01
1.011271594114178995e+00
4.147489191673426889e-01
3.238749561361128904e-01
-5.496053943421200794e-01
1.028689318551769594e+00
8.460166503106232305e-01
1.423601143828270743e+00
4.978176565486994720e-01
1.034968825402160508e-01
1.065649017017357945e-02
3.825670890485108333e-02
6.200873759186414924e-01
4.591354463475006975e-01
1.286054318457177548e+00
8.037391045691032465e-01
1.949147022702063525e-01
1.365737981529096645e+00
5.013206833044014932e-01
-8.062827536390537730e-01
2.611513590783300365e-01
9.314981612483783646e-01
2.514181104234784137e+00
4.219034493352603610e-01
1.025278365293239347e+00
6.825135436037926828e-01
-3.725545902321242830e-01
1.647576353659078174e-01
1.287163311675035837e+00
5.019742047369319948e-01
-7.248529013661664244e-02
8.612728833440816412e-04
5.432017090386929148e-01
1.176625233693531003e+00
1.115651195002267837e+00
1.574277604612618620e-01
1.115440453826952227e+00
7.456582552984079015e-01
1.161647222595129980e+00
-3.542335234752986839e-01
1.138776855383117903e+00
4.450801891917760544e-01
3.675351763586814369e-01
4.188629010347496018e-01
2.582777980742697599e-01
1.347076757550091097e-01
3.741973607267061741e-01
5.847381623390982552e-01
3.307412234200770573e-01
4.772888306665192676e-03
6.702552179114938946e-01
5.201203211705877072e-01
1.368508227495831564e+00
-3.484250618358097906e-01
6.352408077976448020e-01
1.715323241697958023e+00
5.079853212171206445e-03
2.000397826516714161e+00
-6.568131096744554698e-02
1.877220491849684314e-01
4.739874510355174958e-02
-8.129936285823547992e-01
3.977001597769037611e-01
9.410680713754353555e-01
3.928742880416468686e-01
2.846587658057123660e-01
8.579563426509081436e-01
2.471757144791378313e-01
9.820897959444256919e-01
1.530285548294796127e+00
1.865956505053759651e+00
-6.743048504713383684e-02
-7.556831411222628692e-01
-7.909981399432356453e-01
9.742093227588376203e-02
-5.086481480886106965e-01
4.639436678193780139e-01
1.717925879538655942e-01
1.802289405354683960e-01
1.362384812799902534e+00
8.028413408230279380e-01
1.887990176846464419e+00
1.461350704509267517e+00
2.053034094801388654e-01
2.634259762417807127e-01
1.172356952825988285e+00
2.189330529005950945e-02
-8.471404304878262792e-01
-4.134102589394562655e-01
4.812978041624505487e-01
-5.503571974261625005e-02
2.614130192541967990e-01
3.762336426782537657e-01
-5.400871820012540514e-01
1.114612257728032185e+00
1.418457131872269850e+00
5.110449824769132121e-01
1.526682138734030802e+00
-4.880634020668477846e-01
5.718913095988678030e-01
5.852263930234878897e-01
9.358363366187464338e-01
1.251320197100785458e+00
7.103400564736820355e-01
6.327237437775480311e-01
9.644436674633722895e-01
4.117984217510023970e-01
-1.344155453622975227e-01
2.856808913459381039e-01
8.288499517741665379e-01
-4.463114381149284327e-02
-2.067867879317440705e-02
7.175778387733426911e-01
5.981003118150440834e-01
9.214340660316634457e-01
4.440237226395629677e-02
8.197725727762933401e-02
1.056064885513751106e+00
1.006378968281973041e+00
-7.654191283037898863e-01
9.312233400166731734e-01
1.024219550373987042e+00
6.330706019926345129e-02
9.266614381290329272e-02
-6.626584784859003152e-01
1.031091359897027049e+00
8.664026284332330130e-01
4.592068603754206890e-01
6.077257646913029054e-01
4.780293269499129027e-01
-3.140676517818077884e-01
-6.908438528817757718e-02
2.047841554037280742e-01
5.562655219342255153e-01
-4.196209327165471015e-01
1.047232649648626390e+00
2.798823471266381757e-01
2.380164277340935108e-01
9.474478397016733444e-02
3.099877916498656738e-01
5.946895067686697178e-02
-9.044057189782862827e-02
3.303824593044707436e-01
7.134467316947682436e-01
1.031680238705209751e+00
1.982586353438610949e-01
2.871655259915612546e-01
-3.222325300989939967e-01
1.413749320872316639e+00
3.415692438088510641e-01
-3.266592592307909770e-01
8.290485152726643214e-01
9.373797006592915482e-02
6.403669678922910835e-01
6.780470147669854786e-01
-7.305203508559057202e-01
1.200346516206229008e+00
-3.916451608526960171e-01
9.998623835301834184e-01
9.943063896493653520e-01
1.213497664913185448e+00
-5.261506652316559896e-01
2.220767645719851080e-01
1.336431303259800529e+00
1.167153220002435265e+00
2.262283603599960641e-02
9.192098343023458185e-01
1.884365020258787493e-01
-8.488714410417261269e-02
1.410672802479511434e+00
-2.775295300324842618e-01
4.352475784161834449e-01
1.598934958200915135e+00
-2.212738935268685203e-01
-1.038473139911924026e-01
1.235260244352967274e-01
7.076146355508917685e-01
-4.302920360308159498e-01
1.189726858898041639e+00
1.501709207504607235e+00
-1.440296193536317881e-01
5.300844506997353101e-01
3.617119757825248416e-01
1.561563119552680012e+00
5.277616234794088035e-01
1.344800505519833544e+00
1.477723296112529172e-01
-7.162805876229061397e-01
1.250843808969153703e-01
1.312408246584197080e+00
-1.487296466202473466e-01
3.793915801290191903e-01
5.393101814372841529e-01
2.913891297792692292e-01
1.497911524141580131e+00
2.451375982790829633e-01
9.771063075294120770e-01
3.774740741542302325e-01
1.559936019009422026e+00
9.164342318193299253e-01
1.161265183580083127e+00
2.078833911941141976e-01
-2.319824810932719639e-01
6.405576229172798008e-01
1.336408405910071151e+00
-5.870773543237337577e-01
3.200014492409585798e-01
2.472109981568532955e-01
5.070196503130195431e-01
7.416491675644424353e-01
4.849292035566363790e-01
9.659571498610109996e-01
1.265925711392632325e+00
1.004527305357195255e+00
8.754920122071768729e-01
1.312361450651086336e+00
-1.319377111321946017e-01
4.540881918233275472e-01
7.938790950701335447e-01
8.623501019973501824e-01
7.288953809032906461e-01
3.887984917181759870e-01
9.934259155955226239e-01
4.968452075851663430e-03
3.191326277432833258e-01
2.607078494437234384e-01
-3.441447939810131085e-01
1.184483414542417901e+00
4.226074208630150042e-01
6.600086433420456755e-01
9.302720953269708604e-01
6.617734113655961981e-01
-1.235089163168303084e-01
4.346964217377650153e-01
-7.413708256534949637e-02
1.497521243892381282e+00
-1.797318923287858361e-01
1.168892847430629045e+00
6.142141377392916768e-01
1.030928130395343478e+00
7.982121173194679509e-01
-2.842170290442707636e-01
-4.075433688443449998e-01
1.729880702837712780e-01
4.973943916044050173e-01
1.216529161957175642e+00
2.541892457340955147e-01
8.210356164186154437e-01
5.278809845368885867e-01
1.518799911105206402e+00
-6.029915829996769505e-02
7.533644116815283454e-01
-4.463179942765066466e-01
3.058328560082966829e-01
-1.097801863284957102e+00
-1.353793326383465612e-01
1.869071927277067002e-01
8.886028184265294394e-01
4.309111458622374990e-02
2.975372285336473910e-01
9.826781265665032183e-01
5.890888488149665925e-01
1.498305105104354551e+00
1.114631216979028450e-01
7.668001038052489615e-02
-1.928459543112341357e-01
1.468434337933822942e+00
1.252364233404323457e+00
1.497094553352032120e+00
1.326263228930667282e+00
4.616912421371623942e-01
1.118925243656598845e+00
-7.524510747236683450e-01
1.670644829455965319e-01
5.078412887097114581e-01
-5.084721043852721278e-01
1.031804449126124540e-01
7.452676834792368865e-01
8.307617019705749728e-01
9.713151702941653642e-01
6.349799228115615701e-01
2.171716198004652043e-01
1.402959619097123856e-01
8.668556210733080469e-01
6.475035301644155306e-01
8.097474246558222788e-01
-4.987480265895675169e-01
5.795070127182837538e-01
6.986835666497236419e-01
1.233255186208569443e+00
1.022910597967718660e+00
4.944878056075110995e-01
1.454115374209290490e+00
5.549004276298146188e-01
8.890620388197160162e-01
1.170908929486717875e+00
1.786828165511210598e-01
4.398415153614542161e-01
6.097446739228818968e-01
1.282949585302354034e+00
1.070924477824475751e+00
-1.738344314203320029e-01
-7.029564586465787690e-02
8.006748239055794247e-01
1.481668969271128677e+00
1.319962070833291812e-01
8.286947417952465755e-02
1.026839912838684032e-02
-1.355599607122431882e+00
-2.989249368008840557e-01
5.329772764871804069e-01
3.248202858794605463e-01
2.094763400756041172e-01
7.499083671742741153e-01
1.396532123542838288e+00
1.011492051952298299e+00
3.046611364580659731e-01
8.475931696290467388e-01
7.778291852670780049e-01
5.964872674459277269e-01
6.453597877272270189e-01
2.311956934835159294e-01
1.718646336462223090e+00
6.042083017285562185e-01
-5.041012508840483353e-01
-6.864118892121068294e-01
1.381962811642296174e+00
5.113302707592726204e-01
3.211368778583874040e-01
5.586361842711209946e-02
7.570402063947782034e-01
6.110345853816463446e-01
3.753859578321345203e-01
6.729096343827454252e-01
4.322339480152557756e-01
3.323171359401443925e-01
7.921785283928204358e-01
1.252588089837601393e+00
6.981338362503396455e-01
2.151389910284015605e-02
1.189712151025119846e+00
1.178034933065737366e+00
-3.846925786382923707e-02
1.304623037570480371e+00
5.038389552861194387e-01
3.035525803179942722e-02
9.510452045589921077e-01
1.089682056531066534e+00
1.519544745968783861e-01
1.692268287191265985e+00
-1.489318094149157390e-01
3.430683310688417142e-01
7.913400350285801910e-01
2.176353074313201463e-01
5.862838626100153050e-02
9.763785335520781539e-01
5.970088687212763423e-01
5.095597458924396861e-01
1.050982456447453250e+00
-6.388855148446030974e-01
-3.930360270163015812e-01
-2.588417316845358362e-01
5.841521534865417448e-02
1.381627776814896791e+00
1.581250809318116124e+00
1.249515416207041957e-01
6.002212250418347272e-01
8.386744200299190988e-01
6.435015506024061027e-01
4.291663990498250647e-01
6.208671528844119658e-01
3.348171623190313029e-01
6.966862419225953174e-01
-1.110795887671190973e+00
3.416645262119510917e-01
6.678161367027467543e-01
1.369652121817306778e+00
1.738158302894132201e-01
1.173935469277947341e+00
-7.818267111368594480e-02
1.266909190950479935e+00
6.901357090520922333e-02
4.496142827652646057e-01
7.507377026374008055e-01
5.370092904729687477e-01
-3.045154116623499663e-01
1.146086775028168692e+00
9.095030398359424950e-01
9.294445749820653413e-01
-6.132802203319887013e-01
1.946610914337995324e-01
1.790310404980820780e-01
1.246977254707425153e+00
4.254525247617200745e-01
9.759139552362422476e-01
-2.992323606459044716e-01
2.251975195571067068e-01
1.673121776196125676e+00
9.935876703255859255e-01
3.906818773851996052e-01
1.204389942228685451e+00
-1.905213536025942012e-01
1.314040562793094891e+00
9.670238358044978000e-01
5.350285755590122871e-01
9.776586454662715697e-01
8.151476225654858965e-01
-2.554801446608296334e-01
-1.542498461254731834e-01
1.740254820581813855e-01
-3.254500069370003801e-01
1.254651526871767508e+00
1.690332736486710230e+00
-3.583533842165158023e-01
3.322954300398890393e-01
3.082483709344838174e-01
1.051688951576655429e+00
1.050484174997071696e+00
3.830912101036287321e-01
9.884636258012714505e-01
-4.040116146663438879e-01
1.737252405344678063e+00
1.571835535211801860e-01
1.004409408964303196e+00
2.374298431033083634e-01
-1.371910648903739149e-01
1.254529076122680720e-01
4.762703488449944178e-01
9.634014320363166739e-01
6.985687502406762173e-01
6.908438181529296118e-01
1.541914106502653592e+00
1.940616433745022684e-01
1.757967339297801024e+00
1.250042164415965162e+00
1.218389805367336098e+00
-1.554899328900164746e-01
1.286187444596925245e+00
4.400979204693417079e-01
2.580823952749989880e-01
1.438613658827248676e+00
4.243580986577797365e-01
1.391861730020393373e-01
4.342750744750268344e-01
3.346176471744050085e-01
1.432463539250137696e+00
-5.544069705446253576e-02
6.619729621885031556e-02
-4.860610492387977266e-01
-2.660410094121950508e-01
-2.662406959185140698e-01
8.591717320495504406e-01
4.570932948955261366e-01
1.075263284478966463e+00
6.616500413419688087e-01
-1.038845631615703674e-01
3.884453494842736443e-02
3.543647748748715021e-01
1.029364812168890309e+00
9.784535917198380339e-01
-3.262392612256262980e-01
9.533523163558482727e-01
8.293389893563853921e-01
5.429162454570596319e-01
6.889152420368830354e-01
1.928451681746879420e-01
5.303574568762080971e-02
-2.238682708081378980e-01
3.735988849050833616e-01
-3.224885681077209743e-01
1.368238746175922227e+00
-2.034826902458768128e-01
3.034881498493577912e-01
2.688647852160228613e-01
1.257730262097433549e+00
1.868907748911052547e-01
9.347141171454842468e-01
-2.701468272656334380e-01
8.109992137377881605e-01
6.819789341146103023e-01
1.227067799348411814e+00
5.507484901847087277e-01
4.629539587371087062e-02
7.509532348224434717e-01
5.201299069886272664e-01
1.470540942369530091e-01
2.650648161225161586e-02
-1.252978104008398486e+00
4.803877156123074754e-01
1.190914813424621910e+00
-2.208639902549269785e-01
-3.209318884197647215e-01
4.739680785077672320e-01
1.245405972994571148e-01
-1.654098493856911434e-01
4.741036144106759997e-01
8.112842216423775676e-01
5.909720833861956679e-01
-6.989862075757174997e-01
5.946751935614978946e-01
6.274359370093231247e-02
1.351377915232143678e-01
1.171145102374759439e+00
9.478535809854783389e-01
1.412491421875536890e+00
5.223238326337026338e-02
7.955048933000672395e-01
3.699695322451284074e-01
-5.749412659616658094e-02
1.124441906026357074e+00
-5.970208117311620599e-01
4.816055310249581223e-01
1.450114685923473923e+00
-5.544698724972468851e-01
8.963842606077280228e-01
1.000099104655224114e+00
8.972544169315093132e-01
-3.522545518091038108e-01
3.200168870518445008e-01
1.974421989789233167e-01
1.100083174571697908e+00
-4.754471487499832560e-02
1.661480511683893102e+00
-3.833442248669290953e-01
4.790020592964784329e-01
-3.841941963744773814e-01
-3.056024742125487137e-01
1.348297857011448719e-01
9.402722630142394677e-02
2.189835922748744057e-01
7.204229346710168125e-01
6.434798730905122444e-01
1.903762874450111386e+00
-1.820612664849712015e-01
2.000619003606789903e+00
9.314175091330950673e-01
-1.282885159061045721e+00
1.673928265638520152e-01
1.090006196926482485e+00
1.104044117041698136e-01
5.508867365314883413e-01
1.995440574460323746e-01
1.041176915343572373e+00
3.592612026504728440e-01
7.840826448787043823e-01
-2.307708582587573998e-04
8.647620706582406225e-01
1.294793333925168044e+00
-5.050329734495742073e-01
7.267097285244752403e-01
9.058059709526717906e-01
4.947931565141875931e-01
6.881332378569848807e-01
3.845184223963741821e-01
1.755768089904052642e+00
8.544773186088030492e-01
5.938584253455253537e-01
-2.446357222649620244e-01
1.030685694669321695e+00
1.918662201412592305e-01
5.552386251806895601e-01
-5.490993005925169923e-01
7.781795196189189578e-01
-4.725789256612573652e-01
1.092727555773542525e+00
8.427099060008402809e-01
1.752862458934959289e+00
2.349638199399683713e-01
1.821333443991385859e-01
1.031148861254144178e+00
-8.320343055757740691e-01
7.098945278374697854e-02
9.243919608176570657e-02
-7.877757183953844056e-01
5.532364957719897447e-01
1.025407464663110835e+00
1.350866267981478241e+00
1.175637470111625671e+00
8.495784516601067038e-01
1.077325723415497816e+00
8.040607994401934855e-01
2.217793498888626369e-01
3.845205258135830917e-01
1.759382040678076631e-01
-5.208124571454105789e-01
1.224505862370004916e+00
-4.673082625650589739e-01
-3.550127331118630436e-01
1.672522145112734782e+00
6.761580543561238610e-01
4.997879492400175150e-01
1.518745241363169018e+00
7.512664847130572365e-01
-4.635580799455613771e-02
6.753139944790640392e-01
1.501641018622339896e+00
4.958879684701560930e-01
1.593950907082103186e+00
5.843805171709917090e-01
6.442267052799625082e-01
5.416289491315453564e-01
1.957293721065455072e+00
7.965406479277619134e-01
5.112804523249180333e-01
6.183088770224295372e-01
-1.793911523976312039e-01
-7.896244727930850082e-01
9.422410488896009184e-01
-3.187239071931363688e-01
5.646129325623733264e-01
-8.955249315616333750e-01
1.997216401793249219e+00
9.781732213895566463e-01
1.690707422854953457e+00
-1.185315184507877012e-01
6.255902338499853554e-01
1.505449144597134303e+00
-5.061925628741413830e-01
-3.225905135457630690e-01
1.201522450464224956e-01
1.070056686506364096e+00
-5.634697101778435302e-01
7.409612912965451992e-01
9.448503420080721638e-01
-9.396729832352237466e-01
1.115862258300518883e+00
4.768927268941052650e-02
1.464806844775849104e+00
-9.013395226808380845e-02
1.486306309583951712e+00
1.527272568922543705e+00
9.308288519565620645e-01
1.223664177006553500e+00
-8.247850169411743981e-02
5.323795520255256708e-01
1.004602410568241622e-01
1.163984938553967563e+00
8.694268133372551333e-01
1.716864603752046303e-01
1.904077899582010402e-01
2.433484739998031943e-02
9.329196788095681647e-01
5.056118796271960592e-02
-9.107812443929815815e-01
1.667475862369622197e+00
9.418972163720266133e-01
3.754781882422800199e-01
3.925195043062921357e-02
4.313841612040285600e-01
1.415120169229001634e+00
1.291333967639380076e-01
2.878370729889798696e-01
-5.830512384299276762e-01
1.916791087139032568e+00
8.910428621003551042e-01
8.668530694855018925e-01
-3.067845740332307836e-01
1.798973743747499965e+00
-3.609410801596683593e-01
5.824893540138689207e-01
2.454892510763190261e-01
7.983604363819263305e-01
3.528396694255629962e-01
8.288338706094384722e-01
2.236947112887201494e-01
-1.490444646757964342e-01
7.629993942394520667e-01
1.126119747409843441e+00
7.267446724424242444e-01
-7.656027862651273996e-02
1.002391416887914444e+00
9.747657757295179470e-01
5.344339485467263229e-01
1.452868017396060085e-01
1.191663211429835556e+00
1.125909352087571591e+00
9.225789641677663022e-01
3.216200998592401716e-01
3.236580953966862739e-01
-9.274541438607963872e-02
5.463795696791197143e-01
5.091312877127720515e-01
8.107044553927629238e-01
1.274432950548327614e+00
6.515789878143245506e-01
7.418400894153814873e-01
2.831362752464724464e-01
8.588533600539519086e-02
4.354401847412389670e-01
1.834010790041821007e-02
1.059133746190842107e+00
1.781328186572079253e-01
8.333995068876471901e-01
1.907186515185594455e+00
1.058364900434739519e-01
4.654316875392071617e-01
9.055244132658218925e-01
2.446329131468637508e-01
1.008948324045158884e+00
-5.400889027694877331e-01
3.083053356468894446e-01
3.938737348879535194e-01
-8.902751806515489807e-01
2.117263032476335738e+00
-1.380933851201145146e-02
1.492158643953945818e+00
1.328717327484713717e+00
1.041465955131867904e+00
-2.936185739897888974e-02
1.320243975274046244e+00
2.923679374596394043e-01
1.698735739353399721e+00
7.111510944642460696e-01
1.088600133371412149e+00
5.312711666439110525e-01
9.485285491903683308e-01
1.180785303860880875e+00
6.454664554567182133e-01
5.475774263268337050e-01
-1.816344381470752500e-01
1.319068746900896372e+00
1.395696743140311336e+00
7.700937310693776183e-01
8.839838839219114064e-01
1.506320818251114968e+00
-7.327283202225043368e-02
-7.917254588717298480e-01
-9.931799647647969465e-02
-3.792717958890458041e-01
9.047113781477299499e-01
7.965683102601192611e-02
3.900157194040526076e-01
1.460624966011484727e+00
-2.685886447432964813e-02
1.134396521723282980e+00
2.310631153315747532e+00
9.547295249302568676e-01
7.286544545074756796e-01
8.589509711811169623e-01
-5.000661003389047510e-01
-4.701101538574409267e-01
-9.438798294904228170e-01
-2.284921564947449413e-01
1.589522022653498956e-01
7.395714749193811333e-01
4.870857030504898155e-01
1.024079110300144535e+00
8.502820407918315615e-01
5.502489970243998885e-01
4.579893474465768222e-01
-3.386768024367013963e-01
1.361775852717070912e+00
3.633066108346723333e-02
8.297701445810981014e-01
5.691398137755520822e-03
6.699108936375562651e-02
1.436054954212077073e+00
5.471240266365792193e-01
-5.556523221214747232e-02
-9.737129378394926427e-02
-1.065850945815548095e-01
5.781757044651313349e-01
-6.279365647377274096e-01
4.923357385617577742e-01
1.337092783200597212e+00
1.280145341066205367e+00
7.547247657308975288e-01
7.087209473453011110e-01
1.744848817151474440e+00
8.132355163412738897e-01
1.485292508245238841e+00
-1.783119560538021509e-01
1.181538283986170779e+00
5.889125046372551964e-01
1.058708864058006238e+00
1.159078696452784663e-01
-8.746607208176848669e-01
5.208934699725387835e-02
8.003903304562681731e-01
2.479810768602830895e-01
6.754739654026082896e-01
-2.806642522544979812e-01
9.654533857581369949e-01
8.728433463843842111e-01
7.449739367170742366e-01
9.158402698157764865e-01
1.167055545422008844e+00
-2.827097407033520304e-01
1.047116401410383535e+00
1.135727145007707772e+00
3.920180719658816204e-01
1.425050794483948335e+00
-3.750207550351674080e-01
-2.298363291198953773e-01
7.700997451535213090e-01
7.837261032859313969e-01
5.882246207611951938e-01
8.011628466373642565e-01
8.158942504925102701e-02
-5.398124457875593807e-01
9.894584568644805289e-01
1.864569733609489355e-01
1.012857179280881814e+00
1.497806272824836249e+00
6.445342050314133431e-01
3.753204428311374130e-01
-1.139497675031933693e-01
1.047341669996836089e+00
1.089634244370098815e+00
2.193849656431944850e-01
7.379632628015936335e-01
1.769349386078368003e+00
8.943137918876937764e-01
1.527385401606706550e+00
-4.394576559010511252e-01
-8.718553366130370463e-01
2.840450937446775681e-01
-7.540290590220620759e-01
9.357036681185388893e-01
-1.033490938282161320e+00
1.541660658457751076e-01
5.635293802007160791e-01
9.038555821176922356e-01
1.205946268837330804e+00
-2.443971168124442483e-01
6.675995421194629298e-01
-2.380652777432270828e-01
1.157787703053968054e+00
-4.892114833027989551e-01
3.200586422817346399e-01
6.001533508275364026e-01
7.732010170440705155e-01
5.772629390236223151e-02
1.472214548795454991e+00
9.218301244858913002e-01
1.833014404771209360e+00
1.245014906835511637e+00
-1.453584649064927070e-01
4.792195549593927240e-01
8.125004472013834800e-01
4.767501207685588827e-01
1.243788092675810197e-01
2.276108199487340000e-01
1.289439900274615136e-01
-5.080165180416178206e-02
2.496297461978169707e-01
1.053974123460455159e+00
-5.775557291361499423e-01
-2.878724328669345356e-01
8.739302364392975697e-01
2.061410984345074804e-01
1.802008244535399317e+00
9.306974476581069133e-01
7.503376875202624197e-01
-6.197956590399954502e-01
4.039698398133961810e-01
2.038012422788308964e+00
4.124699494625749807e-01
2.849551844917887211e-02
-9.402665638472565424e-02
1.148717387477766083e+00
6.328120365704738015e-01
2.114117224602694856e-01
1.806040023044965803e+00
2.865898441369783001e-01
-5.924208774137047079e-02
9.567427795055017947e-01
-3.383551152877027901e-01
9.737769968839085077e-01
2.537913438207681782e-01
-3.274110021368619727e-01
2.603338491725058490e-01
1.529733597421415237e+00
1.304347565138872955e+00
7.067751196928098167e-01
1.221851237212854713e+00
7.520751313873011989e-01
4.444751343294344736e-01
-3.177298281708241245e-01
1.128493738184872669e-01
7.826176777514745053e-01
1.311896227832402229e+00
1.452520343195560781e-01
-5.435579229446351190e-01
1.385867797669943391e+00
-6.695936903537030860e-02
1.239794436842784009e+00
6.476295011218999864e-01
1.396182388160379373e-01
4.284646380348636208e-01
1.270863213956284321e+00
1.255420272007945703e+00
5.228813193238361912e-01
6.934931340305775516e-01
6.684563006672138430e-01
-6.258963093168067038e-02
5.666369517533784705e-01
9.107395408589761265e-01
1.205150534084852010e-01
3.873744331142484065e-01
3.000061529571065866e-03
7.946871538088393638e-01
7.372825998742101872e-01
3.952834124813714434e-01
9.903505925587803294e-01
2.776838425573370239e-01
5.492443894773374469e-01
1.499535605898377089e+00
6.502055319648262222e-01
4.856407483068072017e-01
3.843185335317907403e-01
1.061035834796014488e+00
-1.974262789966014231e-01
-1.088578951780529158e-01
5.304135918120241877e-01
6.969715703046855948e-01
-3.895000432763481152e-02
4.667850060212841434e-01
7.113097457064927465e-01
8.190378188542243310e-01
-3.843835153600960175e-01
5.561641117397645440e-01
-5.320048258294696186e-01
1.123566326721055608e+00
1.011116124831201279e+00
8.387109555002405376e-03
-2.310858494285329134e-01
-1.815117540497390713e-01
-1.293046747008678388e+00
-4.165116753060179033e-01
2.011367295661451671e+00
-4.789732428378217777e-01
1.622020930775152747e+00
1.776049786509699135e+00
8.755840646930338478e-01
1.397882054943233809e+00
1.013005652108565524e+00
-7.642115593422706965e-01
9.300601465863094219e-01
1.589135510698291287e-01
1.516436464594905775e-01
7.784360424855540916e-01
1.261633518989495606e-01
-1.179297965474040699e-01
1.586363528984255089e-01
1.002851891941280993e+00
1.236936942551733809e+00
5.613408135301625190e-01
-6.917652496747965785e-01
1.040471104056673646e+00
1.493644971472794403e+00
-1.515509482268228847e-01
2.498841052619462655e-01
1.696040070904690222e-01
1.413540633458639117e+00
-1.025084703321365476e+00
1.367270863554937155e-01
2.601264135079952022e-01
1.481165535503083663e-01
1.037870180404446119e+00
2.796500933723538584e-01
2.577122580032606414e-01
1.743904558650451797e+00
-1.483443380588165272e-01
-2.329211206892738140e-01
7.505073541884532684e-01
7.339150618059896436e-01
1.102242799849438848e+00
4.615110237586880770e-01
9.022617547094416990e-01
1.014822310774963432e+00
-1.746629884395259347e-01
-3.646222270168758550e-01
1.997764758405095042e-01
1.183227384136256166e+00
9.624238613135034370e-01
1.220950589338266168e+00
-1.636300194929332374e-01
1.257843918941106143e+00
-2.548768806412560206e-01
4.757239860850784319e-01
-1.444661236219668410e-01
1.838682209227245901e-01
3.159182770807774654e-01
7.560069623338643297e-01
8.313239224675922356e-01
2.477531331802738934e-02
1.177007960963713407e+00
2.559995666095781636e-02
1.241280276956274964e+00
9.849292716943146564e-01
1.268704238287096775e+00
2.703661492631661556e-01
5.043211338623813100e-01
2.861955957013870289e-04
6.067228782770732742e-01
-8.787610532171777900e-01
3.399665498298209410e-01
3.575263104303344486e-01
2.747743939895894161e-01
7.172909511598201115e-01
2.257205013216947997e-01
1.037623499889414269e+00
-1.602564056273771964e-01
1.005066888472574638e+00
-1.015323189124891501e-01
2.213492975343734348e-01
1.160653941638039921e+00
-2.211845687512009606e-02
6.841241087435737667e-01
5.568319206497240881e-01
9.066075084634434011e-01
-5.899633160639198293e-01
4.541664333368840012e-01
2.176711525738024844e-01
1.189426644737709093e+00
1.933367949425016885e+00
7.698314379100225091e-01
-6.005772018793692490e-02
-6.673918575016553056e-01
9.154422556060930471e-01
8.052721504445589096e-01
3.578974431951609803e-01
7.181369540522268835e-01
4.459827981931752117e-01
7.551087338206061705e-01
7.802493163908229556e-01
-1.986026967475721106e-01
6.647336047300059780e-01
2.665406892897599356e-01
7.226300647641086261e-01
9.211553619060486309e-01
1.216116595403703649e+00
1.194919123007544659e+00
7.878212022073195486e-01
-1.630885177320932078e-01
-4.719427528435993918e-02
-3.626638334822667176e-01
6.794426929003387627e-01
-3.018340401252322946e-01
4.763986964168950844e-01
1.415044829338355292e+00
4.954308951131888294e-01
2.998193313853635966e-01
2.787370028004408917e-01
1.469039872629984922e+00
-1.173863353739981324e-01
3.525943575325294899e-01
1.907131049965039349e+00
2.811272488666961000e-01
-3.609946788043082999e-01
-2.345100908675878393e-01
1.990216044575315313e-01
-4.498379104889408953e-01
-1.961690317964299435e-01
2.640216165388653557e-01
-1.693488898038884860e-02
1.245554999030274113e+00
-1.040096434693379424e-01
1.080670977456454906e-01
9.655134086338164057e-01
1.710961815636097560e-01
7.753782196017487971e-01
6.093918103682315346e-01
-4.279302240869488627e-01
7.730038440402182687e-01
-3.217384088040146084e-01
1.347397325569454019e+00
-1.947598806308969976e-01
1.040778450808956590e+00
3.478130116523357462e-01
-1.395798066650399405e-01
1.207386283193530918e+00
7.936963667750944751e-01
2.128032275612063540e+00
2.453194195051475873e-02
1.552223082881504679e+00
9.021038254842540516e-01
1.048927233386153235e+00
4.441119889997819370e-01
8.322858385588641772e-01
-6.655771350095915917e-01
6.480967036172373685e-01
1.055233981666420906e+00
1.264355001325153438e+00
-3.178345160637480182e-01
9.525148650576940046e-01
1.314836798014818120e+00
1.190438924142803168e-02
6.631551850350877464e-01
6.199418200229405151e-01
4.199330578375907175e-01
5.482802717659928105e-01
-6.156968263534833286e-01
-5.867170597547460148e-02
4.702448635097982721e-01
3.059058710419026994e-01
8.449948893725334198e-01
-2.581022931260062991e-01
-5.798343282974366408e-01
2.818745941487311724e-01
-5.190015329715919057e-01
7.250952311724988275e-02
-5.219844584191176695e-01
1.254475888306900044e+00
9.954803621815061510e-01
-2.166656720057739682e-01
2.969031337164954043e-01
5.891361373124219813e-01
-4.473649419378031844e-01
6.181686675339236325e-01
7.309559222413562762e-02
-7.089501169190115526e-01
-5.884041195661342538e-01
1.114341923764646136e+00
-1.298411647990025952e-01
1.214717345961183748e-01
9.934903433345304569e-01
8.908929825728637009e-02
1.508756402977256550e-01
3.027957707187821090e-01
7.515457125970860242e-01
-3.615562903900731290e-02
1.718427411099346935e-01
-4.977931775467889230e-01
-5.051307366001007298e-02
8.110680619159738036e-01
8.417142998960451539e-02
8.039904735268381675e-01
1.732436644447338914e+00
2.033178888297168641e+00
1.232313447235135806e+00
4.501680037498545506e-01
4.898886029072951898e-01
1.475902618285161783e+00
5.762642575502503056e-02
1.091866889798355000e+00
3.216469964591886499e-01
7.821719096090319623e-02
1.466363638929359059e+00
4.673235244607217842e-01
-2.940696030178193698e-01
1.367766772231028494e+00
-2.837958241685991090e-01
3.255959504278100325e-01
5.526233367004435015e-02
-6.550096152349760281e-01
-5.696526336796596812e-01
1.630427025375793981e+00
-6.723097007143059578e-01
8.210353480231412648e-01
9.827405897299970605e-02
5.912315608592065841e-01
-2.152504577112953621e-01
5.626294629417144533e-01
7.706060908695255840e-01
-4.282876966229129945e-01
3.192399592235710681e-01
-4.258474069852146715e-01
7.438078772173142283e-01
8.017041939513506188e-01
-3.672288877430415210e-01
5.363483970802956913e-01
-5.523195253289922557e-02
1.114460758339913315e+00
1.227220450438471167e+00
9.522845398824278940e-01
1.206372967317322908e+00
2.332473967520702351e-01
6.648158738035940818e-01
1.110685008754944691e+00
-4.396970668974854723e-03
7.963918290368411368e-01
6.540214923899199118e-01
-2.441632300841531933e-01
1.722273796502279630e+00
-2.682105798243458739e-02
2.160737725147511001e-01
-9.863525734494844877e-02
4.689289811529203100e-01
-5.416418544674506119e-01
-1.799134888872964966e-01
-1.992825145891457261e-01
8.400724104633033873e-01
5.925258117477287811e-01
1.201389016550203470e+00
1.371555106762223808e+00
-2.073278576667167417e-01
3.870147847850669010e-03
1.038207534389625097e+00
1.737631130879785379e+00
1.449183587729959255e+00
7.590342792066973043e-01
1.417351504064042977e+00
8.142013890526521580e-01
-5.038707097212209718e-02
6.850513388046753915e-01
-1.279885655283333479e-01
1.974251862542935887e-01
-6.641549995884898916e-02
1.563145330078146600e+00
1.236434649248290940e+00
7.082337482095206749e-01
9.087548341478701719e-01
5.429023254925231523e-01
4.392127094105769958e-01
1.532524250935650034e+00
-5.601196390729183960e-01
8.111478441828897656e-01
2.553820131256488990e-01
9.590249534290457012e-02
9.296544273384057533e-01
1.096102995116574386e+00
5.096995023934892677e-01
1.880839616407597781e+00
7.869428493013622683e-01
8.133963838494279175e-02
5.513817287691188396e-01
8.159788840019166489e-01
-3.679522460496831848e-01
-4.228369828106398609e-02
7.519519547272553173e-02
1.154418687856640924e+00
1.241522242474536686e+00
-5.231863407397992216e-02
-1.147529260353215563e-01
-1.142178666336363807e-02
8.021713248956845455e-01
6.381756832952685254e-01
4.966697601381812599e-01
1.430550222447775743e+00
1.178791819278944164e+00
1.138690661869331766e+00
-2.141582187074944077e-01
1.117485949489201102e+00
3.940371791211699781e-02
4.711112973673850512e-02
7.038950282860019225e-01
4.623331695096577487e-01
5.624309600754172633e-01
-1.013273385018991640e-01
8.676154796879377296e-01
8.807385129166669380e-01
9.344590421175080763e-02
8.731577391312004277e-01
1.240339805241670451e-01
6.216606405283511827e-02
2.842683324662972355e-01
-3.450659247463342960e-01
8.769477812906740777e-01
5.427217289201530237e-01
3.866771437522466548e-01
1.057557580731031122e+00
1.001744467669567040e+00
6.233232975433661283e-01
-5.366807263650678894e-03
-2.920846575284022362e-02
4.238871240779323313e-01
1.556769374567495090e+00
4.375116521068683206e-01
1.872709807474529087e-01
1.408390003991848438e+00
-2.404423409961330971e-01
4.443736109804928835e-01
2.371218249284907098e-01
-3.178240183616005132e-01
1.005064106185500794e+00
-1.946995175717152193e-01
2.124968452444947198e-01
-3.337300540289143969e-02
1.339337666992318265e+00
6.405675678154716390e-01
3.840921536721490503e-01
9.895900253423637327e-01
8.427969386371809701e-01
1.173993100422354940e+00
4.332893588164523080e-01
3.486210944134977008e-01
-8.207036674862187020e-01
-6.679791201441885873e-01
9.405659342408867474e-01
7.063346930020226733e-01
1.590366246275239037e+00
6.652607011959729144e-01
1.269475296633674422e+00
-3.936524897399082956e-01
8.970207657619834463e-04
2.296515375818016236e-01
2.570267606179428288e-01
2.826095610224767518e-01
1.301309903005224422e+00
1.066841879702422613e+00
1.749618745972838285e+00
-8.944702294685430433e-01
1.254971826780137745e+00
3.617986331381817244e-01
3.394899701142320425e-01
3.164990554950099511e-01
4.369721834474164512e-01
8.784133192244236721e-01
-4.410998987722062892e-01
5.477350559691692711e-01
1.374936209231323314e+00
6.930555019508135572e-01
-1.770406117145725544e-01
3.342524961214501933e-01
5.763259355708196807e-01
1.199159738617517457e+00
1.499583562015915250e+00
2.507473029702464995e-01
3.787090155902131383e-03
-5.679748728817769488e-01
3.095552271046715376e-01
2.280410638737526696e+00
1.256157899594900318e+00
-3.356647442650877999e-01
1.128098512968902956e+00
8.369083355523010415e-01
7.140964833832568193e-01
7.520481969215746521e-01
8.998748723199082589e-01
2.067615652600167109e-01
-2.189805912439060087e-01
7.875352421367312616e-02
7.902825672968274429e-01
1.376221700436411455e+00
3.786236906492382870e-01
5.641823191779294921e-01
-6.543521202448152052e-02
7.572683604784100631e-01
9.701549798798957402e-01
1.282110326128403921e+00
1.459438675946217900e+00
5.360754175810870242e-02
8.580611063442128428e-01
7.627867648513797505e-01
-3.279502910986036301e-01
7.874258315387889784e-01
1.782752825544165365e+00
-2.552287467763847961e-01
-3.613295920336955236e-01
4.314376718818778156e-01
-1.664217242104062966e-01
-1.155335410763485005e-01
3.249035014534842336e-01
9.283450577847849328e-01
-2.040738102299021750e-01
1.276056118643483117e+00
1.007301556394033959e+00
-4.446063326017145600e-01
1.444294294523257749e+00
1.138845629008822941e-01
1.688789204246200715e+00
-7.156971804431933037e-01
7.307528922212069844e-01
1.750930461427310680e+00
-1.559442528645345605e-01
4.364033349476333368e-01
4.121953062771845921e-01
-4.529192188662887197e-01
-9.692728554839183941e-01
-1.181753793546875958e-01
-1.460395155734687811e-01
5.352077442961807874e-01
-1.007198558195240734e+00
7.530732222054541403e-01
9.484338076261333850e-01
1.185634838949510605e+00
1.668140577419830128e+00
5.470255054183402743e-01
4.095414010581892028e-01
5.052152301228588493e-01
1.420209707633603324e+00
-2.253029891156744513e-01
9.097995390162572082e-01
1.086374235684034906e+00
1.131198016722779975e+00
1.140715201636376630e+00
7.779390992913423064e-01
1.503403006095757055e+00
3.648500729501718554e-01
1.023181198318110718e+00
1.276666127619381363e+00
4.265576836300108421e-02
5.107338821043174715e-01
6.054156449204806112e-01
2.274427252239047750e-02
2.083933758265462677e-01
1.446082396843923146e+00
-1.786089767234231782e-02
9.221912146352958528e-01
5.991780799478987896e-02
-5.765017972261357038e-01
1.174116494239934250e+00
3.084349092161250971e-01
8.490121973425772683e-01
5.048436064496769626e-01
8.090894807263747657e-01
9.238466431398417722e-01
9.238444536134604590e-01
7.757291186837140806e-01
7.644697190231400374e-02
-4.114673495651108293e-02
7.441696765209161457e-01
3.514370719123381948e-01
1.421712036926373157e+00
-8.536466483171888109e-02
1.520895555266472243e+00
5.220130617715186272e-01
1.469321446588316871e+00
1.613129732754755574e+00
-1.310905285695971034e-01
-1.652832720610790396e-01
4.920763020838865853e-01
-3.252206872435048357e-01
1.776463262542696819e-01
-9.150429160508369852e-01
4.060981651528953740e-01
7.460177173539519480e-01
7.947740536867147973e-03
-5.734401833060215337e-01
5.556291706335368952e-01
-2.088667236506523972e-01
-5.287489296998890698e-01
1.344774835139340707e+00
-4.442578502915432992e-01
4.788402238089763951e-01
2.768205038059971534e-01
1.176191434715281758e+00
-2.799823471161249078e-01
4.322514024486316941e-01
-9.104298728982801459e-02
6.225847133762396624e-01
-4.713222601890110774e-01
1.706206513692001825e-01
-3.392402552288412143e-01
2.920778359635388677e-01
8.625680003614987212e-01
6.037652859572677500e-01
1.264322594844704994e+00
-8.568793652097179692e-01
-4.694910493047214084e-01
9.457667644771188264e-01
1.481263928365433857e+00
-8.987028475789837767e-02
-1.536832436170489091e-01
1.414186537153660606e+00
1.861621786691109337e+00
6.387768203450153726e-01
-9.426190466181219585e-02
9.305542504057809361e-02
1.150609277929214302e+00
6.419642101607880846e-01
-4.768072057838886046e-02
-7.345572911304057984e-01
1.017319145446827777e+00
-3.831922034520970910e-01
-4.099515443095375078e-01
2.892297243658937811e-01
3.542649865668620057e-01
7.129058761061644045e-01
3.713563314035789875e-01
2.170027244574330993e-01
2.120286079502401666e+00
-1.156584787445027740e-01
1.067293117341599151e+00
4.289888951703081654e-02
9.265270979406700080e-01
-9.903656987196829409e-01
6.666317281336741063e-01
3.329887476431175886e-03
1.553008825107737856e+00
1.397804076714884935e+00
5.383492076261707782e-01
4.733110004525183379e-01
5.396644659044040893e-01
1.743074167188966239e+00
1.225472641211732494e+00
1.000310955110239819e+00
-1.126046312302010910e-01
-6.113562315095906197e-01
5.411338001249086371e-01
8.002825458048009599e-01
3.391430925713619371e-01
1.067309902615042549e+00
-7.046191583871704855e-01
7.976175210188464204e-01
1.087249528556272882e+00
4.871413561276132786e-01
-5.416785415241573420e-02
1.390582011437978271e-01
8.492073904061245848e-01
5.955491975037311425e-01
4.505557446625195195e-01
6.369977672670453783e-01
1.810292561917447252e+00
1.225075742388917477e-01
7.169264486040143325e-01
-9.024191463506904265e-01
5.305183578401523325e-01
1.257933414392487848e+00
5.524445287613850564e-01
3.125272117303359298e-01
4.417913660158693800e-01
3.651340460860475479e-01
1.274294488041843587e-01
1.149174467621193241e+00
3.524072401168137914e-01
6.427824008183232740e-01
9.494412311467313736e-02
-3.934276141422380357e-01
5.502850682664316845e-02
-6.042367727129924759e-01
2.383922875531497287e-01
7.574766216415472764e-01
-2.822333782177692818e-01
-8.319636873144152789e-01
5.205679231770605764e-01
-2.323665317157624643e-01
-1.603329282076939588e-01
4.131324102323682967e-01
4.474798691263294770e-01
-1.550792942611615988e-02
-3.347694911411556729e-01
7.697962001846611058e-01
4.872413397467913465e-01
8.026563070847614334e-01
1.290735816613232556e+00
7.316201311620340597e-01
-6.088850331167086072e-01
1.040041852340322759e+00
2.823221054609225122e-01
-5.720504115007396528e-01
3.008909666049832121e-01
7.990101506448921143e-01
4.967615142700187447e-01
8.916833639055820049e-01
-4.111916348765660978e-02
1.142414862864846281e+00
3.495566146398750296e-01
6.195749821351757003e-01
7.954274126103428877e-01
6.561603212871329749e-01
1.426952405325074280e-01
9.523657601480103319e-01
1.242812364028005101e+00
-8.505845459642837059e-02
-3.508547433187513276e-01
4.361891330121942523e-01
4.101738422558541819e-01
7.353497692946355802e-01
8.047062637317315970e-01
-2.609326215012938155e-01
8.863540623860395318e-01
2.536534695277974372e-01
1.174091545353040278e+00
1.184505891861030058e+00
1.926806573098331699e+00
6.766828916290449358e-01
1.255815090026944025e+00
6.051655759948585400e-01
9.306825407022903951e-01
-4.913040243131502893e-02
5.318693404410834713e-01
-3.375862360177003113e-02
2.021122462057425295e-01
1.226512574230004926e+00
1.196428035137019785e+00
2.493517284714300564e-01
-1.045581495338876038e-01
1.228594510139944695e+00
-2.900645429528202479e-01
1.223999599439084873e+00
1.434319815283377209e-01
6.681814788147854012e-01
2.587610907235670110e-01
4.229033310647783983e-01
1.005039571916161334e+00
1.317354452009799948e+00
1.022144705253744457e+00
2.786593363873999252e-01
4.665675840954175979e-01
5.637265234380348655e-01
1.655525054448672817e+00
-5.708439093918168256e-02
-1.950491218896611423e-01
1.076782541101074964e+00
-5.427142483186654376e-01
9.770508532224241316e-01
1.127080137158666812e-01
1.100458191022759324e+00
5.955276569863870995e-01
8.031415297755574167e-01
5.488392317656015651e-01
-1.760383011175257750e-01
-2.688809768157324198e-01
4.776835622658302805e-02
-1.660897707885433394e-01
-5.631023748324214262e-01
4.446108486111707836e-01
4.594258408346620082e-02
-4.408243326308425303e-02
1.327212884266049109e-01
1.178124062299108044e+00
8.166910794024502263e-01
5.669383352397633358e-01
1.416256786543121926e+00
-5.270850606889917467e-01
1.266753579288870390e-01
6.946094954251157416e-01
4.186908405430265767e-01
4.638984114531280456e-01
-9.488820352077487197e-01
-4.454595132778524924e-01
1.890842805333538268e-02
-6.366041787655616346e-01
-1.696389817353429197e-01
-1.133644548120562034e-01
9.909622033085772053e-01
1.355972734416863723e-01
3.454968983969236573e-01
7.177850076687616321e-01
4.945878839455554177e-01
7.405233150582725132e-01
3.043315638179205362e-01
5.520908955146500707e-01
6.774264823364003485e-01
2.317050849284149283e+00
1.141493462955832872e+00
1.466908382561408764e-01
5.544917851930017960e-01
6.350408179610054216e-01
7.583322844192111889e-01
3.235802380445046422e-04
8.537685382945503498e-01
8.659649283259220898e-01
-3.764199308054808069e-01
-9.262011659357777260e-02
9.338220567848816156e-01
-5.712711566039924138e-01
6.986873952163905610e-01
1.058776916248498567e+00
1.235785173527133018e+00
1.024321967646784515e+00
-1.080169265206681883e-01
-5.514161536888926296e-01
5.607081309315106177e-01
-7.592150716426704360e-01
3.790228012909248045e-01
4.980706252852760141e-01
4.682759949575912573e-01
1.401040352527787469e+00
1.465127354747786104e+00
1.779755563942976737e+00
3.781435885259347707e-01
4.410654522133294897e-01
3.944302159512363404e-01
3.703269028875786489e-02
-2.139228173941545297e-01
9.909388972489284741e-01
1.318050192920769526e+00
-1.884184383199026813e-01
8.775410865725650211e-01
8.915280616059327867e-01
1.123706628844873601e+00
8.394087144061861405e-01
-4.832253543888722636e-01
7.992957440726513596e-01
1.117198445434655518e+00
1.442022298542716241e+00
1.070574389182641584e+00
-4.704716933540640245e-01
1.086358217890558281e-01
1.003355499305794707e+00
-7.887713507515772826e-02
1.542282170345493197e+00
2.020657089630352399e+00
-5.421682655576779419e-01
1.464628790348736498e+00
-4.320050834852630639e-01
8.909184666583819245e-01
5.727783877745754593e-01
5.316489495595656534e-01
5.755027007863638966e-02
1.642174909486954215e+00
7.119471845923953657e-01
2.452856622276692045e-01
6.289238769456956257e-02
9.625752953569710613e-01
7.955901697352497637e-01
2.128079634647185525e+00
3.113928117985041433e-01
-5.033375498881577093e-01
2.683738828920504416e-01
7.079900272629229274e-01
-3.617672639186129135e-01
-2.974993631633472413e-01
3.967996888269579858e-01
4.498193111996106053e-01
5.945778594257128402e-01
3.185058074929562055e-01
1.114102556252917875e+00
6.313550057166770202e-01
1.413447556644483738e+00
2.660221525445140567e-01
9.049604342286876602e-01
2.024660092635520714e-01
1.242862236760951672e-01
1.055754742089392240e+00
-1.163995557379078200e-01
1.140690894238366893e+00
-5.499102847612262757e-01
7.664147862662206157e-01
9.313824325680937488e-02
1.151700040859193530e+00
-2.840181458112202573e-01
1.244509472240038717e+00
-6.969613799962572076e-02
6.782840451053403497e-01
4.481331791616772198e-01
-1.875719997699596964e-01
-4.423228472564770253e-01
-1.595540724929884191e-01
-2.672459815162470664e-01
1.442416735920507009e-01
6.096351127157727534e-01
3.823742579183847523e-01
-2.197899413676865088e-01
2.689358249725594674e-01
1.433859368759936803e+00
2.459314646414900718e-01
5.331148784389391215e-01
8.814319132745659369e-01
5.499551309643881947e-01
1.098542372044378990e+00
1.391873509354718319e+00
-8.308744665418167363e-01
-2.366326972127615891e-01
3.223589848240262512e-01
-1.976092273060523763e-01
3.341863558657184874e-01
9.443426747903858054e-01
8.643229511473444759e-01
1.417552000242608079e+00
7.840046706142265176e-01
8.896900908944903597e-01
1.360079299397350727e+00
1.870906451142161642e-01
1.105342896112991857e+00
1.000642463617989808e+00
1.208540558160793726e-01
4.732748889308722173e-01
-6.486330588250082130e-01
7.412038271884900942e-01
-1.432412198595065522e-01
-8.620801793601787777e-01
1.586776074891490806e-01
9.653039638499713027e-01
5.185187788051839330e-01
4.966085818360990167e-01
3.872761366105004210e-01
-6.767888296979837071e-01
1.422569703114608064e+00
5.116668392178609359e-01
-4.991989708205351040e-01
6.529438955909887543e-01
2.993002458094942142e-01
1.752750385008962741e+00
4.773552214921827352e-01
7.855109390929729818e-01
3.258901193355045467e-01
-1.946645516638391971e-01
-1.720067159758811859e-01
9.145550042979732064e-01
1.886181083556634164e+00
1.961147745873490500e-01
-4.767575012778781374e-01
4.281334671093659505e-01
9.693767612396345656e-01
1.070139518816412005e-01
1.167247918548942609e+00
8.185942660693267259e-01
4.669190788823909255e-01
1.387875641553032224e+00
7.394669724432313407e-01
5.129337491941812210e-01
1.693158678498324354e-01
8.298033862544081929e-01
-4.932495815332009759e-01
1.173999929878612347e+00
1.062103010482574161e+00
9.681447785327823574e-01
-5.485669059095311662e-01
3.672130648352033289e-01
1.320001173886335311e+00
-5.883182836727109954e-01
-2.018919479606972045e-01
1.497628130376794375e-01
9.162421291673403800e-01
4.880467870872177705e-01
9.060047953808855192e-01
-1.985993488833720233e-01
1.543453515974265500e+00
4.099649541818670140e-01
2.374347882412217170e-01
1.973315900555834501e+00
1.976819718962361749e+00
1.395347599961877405e+00
1.850839578765769655e+00
-1.798695156222611669e-01
7.106232693273958345e-01
-5.760806096092505602e-01
6.434755883083455030e-01
1.667859355375832520e+00
-6.251245547087712628e-01
1.771544424575940690e-01
9.884065002526322141e-01
9.694529136460079410e-01
-1.093926417220226002e-02
1.173046280517618056e+00
5.414857560718202428e-02
1.862641946396108583e+00
-5.442890583246130787e-02
-6.723441994684221656e-01
-1.220360431313929905e-02
-2.652713188735588701e-01
9.087845204227983364e-01
-3.710952616312510610e-01
-4.540900573962169395e-01
3.161307009790942923e-01
7.453549105461212410e-01
7.760053426150269607e-01
3.114472526186018442e-02
8.236727916368471458e-01
1.920706035125417488e+00
-2.917119338229285930e-01
3.780008228088117539e-01
1.209037185000323422e+00
-9.715180959310065756e-02
1.380881050275796884e+00
3.786720061065614318e-01
3.321487437532237297e-01
9.442145238373467198e-01
1.264940529333380415e+00
1.447206469146782526e+00
-2.622184105242404972e-01
1.831897898515898460e-01
6.020523240995786368e-02
2.455212197477736891e-01
-5.512701870098616341e-01
-2.451626724967372883e-01
5.177633759473507791e-01
-3.968065048074190804e-01
1.331250727192975492e-01
4.013198569082427891e-01
5.010843294551446947e-01
-3.746683885601027053e-01
7.449082326662727349e-02
8.995252454996231772e-02
1.022331662371077643e+00
1.261681759123571611e+00
1.953296653554381923e-01
1.141409923969472606e+00
4.863975776739639101e-01
2.264105827930359971e-01
7.809499385618983158e-01
3.999937986212411811e-01
5.502953714899503357e-01
1.140582960456849815e+00
8.277355365587212299e-01
3.470079497177199768e-01
-9.011606915368716164e-01
1.110096634668365834e+00
1.136803140881252061e-01
9.600327950764584450e-01
1.437744044867763638e+00
1.356689978153776011e+00
-5.440414523948075010e-01
5.485784066766659361e-02
-5.269996403438391708e-01
1.033677186903475986e+00
-6.417946943104536617e-01
8.524852750230267340e-01
1.355391948549696315e-02
1.013608452866800125e+00
9.731832661831336662e-01
8.613115259502202026e-01
4.199943063754701944e-01
-1.522887471710678842e-01
1.185567211765880424e+00
-7.068219614720766542e-02
9.578721089577192371e-01
-2.656672901212636662e-01
1.974240606567276624e+00
1.221895981616291760e+00
9.679350468934091456e-01
1.390203980511981241e+00
-3.959894749501679523e-01
4.672740550616362176e-01
-1.778237580726397260e-01
-1.294937909651597274e-01
1.471566594218145063e+00
1.580327278375671440e+00
5.061241110187560954e-01
7.638434160429664610e-01
9.010574416051653213e-01
3.025391156983717189e-01
1.847818532427287108e+00
-6.170289806395727883e-01
-5.037066567425166896e-01
-2.623477198043862035e-01
8.959677804887642427e-01
1.343268060320644164e+00
2.768937148097031509e-01
1.181367507647536286e+00
4.478334208991038845e-01
1.000591073802368502e-01
2.956246537260969753e-01
1.688818882415164202e+00
2.462778831735606966e-01
-2.743042836627055392e-01
2.246866714952860111e-01
2.866151656918977664e-01
9.894364439761295094e-01
6.144264634395712327e-02
4.837003679047562898e-01
8.110032478393753852e-01
1.120374011238114420e+00
1.160708849067609849e+00
9.557639293545208137e-01
-8.356386186063159416e-01
-9.377166457051963611e-02
1.510106298577187367e+00
7.979019198019471348e-01
1.382314758744898286e+00
1.048407953074290244e+00
-3.668463311600230758e-01
3.314310785320960240e-01
2.265876106346352836e-01
-1.969481897847850937e-01
6.091824791243474202e-01
-2.914736197336598167e-02
1.808127980143075630e+00
-2.186267718432751139e-01
4.436450543866634622e-01
1.102434409219810174e+00
7.759925053856945310e-01
-6.741400583972312344e-01
5.392013566551172588e-01
2.769896772340428581e-03
4.621756393691561215e-01
1.176508474488436207e+00
8.486963159375751076e-01
-4.751848622489060481e-01
2.805148963868684953e-01
7.230649282708504488e-01
3.042399297090714883e-01
1.290084431452156455e+00
6.388353975132623486e-01
6.847673262894673485e-01
3.121727829358623696e-01
5.573459976367809432e-01
7.324662553508797247e-01
-8.061019928129338485e-02
-8.142210705663029957e-01
-2.382521334821726122e-01
-7.757099641185523087e-01
5.017810955106192239e-01
1.242601941539016874e-01
-2.980321736755298101e-01
3.214703599037083137e-01
2.323917257229035638e-02
6.754704632670318620e-01
4.971322676457411438e-01
1.319427625011458050e+00
-1.496373976195463085e-01
3.179281567002639752e-01
1.488420181098125683e+00
5.776255361698336976e-01
1.023722132724890432e+00
9.589189815871664857e-01
9.350638671543185509e-01
1.027899141452605303e+00
-2.344668823774237465e-01
8.723009996589685677e-01
-1.025216882206633873e+00
-1.811385449131394099e-01
9.859362633032890955e-01
3.796862724006949685e-01
-1.142252941918746739e-01
1.070444648850088720e+00
4.696372097810039836e-01
5.734533104208993093e-01
3.648040893502311754e-01
1.132511297376246562e+00
4.000325256668693652e-01
2.604013391617992501e-01
1.089551337586293966e+00
1.255552551257300475e+00
1.041388448777732512e+00
7.762980056352974945e-02
3.799617120649737001e-01
8.080012325752095048e-01
-5.482414862980575787e-01
-9.569700564601933690e-02
2.729249924877376055e-01
4.399627409192579663e-01
-5.656220033354031340e-01
1.184318912100741777e-01
1.443893324115673726e+00
3.061836547241587048e-01
-2.898070285184604078e-01
9.071360065138835832e-03
7.946217756691457135e-01
-1.688724185437202596e-01
1.129093953030672060e+00
-3.585280303592680573e-01
-2.618500548521637272e-01
2.233058418932344358e-01
-1.781000559286917695e-01
7.726092141578810857e-01
-3.895381550156217232e-01
5.186667299154195110e-01
7.308420504650697813e-01
1.053575893633373450e+00
2.722168225914403661e-01
1.244847861875599371e+00
9.813424263014063342e-01
1.094536475450356372e+00
-1.700359432652807368e-01
1.579182310092625885e+00
3.598264978205564235e-01
4.254900678540557979e-01
8.727247401984762343e-01
-1.914886943795889862e-01
8.386801334959955723e-01
1.581358762433112020e+00
2.008582486470121831e-01
-6.959302608674267088e-01
-4.975115828919859373e-01
1.777052049960641256e+00
1.655926289487530401e+00
1.064249325174720928e+00
1.435893252898427619e+00
1.740703154555051091e+00
1.147482656940370882e+00
6.123261130995016899e-01
1.322221490895611806e+00
1.109542213577407122e+00
1.048624103566888621e+00
1.295871052123351852e+00
9.828683877354128517e-01
3.576211031033224019e-01
5.383292192101151175e-01
6.899731604356350578e-01
3.110816038169843256e-02
1.768486092205835414e-01
-7.860603434095396469e-02
-8.707676673565573067e-01
8.889330598198968980e-01
7.925736803148106246e-02
1.394408217687134410e+00
-1.855341880763481111e-01
2.373422975797249146e-01
8.780563905296868699e-01
1.248699653418914979e+00
2.198464083979556338e-01
-5.610684977278790342e-02
4.371756075713418288e-01
1.450553793454416818e+00
3.039397195865299883e-01
9.702146845116772500e-01
1.339358431156691509e+00
4.111728301803994623e-01
1.035750896033860169e+00
-4.174322424217721123e-02
6.520133571633369707e-01
3.130481084809730308e-01
3.983074119539402325e-02
1.485829454917999004e-01
-2.733701758829275019e-01
-4.147880020597652928e-01
8.579095858069119007e-01
-5.217139757018486312e-01
-1.627097023666008724e-01
1.415548322155744110e-01
9.277944395263635347e-01
6.481681552251258305e-01
8.490027734766916190e-01
1.009605571391998247e+00
-3.777206076658640166e-01
-6.128915611585414869e-01
4.704200834964955558e-01
9.011237641614300298e-01
4.781760521384145757e-01
7.322116787073827959e-01
2.933725065496144424e-01
1.684179879610171682e+00
1.386694388205764294e+00
1.723499701675327955e+00
4.259501438640339588e-01
2.313504773079333443e-01
-4.593678296962814822e-01
-2.437374464465441870e-01
6.379754923201701455e-01
6.337489791019419449e-01
1.181239896975753600e+00
2.901111715489594345e-01
-1.136525993838313348e-01
-1.362350614585980217e-02
2.612760981024527251e-01
-4.448559452007512238e-01
1.478724504969132880e+00
2.453762718608776816e-01
2.728887884645834760e-01
1.044393590214340639e+00
3.946556710928789125e-01
2.031387933837230653e-01
-1.839735191614057797e-01
8.351216796246268004e-01
3.475694248544344278e-01
-2.307064425849823450e-02
2.175687656451441021e-01
9.945913374435179088e-01
-2.263319397302152036e-01
1.616173382613349307e+00
1.811501814618638351e+00
8.390281590954394852e-01
-1.321144310126883270e-01
1.676155566156077303e-01
2.134731676485558671e-01
4.285531889000270267e-01
-9.671807377827748575e-02
-1.865289748698144567e-01
7.288064504858676740e-01
7.002626351522022174e-01
-6.841525049947569936e-01
1.140860278036227804e+00
1.118596934396908216e+00
-7.989457108325248580e-01
5.266397503775244182e-01
1.058851310595118334e-01
1.147380906023099278e+00
2.709430520496759476e-01
1.850682471667046913e+00
1.011792368796263553e+00
1.037291702966150808e+00
6.642535843625254621e-01
1.357321598293825593e+00
1.711077081226873187e+00
8.590075369671746897e-01
1.044373130185711762e+00
1.741237844393096479e+00
-3.899129679064705090e-01
1.118299355429591024e+00
1.516350140638243804e+00
-3.534911298457292794e-01
1.307835383691457354e+00
3.684501851004900463e-01
1.701159943148506937e-01
4.576614075944909765e-03
4.276510061815546049e-01
5.985957082201500690e-01
5.671634872310923337e-01
9.333479935524442439e-01
6.304903395700944824e-01
1.509984435720379770e+00
3.962206644968505609e-01
-8.847637688208134787e-02
4.353927091705179220e-01
-3.254159628752013589e-01
5.812461428366313410e-01
6.057031059338804369e-01
8.208261238322508979e-03
5.625941945740415839e-01
1.630736414966013959e+00
6.288462042809556118e-01
6.006406276970062130e-01
-1.899021542882184665e-01
-8.363789164716119162e-02
4.362790482743711395e-01
4.768237238231301522e-01
1.233750850985798619e-01
1.479472410966605533e+00
1.528474018739779616e+00
1.112221992991140052e-02
-3.761133159483622812e-01
2.982407192301226306e-01
2.828983225227293397e-01
-2.337785991635593641e-02
1.359894373813161916e-01
-9.417762483796785489e-01
9.726607867498494597e-01
1.023377280715156878e+00
3.821802774131028979e-01
1.139651189236624784e+00
5.503244033313525740e-01
1.212542364273204276e+00
8.978464158685810492e-01
-1.136813136198092933e-01
3.912639846580912018e-01
6.504116256593862611e-01
-2.211529337734938483e-01
1.252838793975035614e+00
-2.276731699943465581e-01
3.778506902496509001e-01
3.683727949046791128e-01
1.013014358416988614e+00
7.802990949350631089e-01
1.722320771943783857e-01
3.410898171975510484e-01
8.219888483150377123e-01
1.368376322144170043e+00
2.261877344131689796e-02
1.133447558684738787e+00
8.488598464898415852e-01
1.751846006762265873e+00
8.125773978307060386e-01
2.386642137962389221e-01
9.605333201481680572e-01
1.254809089254506071e+00
-8.396789699686234565e-01
-1.214560371273845973e+00
4.711140406485563870e-01
1.627831319743489935e+00
-9.840464124759244757e-02
1.133277091251809310e+00
1.641626094760583465e-01
8.559698222252920541e-01
-1.608471105721742955e-01
8.888911081047183860e-01
1.042247001219157143e+00
1.632466539133128780e+00
6.067950142856169959e-01
5.399658278377059695e-01
6.001247512384251248e-01
1.412901806866818211e+00
6.187275048558732449e-01
3.211350940707323187e-01
9.333428116627824345e-01
1.322046688055800723e-01
1.333580989567807018e+00
-3.361840464343648360e-01
-9.389638557188700885e-02
9.063826701595675273e-01
-4.359414497434757063e-01
1.723448047198422373e+00
-4.812477843371745223e-01
4.788646216653705268e-01
1.317529634307853525e+00
1.152465614010856898e+00
8.737664908331874147e-02
8.389830008177325826e-01
6.171331583081417493e-01
2.423736720505167141e-01
4.276849081579343070e-01
1.490638092252841718e+00
4.605872720136454102e-01
1.124617130964307377e+00
1.614161796503243318e+00
-1.173946872204552516e+00
1.426527369278079715e-01
5.826197521353050357e-01
1.920523984200521173e-01
-8.120320406816086689e-02
8.942692268166013703e-01
6.169071442432755292e-01
6.314696654061567882e-01
-8.073830085424329450e-01
-1.484838837526842037e-01
1.395117992879341795e+00
-5.387467537244038374e-01
3.947259492570399653e-01
4.061998170004065684e-02
6.993569548832084815e-01
6.694586532859510275e-02
1.190850576385303672e+00
-1.569677666759893286e-01
5.989755996696667362e-01
3.783958607657841311e-01
1.537698389022540690e-01
1.357770094557502437e-02
3.833838112188228120e-01
1.097918001422718337e+00
2.033755028593131620e+00
1.532687781424051154e+00
-8.918050862799783984e-02
5.345710532270337989e-01
-3.373329743115808244e-01
4.657055909221736734e-01
1.116838053852186929e+00
2.012015628146292201e+00
-2.720746610391427955e-01
1.472704011268989310e-01
-4.442181941821320146e-02
1.148997277233617442e+00
-8.770777589994203927e-02
-5.762808091130694477e-01
1.029718072599693279e+00
1.241031153328565839e+00
1.454894071813533918e+00
-6.817540169592954669e-02
6.559582990198625785e-01
-4.928491114351244429e-01
1.746838534279761657e+00
2.245358751250539284e-02
5.664184697731162732e-01
2.361051539250435816e-01
6.343283501754641840e-01
1.022815145624451638e+00
6.502662740035983768e-01
1.618984511586767372e+00
6.691970728773224408e-01
1.546027933953644684e+00
6.103849502997802379e-01
6.215889123011738571e-01
1.205331191138566238e+00
1.100251173176301389e+00
1.666844160112629925e-01
6.963165055589302932e-02
1.517244913258161132e+00
2.077968864619468836e-01
-5.445040101901577057e-01
2.034938398347589383e-01
-9.404446013599419840e-02
-4.446662346026843959e-01
-8.781866440587206002e-01
5.971943047945655891e-01
-3.648222842002141197e-01
-4.765085693616428197e-01
1.323942167228272293e+00
9.995153591033451024e-01
-9.139212734561821816e-02
3.926761397235106754e-01
1.226350880773469765e+00
9.086475386320667091e-01
2.469340399169759892e-01
4.320784255100716953e-01
1.314251325568339235e+00
7.558970929597120803e-01
1.731784088911850761e+00
-1.101740448494737956e-01
1.210953771431848847e-01
1.352164600540171957e+00
9.419193604851702206e-01
5.999361585341101977e-01
2.522863392603403795e-02
-9.075910249229174331e-02
-7.999764062247769481e-01
4.870842276925339553e-01
4.287248251310126768e-01
5.221019114779645864e-01
5.962530494728147668e-01
3.428839489494213133e-01
-1.416908126916509580e+00
8.405269308991326627e-01
3.839686837910011863e-01
1.376545469397845833e+00
1.006864695945094201e+00
1.223986699337987316e+00
1.146032267381949382e-01
-7.532114234222396787e-01
5.261109944670865762e-03
4.385933214989983231e-01
-3.482079132882956451e-01
6.170989791631228405e-01
8.033680411515401465e-01
5.847456525210931177e-01
4.351536500731791567e-03
1.434242359531902933e+00
7.356076068672213752e-01
1.836589368466362560e-01
2.538168366406170495e-01
1.760139456522416657e+00
-9.382001822643022404e-01
-2.410257925420755121e-01
6.376238994780687452e-01
4.351832066439993985e-01
3.584536714691901604e-01
-7.147133113159196416e-01
2.413460413914369496e-01
-1.616521560298372073e-01
9.419257527498016147e-01
2.291342594526352416e-01
4.709278433555891263e-01
1.463458957569958807e+00
4.512640702538188164e-01
7.921172491428791762e-01
3.634341572358349981e-01
9.499190604410883143e-01
1.172742716333015078e-01
-1.617832353328823025e-01
1.050716914816306913e+00
8.921373385336676121e-01
5.185218188835951647e-01
3.466776940859838674e-01
-4.576441446780893374e-01
1.373130907323885985e+00
6.443439228711034250e-02
7.717500698211153809e-01
3.024590373406484956e-01
5.331800066894404333e-01
5.861857034971179603e-02
5.755778908429114438e-01
1.339920990293600456e-01
4.086004028924491993e-03
7.433254276410631300e-01
5.848585924464869690e-01
1.579414318178111454e-01
6.690449377452695190e-01
2.952240180244436463e-01
3.171523159341854137e-01
1.811640952648707059e-01
3.403379296083727246e-01
8.389659690353939991e-01
-2.049192477286759240e-01
9.679996136578692401e-01
6.368745775184717628e-01
8.100910981225345475e-01
3.722692805105659586e-01
4.270714764519986106e-01
1.564289994683283336e-01
2.588329428092348006e-01
-1.081292234688547294e-01
-8.851142768633971647e-01
-6.627924932441299211e-01
7.410912091905190735e-01
9.006850455392957366e-01
3.461676049892054019e-01
1.307702865274222581e-01
1.189134928406077485e+00
9.252274345889405227e-01
1.363295750474992740e+00
1.938207984265494455e+00
2.864429621166285078e-01
-1.509758563087740812e-01
4.245467557585002050e-01
8.089418727149374488e-01
-5.721705100636178543e-01
9.124728402949868755e-01
1.208988888716810539e+00
-1.599789376217216133e-02
4.831844053973579078e-01
4.773783888746410131e-01
-3.057513293620291450e-01
2.787875745858112153e-01
2.883768457073120905e-01
9.443722401938416944e-01
7.039657344154760521e-01
9.157973999893700978e-02
7.625569950293069610e-01
1.643699216681078212e-01
4.083524087171568340e-01
3.218158180096655219e-01
2.647851872504805026e-01
-6.310806453198893884e-01
3.551745569445830530e-01
1.706430389841254447e-01
1.317602890453183573e+00
7.074248346393303688e-01
8.921879941060648633e-01
1.590249390930503770e+00
3.396879920774233952e-01
1.530019279796589471e+00
-4.727029144215487699e-01
3.392144677469453029e-01
-2.297405558451665886e-01
8.879983106620702449e-01
1.227583434785022742e+00
1.066847003046795139e+00
1.423439516974668972e+00
-2.872016732923030613e-01
1.092311015748548053e+00
3.734462397255622346e-01
-1.688727869180223495e-01
-4.880163927685056136e-01
-3.191811471039091574e-01
1.488922073375851807e-01
1.416814611570997418e+00
7.818782792379704860e-01
-1.178688962692569620e+00
5.724227455999413294e-01
-3.050314511032274911e-01
8.350166417516724504e-02
-7.057649201221807278e-01
4.299062228852320589e-01
5.931279924799843783e-01
-6.922973386289844877e-02
9.829423871914957367e-01
-9.000094510705851369e-02
8.119336465574219508e-01
-1.974735587615302490e-01
1.039027726670397112e+00
1.362411432444314618e+00
5.944433619347653242e-01
1.188817456555743890e+00
7.202802067932033703e-01
5.926144415025085266e-01
1.371895143431054453e+00
8.555321378522794395e-01
1.203547706618604440e+00
4.482184351359150276e-01
-3.790625370895712165e-01
1.775514364302750003e+00
1.125180541460797823e+00
3.011788858212409159e-01
-1.474299768080273854e+00
3.694299698203020732e-01
2.808400427148790568e-01
4.816173114200570371e-01
1.148737253512866818e+00
6.857180985535856754e-01
-1.371891454965316615e-01
9.972645303708993492e-01
6.365445988585967108e-01
1.764540772003314606e+00
1.120798930984347797e+00
1.033410283849552025e+00
5.749515054425066163e-01
-4.987425776546208223e-01
2.896505741544290746e-01
1.188236930064423269e-01
3.887352598501444545e-01
3.252346336156784062e-02
-3.621081071305185528e-01
-1.377595229399292132e+00
1.093414840290523049e+00
2.564117267790431143e-01
3.753185287592498975e-02
7.397945551681960330e-01
1.765534690811497720e+00
1.555504637924291222e-01
-8.248073388325589672e-01
6.596827796934362498e-01
-2.641525719137446937e-02
7.172798167173669581e-01
1.469667620404176089e+00
3.545083477593329313e-01
5.259373562210885034e-01
-6.472538995704976150e-01
-2.111392906221229715e-01
3.883368095912921869e-01
7.409536515812252810e-01
3.311797284947189945e-01
1.883543771158953106e+00
9.449451039921327178e-01
5.524305229922849003e-02
1.154500126715219732e+00
-5.585343313211980076e-01
-7.123234374336252506e-01
3.807727459072296483e-01
-2.589879145709663710e-01
4.575599695964867597e-01
-4.481690088525922544e-01
-9.010735118454679671e-02
7.648202441676235086e-01
3.126764171247182755e-01
1.507337673507060494e+00
2.590476212630939412e-01
4.490639267507142152e-01
6.982341314238892371e-01
1.378203518251192916e+00
3.690207367578475228e-01
9.439089153573548829e-01
1.390155486250765460e+00
4.806030455847484784e-02
1.806408602373877681e+00
1.553197744239910749e+00
1.209520712292088573e+00
-1.598269857128346572e-01
1.128847024059478343e+00
1.365592301131676400e+00
1.472670194429391843e+00
8.932972728878212365e-01
3.646962358144666405e-01
6.823848230279382365e-01
1.043435084917951478e-01
5.897842809854090262e-01
7.596698530288158446e-01
-6.272364295429000425e-01
4.220833458191101673e-01
1.832342367515597537e-01
1.011716264351227412e+00
-5.807785798312472408e-02
-8.981608516518096996e-01
-1.115702419300405174e-02
8.043498897152140392e-01
7.419903600604742244e-02
3.164519683694475560e-01
2.282965559850567983e-02
1.255478692087641290e+00
4.978065830969624073e-01
1.213700813000319900e-01
-8.351214332113531258e-01
-4.815694406850640555e-03
9.182242563587642570e-01
-2.127160476056798866e-01
1.051641517624430699e+00
1.130052603036457159e-01
6.926613766512288439e-01
9.339008072005881012e-01
6.082545562522959637e-01
1.280182660817404949e+00
-3.270346546923093012e-01
5.249667439717613515e-01
1.138664299950477021e+00
1.225345123384417478e+00
2.042447030178818235e+00
4.563761080493391464e-01
-4.404939361998014835e-01
3.900227248327287621e-01
2.217398907159656984e-01
1.026739627806836141e+00
-1.009570568913224220e-01
4.317590563114446223e-01
1.597985421526738337e-01
8.349973145847279232e-01
9.515271430496998750e-01
1.526272918021029490e+00
1.028515594806940880e+00
-5.776460551577310143e-02
8.142501057633957373e-01
-1.107726912885445669e+00
5.471959586297930889e-01
2.071361577160891976e+00
-2.786178871751405772e-01
5.848333310303388544e-01
1.454880739878235296e+00
8.086372299350041981e-01
7.259137841761085230e-01
1.133147883729296757e+00
4.249573670378969936e-01
1.037605839967791876e+00
7.502554669127172726e-01
5.120282048330648816e-01
1.709316747754269450e+00
-5.580539806180687679e-01
-9.934345980204325466e-01
1.452677264640793164e-01
1.008781725074568758e+00
1.047122075561309318e+00
4.885671857356614356e-01
1.184537885593677009e+00
-4.422841017520171003e-02
4.419485067358990826e-01
3.694247616333906636e-01
6.388429622722056056e-01
8.990192026814891602e-01
7.792227221215562022e-03
1.423496587868266772e-01
6.761131156526567487e-01
-1.361240182969813139e-01
9.917807307077678436e-01
4.357149416993983948e-01
-1.119290619149637261e-01
2.034102472446193410e-01
7.295073217148261291e-01
2.520522036606769878e-01
4.954756002147305827e-01
6.155529477300838437e-01
-2.737996909496572817e-01
7.721521750614062096e-01
1.746957769008650185e+00
9.449328586560622467e-01
3.484851472434186692e-01
9.084277861844155533e-01
-2.594467598721051926e-01
4.668451388542771419e-01
1.241636605857245473e-01
3.365680819749328201e-01
7.629559558869674074e-01
1.117533444468035153e+00
1.015608483148431107e+00
4.575493287901803430e-01
1.354368337780495590e+00
-1.304133185708198361e+00
1.190534404645906541e+00
7.419634849053581283e-01
1.430266114433703883e+00
8.473922034390000135e-01
9.417371530712570493e-01
1.339196030976853302e-01
9.226155766241703748e-01
-1.347244383943567714e-01
-4.549507905921288398e-01
1.361938865045180691e+00
-4.770402870645925608e-01
1.093145343794883040e+00
-3.249499225691089288e-01
9.998880580552025332e-01
2.652312889118618733e-01
1.406053707326437419e+00
7.274792081814090983e-01
4.375712607555954370e-01
1.013887238796684853e+00
1.327524506103214375e+00
-2.386240076034235602e-01
1.527237653317252697e+00
-4.128902098142567811e-01
6.642266184122260775e-01
5.019145080350523314e-01
4.785597666496065328e-01
3.892560086858579682e-01
1.138457658079509383e+00
-5.798927647731344504e-02
-5.442363681355626426e-01
1.062865148157069894e+00
4.318136562052227873e-02
1.005500476694161538e+00
8.170833899090428343e-01
1.460541333381612183e+00
3.832616166866485430e-01
-8.406385502419351230e-01
2.684583646138065105e-01
5.368674895641798450e-01
-1.415545608951132850e-01
3.304897667637507475e-01
5.540185444997723918e-01
5.439768167566303436e-01
1.403408154226159610e+00
-1.857498943333185104e-01
2.329781335817481536e-01
-4.704587493578784585e-01
1.049249309027898251e-03
9.623064895170861943e-01
3.591203026873121540e-01
2.782675551571352490e-01
5.999596134990762275e-01
5.552372320030644903e-02
7.222442393396164562e-01
1.609225794387223019e+00
-2.308875537290414615e-01
9.275874919474818014e-01
4.539358731564397398e-01
-8.887914804979004657e-01
1.508312692710359837e+00
3.268883911847799695e-01
5.833935700496069021e-01
2.379960290173317450e+00
1.681571232688571671e+00
3.756826486593737857e-01
8.969711474360685388e-01
1.170255344210110904e+00
6.174071698085162874e-01
7.042354039627549689e-01
5.798185422055769644e-02
1.452067590829222432e+00
1.808378205821197515e-01
9.745911248266865279e-01
1.575736527466674142e+00
5.906018740934577960e-02
1.337559054018429006e+00
1.335876375849518460e+00
7.428497094174293380e-01
3.868485732210390493e-01
5.752500208932144199e-01
1.225123746467628560e+00
3.760247677694177892e-01
6.901482807780463524e-01
1.576253540695630839e+00
-1.764208095670453669e-01
4.991184489502276667e-01
6.703693574898403895e-01
8.291884551091663891e-01
1.485828727158156504e+00
1.571320622325161676e+00
1.504777898549729986e+00
3.526223761298720172e-01
4.096780035434753331e-01
2.154490646193031322e-01
-2.036462563581487029e-01
1.502835323976210669e+00
1.341730104498782383e+00
7.431590295665854717e-02
1.253059679694423778e+00
6.095609561734618986e-03
-1.212173628554361893e-01
9.654374491838951799e-01
7.493479588105418365e-01
-1.532868812714629769e-01
-2.369691961296962746e-01
5.792140381863745136e-01
-2.391388429972858276e-01
1.335370496973135923e+00
8.241936088411232486e-01
5.066148266685749357e-02
1.329857713566181099e+00
1.418725029548812411e-01
7.765948403752693796e-01
-1.035636240903174410e-01
-8.050412706059444368e-01
4.108995656020004161e-01
-1.124902970156377524e+00
-2.188852612596174918e-01
2.298198515543420362e-01
-3.716581820548771065e-01
5.795852733417886649e-01
1.088823253287271697e+00
-1.163447849988111571e+00
1.789960010745801633e-01
1.832231464686292360e-02
5.854478805621068371e-01
1.085952177145636188e+00
1.118409194365194148e+00
7.907063365213841399e-02
3.028936800085866854e-01
1.223017258925499506e-01
7.471714456911254798e-01
2.248366019415156680e-01
9.055687590581695812e-01
1.551928975123957555e+00
4.588943017264818236e-01
-2.383917795717085952e-02
1.134769657467184611e+00
7.890118310200548712e-02
3.725834762344999995e-01
6.572147657029044909e-01
6.140065370573790648e-01
4.966070094262646228e-01
1.242680402232925474e-01
2.385574030049774086e-01
2.350048297390165963e-01
6.750836845230545613e-01
5.406368551534145306e-01
6.805060344698941055e-01
6.475859200656274295e-01
-7.115316252000696284e-01
-5.978820433908628162e-01
1.201850097108797311e+00
9.694067113612031550e-01
3.659430080198425861e-01
3.832793319628682860e-01
5.840214187588882444e-02
-3.270589853334242569e-01
4.615005523662654707e-02
1.799555487055091996e-01
-4.615071416238550883e-01
5.282818673827548439e-01
1.512101258230403422e+00
2.651827550333711314e-01
-5.663991146022724354e-01
1.020856395589469834e+00
8.830347369279478720e-02
8.517172534550723206e-01
-8.966167710291517157e-01
-3.347060815358747776e-01
1.830412630904451055e+00
5.531609845457481356e-01
-2.942519830877853293e-01
1.624759859668055972e-01
7.649655612552438422e-01
-1.444583532562592754e-01
9.923547871882367755e-01
-5.025333920684130762e-01
5.587717132828959876e-01
3.895014170392686603e-01
1.239464527516956460e+00
2.929958729062175915e-01
1.111185445913591918e+00
-7.697009184052604480e-01
1.025021156458983951e+00
1.357243372583103902e+00
-2.621115526596793366e-01
9.370018192153937164e-01
-7.579470704100157996e-02
1.656056414578020164e-01
9.425069364818178252e-01
3.092036714021165755e-01
6.980624494059310958e-01
9.025625290793379274e-02
5.018294745047621741e-02
1.408148754036550931e+00
7.914648303133354768e-01
2.877692429933863538e-01
5.803973040235057557e-01
1.073155644907891892e-01
2.020287842950700685e-01
4.211276775096385316e-01
2.856124192674708850e-01
1.216515815444784598e+00
-8.586771646960261739e-01
7.850372952160946660e-01
1.007112485066181673e+00
9.206561249018970772e-01
4.258798555829808041e-01
-5.385828049241043747e-01
4.918174186403714843e-02
6.549699621979911957e-01
-7.109140592004538073e-01
1.524122489342361053e+00
1.031059764251994970e+00
2.401635775498600633e-01
3.403637881126310438e-02
8.017226126117743545e-01
1.196273157100497198e+00
1.466250404467783319e+00
1.418573440413685605e+00
1.458109370223379164e+00
1.745175926320648330e+00
7.543997164978973879e-01
1.470440867113575356e+00
1.025955840715079503e+00
1.047726585326240967e+00
1.763325442860719794e-01
1.480182750964554206e+00
-5.674489364003703074e-01
-4.254472855370384776e-01
3.508301926006643368e-01
7.556846045409241208e-01
1.008593917038697052e+00
1.090920152566942358e-01
9.248789081611508145e-02
9.072152318592612286e-01
2.603488818316072595e-01
8.121889669715280924e-01
9.196562664190132130e-01
1.179391098474456223e+00
1.273791551034222147e+00
1.499047822777947347e+00
5.034713590454492627e-01
3.322376000637151938e-02
-5.376834742445354420e-01
2.580693051204631036e-02
1.211241136855042422e+00
4.459596627789033096e-01
1.052103845963544781e+00
1.101499628890429683e-01
3.542908983101693554e-01
5.457019051211233762e-01
1.145196991638688599e+00
9.208530224614959181e-01
1.152445635555539027e+00
3.754029563893997445e-01
1.489041644245290730e+00
3.448419835302428404e-02
2.698156087216695420e-01
5.297006336736185261e-01
1.155965296360076611e+00
3.485713725354513959e-03
6.568033825285529703e-01
1.866313284438845033e+00
6.403218064586836400e-01
4.283702290789612732e-01
-3.180676315279822863e-01
6.214573179374947021e-01
7.966973121687477288e-01
-1.028660846382323246e+00
9.156394544217058007e-01
1.848896888930956772e-01
3.297827919159924681e-01
-6.842423787813204372e-01
-5.047625115678822105e-02
3.650308064327500435e-01
4.262995324514419204e-01
6.744284282422166599e-02
-8.865385028381442822e-01
5.191692277519754928e-01
3.620235533752274582e-01
8.234081510136784798e-01
1.068425558463873104e+00
8.090770500674869803e-01
-8.912559973391527279e-01
6.405141753867347187e-01
8.976519681357848501e-01
9.640299035586679111e-01
1.500961472509506622e+00
7.842494250807428013e-01
1.177222803995606526e+00
5.024223754684458143e-01
-9.466750588185035564e-01
-1.032531618850339034e-01
2.611830288335375561e-01
-2.346830897207957400e-01
-5.882763414520275624e-01
-4.924828600435952053e-01
-3.545209671937175899e-02
1.050301261768565197e+00
3.020241631964825646e-01
3.553384631223866497e-01
1.317810695080615102e-01
2.008297273252233894e-01
1.484821003296451725e+00
1.414800052506152594e+00
3.551751734506163327e-01
1.748261583492062732e+00
-5.369166255036337265e-01
1.153555219499166284e+00
5.326646023735045476e-01
4.172637451887394322e-01
7.545205877405034567e-01
4.107647673833323965e-01
-2.923950685227096336e-01
6.860250941272693082e-01
1.445529290312594473e+00
1.136199601165901601e-01
-2.797118842196947286e-01
9.185781743833318913e-01
4.661147974618036205e-01
-2.631655020064890826e-01
5.959055116526087437e-01
6.000492712395175815e-02
5.431840608611863130e-01
1.356573641199488200e+00
3.256917254734849609e-01
-2.189199667267613947e-01
1.478463368383484966e-01
6.343817489543611687e-01
1.747317622994449815e-01
6.898971955234222131e-01
1.006351290424756018e+00
3.441807946750657932e-01
1.120612554488644053e+00
7.939762758951776078e-01
1.844195539220547242e-02
4.120161308868408589e-01
5.355861866494692203e-01
-5.622795497399512010e-01
-2.571661937010488730e-01
2.560375528977444914e-01
-9.345105645538028805e-01
-3.785759443817156011e-01
1.077386655037494145e-01
9.921809298910641006e-01
1.640508195250288015e+00
5.428335165373849858e-01
1.433976213472529793e+00
9.109247745542162766e-01
7.468312100866311143e-01
2.240925360670015021e+00
-2.105070659215907691e-01
4.782405976362273936e-01
5.128621419639510792e-01
1.804598043236395610e-01
1.189420532786047202e+00
-2.153607890302841887e-01
9.964466294621538989e-01
2.548038708003896313e-01
2.360027065627695375e+00
1.218509938211928878e+00
-9.005369848108722708e-02
-2.578237735998401559e-01
5.331370719468320196e-01
9.568927056920479846e-01
8.362639991001403761e-01
4.839874383450238349e-01
3.298295777574359322e-01
3.502330963576820166e-01
1.275234366313148238e+00
5.724765988915729853e-01
7.410301488917752089e-01
1.525747109457005202e+00
1.049942614948943032e+00
1.438969804073307657e+00
1.097925447028082369e+00
8.955474633543800689e-01
6.805172508554534483e-01
1.610781035200467004e-01
2.587518214855835108e-01
1.454706706082493417e+00
1.384673481312621579e+00
7.455291503720942181e-01
8.285006103247793963e-01
-7.713724888406405800e-01
-4.036476028163642482e-01
-6.417977031171963054e-01
-3.333322772307739656e-01
2.398045232972910168e-01
-2.383435527596981796e-01
8.905807947748889397e-01
1.152202280141777058e+00
2.980136822396337593e-01
1.765259818413043025e-01
-1.964602819029588332e-01
-9.756342749085334942e-01
1.174549810538785488e+00
-5.720679886211652576e-01
-9.587946657399294692e-02
-4.584767297404587771e-01
6.396036464647115727e-01
7.035727891770227060e-01
4.225481002775328676e-01
1.100803590654576336e+00
-8.411733444928307102e-03
1.191133124694950363e+00
-6.542491027546073479e-01
5.170265076380710090e-01
-4.142389137993475190e-01
-7.639478208675520854e-02
1.737361159150887291e+00
8.636563028186898805e-01
-1.034165254875592660e-01
8.694891914007357725e-01
2.148438738631383016e-01
2.029544004784838429e-01
1.904213554467365732e+00
2.804121550308981692e-01
-4.543611215514898882e-01
1.611731933504634950e+00
-1.364120480895152088e-01
1.995365987478619818e+00
7.332808203392914281e-01
-8.090496002973388001e-03
-5.341401372729482899e-01
1.045254868844920138e+00
4.562694318668411020e-01
9.676619010601290594e-01
2.358480389017196255e-01
6.472520873558117172e-03
6.790118433621703531e-01
9.750918555268417443e-01
2.071126605133206233e+00
1.277223644506028766e+00
2.099667543876977682e-01
6.054245649023793918e-01
2.332610763625938832e-01
1.877083597188125563e-01
5.826364635028271621e-01
4.271972417106376096e-01
1.242357348773732717e+00
5.807747600945603050e-01
1.036325660737267063e+00
4.416069682690895726e-02
1.384209288678582617e+00
1.535285027309158279e+00
5.412956973983158449e-01
8.709854556838650952e-01
1.104079225922313334e+00
5.980841492103131651e-01
4.830699155001726419e-01
2.770894009970799043e-01
-3.746307125149476724e-01
1.154296212663401322e+00
1.135425983090607938e+00
1.146705200705541439e-01
4.393291229088839289e-01
-1.901871755343737536e-01
-2.472858196262654185e-01
5.738722998758879479e-01
8.445170920262766723e-01
5.545387021350878937e-02
1.157237135767039238e+00
8.741088265085135145e-01
5.123194214259849666e-01
-1.080688515488701817e+00
4.648106803272460952e-01
-6.214808488366559969e-01
1.048358152715766378e+00
5.110830514543402911e-03
-4.113736548401141224e-01
8.526151468341193196e-01
-3.165304447484322548e-02
-8.572165613165821929e-01
1.645278153200694149e+00
9.667656411989472565e-01
-7.618649081046849347e-02
6.600924843719605528e-01
7.979282220009640270e-01
1.025924505796634412e+00
-1.215093373297658763e+00
2.946395733854758059e-01
-3.392237751063929829e-02
1.389221695515231225e+00
2.584013605936641977e-01
5.011828194563756889e-02
1.304419655519276411e+00
1.137738227652381084e+00
5.227603111971523830e-01
-2.658589521668166533e-01
1.226599903935573055e+00
1.015085690409972763e+00
4.362693412032128681e-01
4.939815415844757696e-01
1.061573480427277089e-01
5.988937731101916517e-01
2.394167649702041711e-01
-8.824278852110633009e-01
-7.434519173468098763e-02
1.275014915696937479e+00
1.197401013065311215e+00
1.000886201832333455e+00
-1.150884120988875103e-01
1.593788255400949483e+00
3.692236334450519353e-01
4.646499988724124286e-01
1.306865924909386800e+00
5.125780106837851680e-01
5.186690129823715578e-01
6.383132631714766303e-01
8.817535526309497884e-01
1.210192688896462032e+00
1.369523657013597268e-03
4.624454304499481805e-01
-3.515710657423390395e-02
8.037131789818705574e-01
-3.647636923100004425e-01
-3.764811522785719289e-01
5.493057913373176893e-02
9.788056523971635503e-01
6.684494434677016317e-01
-4.354325766114295893e-01
1.125751345651387070e-01
5.812336441749050842e-01
8.246274312594193967e-01
-4.314462015755557989e-01
-1.281311680304527967e-01
-6.335726855274927960e-01
1.632898436297348210e+00
2.942026479945360484e-01
2.554238392431494309e-01
-3.248342205764223056e-01
1.397147152976075057e+00
1.048535614183392584e+00
-1.969966801802273126e-01
5.871458366049822075e-01
-9.859343904740777709e-02
8.546121495642362564e-01
-9.336308300716734676e-01
1.036640427815226362e+00
1.291467817129414719e+00
2.816130624851223008e-01
1.914721771023676355e-01
5.823693094163803208e-01
-5.022855962028641708e-01
8.460657354969358668e-01
2.989861123203953475e-01
9.222600657136713342e-02
4.191221095390115225e-01
5.926316217138550835e-01
2.711454534449298515e-01
6.589220221028272428e-01
-8.235758694401387192e-01
-2.372638956906974461e-01
-5.927726236515288433e-02
9.207515100721674894e-01
3.633500453549826648e-01
-3.301288455155238499e-01
5.382396797986432890e-01
1.379172189258325076e+00
8.416301309812386222e-01
7.227500919282707770e-01
3.217407000377197623e-01
9.457052305572634099e-01
5.744784272232048572e-01
1.319438010387897098e+00
1.199633254561327300e+00
1.875232467545642656e+00
-2.049033786560205961e-02
-2.389848463400270628e-01
-2.546176864852729704e-02
3.238386413417123633e-01
1.624752168841931965e-01
-1.591780246315163405e-01
1.131305745526270501e+00
6.529374360432106672e-02
1.587408652516266727e+00
2.463997182687254484e-01
1.244481927394517795e+00
7.108254909538448407e-01
1.644202488377164428e+00
8.055510709056870056e-01
3.753825824553813639e-01
4.357241601763469085e-01
5.765795596630435282e-02
-5.212297056346206769e-01
5.615388032858421585e-01
4.976048161509892265e-01
9.944215247974824701e-01
9.367618492673660535e-01
-3.211491746046780671e-01
7.941987312739825500e-01
3.149946172978936865e-01
1.851186603803540054e+00
1.566914822514252847e+00
-3.938091805476071627e-01
7.521393945300863804e-01
8.812800739498279912e-01
5.710944705120288845e-01
4.749127893400831302e-01
6.976684959002680264e-01
5.320071691103244182e-01
2.742087578740093901e-01
-2.095432718774751235e-01
1.496265229262340846e+00
-3.785844404742728098e-01
1.024691001050781480e+00
-1.299641525961704458e+00
1.062104069887037650e-02
-9.351049447709182116e-01
-1.129894927040465541e-01
1.656820258469001939e+00
1.283685702111203586e+00
1.308509500254443569e+00
1.877765249851961193e-01
4.310103181796464122e-01
-2.789244050828227350e-01
4.346085354437628778e-01
-3.070096597813372075e-01
-3.022646960968934371e-01
2.062639896531082151e+00
4.723503110394483562e-01
3.856628686427762687e-01
-3.350401734011572430e-02
1.087409631234746987e+00
4.076435465449774198e-01
-5.768104970089943384e-01
2.849776312238330722e-03
6.623318873996745237e-01
8.379154529674415208e-02
8.095206218085990724e-01
1.039706600120690494e+00
2.999940620925684032e-01
-2.050592700494722753e-01
-1.432363450779226000e-01
-7.254164305315028427e-01
-5.595271445247527176e-01
3.230316367473545780e-01
1.248228899510247514e+00
9.668734644458176763e-01
-1.853490438571708809e-02
1.037830934697221652e+00
-1.896745400204153942e-01
9.470124302501609082e-01
1.002157542658027367e+00
4.828998006219877293e-01
6.761922930850788882e-01
-6.181689062992488937e-02
1.562236677697829590e+00
-8.112027903844282184e-01
2.970815577128375073e-01
4.681916856133012950e-02
-2.343006340854346115e-01
1.150063761225692094e+00
9.357713148246751267e-01
1.220010619822871734e+00
1.278263979417898932e+00
1.043885895428146693e+00
8.498999278172926219e-01
2.534482246899276259e+00
5.405173303316291866e-01
-4.634543108192961669e-01
-8.817756228137427210e-02
1.162947264636483125e+00
5.980053216263264693e-01
-7.596469745253383588e-01
5.719283574823678107e-01
5.495768668816254365e-01
1.033208889241205464e+00
8.277098776562828719e-02
2.784656108929345897e-01
-6.397065589020638487e-01
2.503926772841059689e-01
2.348261391947544241e-01
1.920728526922848012e-01
6.546839166282688582e-01
1.944139496264789546e-01
6.336704676705015027e-01
5.060362682536059808e-02
1.191164808497546357e+00
-7.477321849529229292e-01
1.968283152160273664e-01
-7.609776231697550353e-01
3.707679499990972349e-01
-9.428020517613350249e-03
5.073243157186896335e-01
2.913597737665377108e-01
3.439943800574064015e-01
2.340259110241592611e-01
-4.917591446952948586e-01
4.764691312642573839e-01
7.728740990500490016e-01
9.231082492446113230e-01
1.153189057498521075e+00
-2.998883552663793584e-01
1.399974661331626624e+00
9.057922539122373884e-01
-3.655346407297840883e-02
7.668100574987150031e-01
1.122347066971343538e-01
8.700130577576402624e-01
1.428622918476521453e-02
-1.326602785006564256e-01
4.464709647564371053e-01
-2.914267109182587800e-01
3.036029211432370034e-01
-8.863083536439048116e-01
1.006737242359828644e+00
-2.894693254915912117e-01
1.321911827324908917e-01
3.072945118085458893e-01
8.325525689937403051e-01
-7.195450003021902630e-02
5.958930756935959527e-01
-5.554621791781604728e-02
6.477647584321227781e-01
-5.356141738227653271e-01
3.907060725096121456e-01
1.219919349446471069e+00
1.056553009000480881e+00
1.172384657111685602e+00
7.109993821219615651e-01
4.173831547614256232e-01
2.024097699745747159e-01
1.154649285607046716e+00
6.401183222437742404e-02
-5.925959519574651724e-01
1.348818924412400255e+00
8.529623246370720002e-01
5.631073483020888615e-01
1.465283372439819765e+00
2.802213973913603856e-02
-1.321380445086417776e-01
2.494785270608184113e-01
9.768722889271447274e-01
1.389516078609756233e+00
6.587532246646338185e-01
4.635859027846463420e-01
8.862309427593861866e-01
5.542501609055741074e-01
1.513747326450268327e+00
3.359478240714550146e-01
3.113355817378247181e-01
1.008799511857632503e+00
6.510020120518236197e-01
5.286062363624439708e-01
1.572779140182845703e+00
3.270379669826396773e-02
8.167013054807232830e-01
6.024473043791980231e-01
1.091053047491585826e+00
1.257706196697424283e-01
1.513534460641229318e+00
1.065948999033146549e+00
-8.153850189216213518e-02
3.669446198402119830e-01
8.048626677804836538e-01
3.874098923663030214e-01
5.450570005919532640e-02
-4.493437140706291744e-01
3.123924331513662223e-01
-1.829145034457900776e-01
-1.739793698015743295e-01
3.730614515964214561e-01
1.447752221621672275e+00
3.815637448561378653e-01
1.381675925308811781e-01
9.673398147313359008e-01
7.040092158530362187e-01
-3.566359364940380194e-01
2.292359269105503916e-01
-1.604800212417015204e-02
3.497082128475190732e-01
7.164298325986842020e-01
5.045093303972485455e-01
2.096332647657845327e-01
-5.351354602973468211e-01
1.281428105330930434e+00
1.474310300183482747e+00
5.805596006218289862e-01
6.576858990700670260e-01
9.836914123552872313e-01
1.465282533531585996e+00
1.852337928036090209e-01
-3.815484937725806269e-02
1.580219779263849045e+00
4.233612703023545976e-01
5.185409841713774226e-02
8.242475373968883856e-01
1.353111039730981791e+00
4.915063048896139430e-01
6.259948060388474955e-01
1.139362016469600114e+00
1.331854631130042765e+00
1.207386542575417554e+00
-1.471471413016505747e-01
1.035763098221828896e-02
-5.506451779340353347e-01
6.128696218505933491e-01
3.372349808556361905e-01
-3.803544504406631832e-01
1.619680578649344227e+00
2.239231399387978383e-01
3.449191597809889154e-01
-3.596445228078015144e-01
1.024971360423076128e+00
7.749595623251943621e-01
8.475303805002482038e-01
-1.203221199027504490e-01
-5.820218546818876071e-01
4.763081427758948938e-01
-5.177009481880217034e-01
3.558673631196579423e-02
1.623759554823754336e-01
2.031827363408955645e-01
3.428241197509490079e-01
4.698757663244333971e-01
-1.571324248792187461e-01
1.191659380774500843e+00
1.156365041948912653e+00
2.453671099042988302e-01
6.570710327098450154e-01
1.041786555242477652e+00
1.657975131771927790e+00
9.854675074122013489e-01
-9.947183233886527920e-02
1.262157773199938049e+00
8.241699014599739304e-01
1.216895186246131355e-01
1.073438820729147425e+00
5.753488050500908946e-01
4.374274113214969839e-01
2.963116544274945197e-01
1.385322183054713552e+00
2.279693763630182279e-01
2.933335715551654843e-01
8.437150478624876326e-01
-3.316267952886454706e-01
8.970651626184810157e-01
7.844687429919575683e-01
-7.221660263309720440e-02
6.612187728011214016e-01
8.643000655095122164e-01
1.410691582703325953e+00
2.173504590274640602e+00
7.223909288548843732e-02
2.801178868876073591e-01
1.080750770921091286e+00
9.876838233353468777e-01
3.913857751594003731e-01
-1.904913504638948152e-01
1.217431822341166203e+00
1.001610008092174597e+00
5.816578471668130135e-01
3.574209912607115291e-01
6.792892082793138275e-01
1.272817059062121947e+00
-6.337021877435118355e-01
7.789236125611760375e-01
1.699823022380157367e+00
7.576685405917091831e-01
1.000237033983654017e-01
6.028557228250620570e-01
-3.190063197692335484e-01
-4.525288004811470755e-01
6.937358754273114103e-01
1.297588197272419919e+00
2.385591773367583823e-01
5.480462544332816155e-02
5.251345816969840152e-01
2.218611693375964755e-01
1.267375840607904314e+00
4.054744249897793140e-02
2.643121055019216348e-01
-7.742200196824508551e-02
-1.867065037555768608e-03
-4.991549778721809938e-01
5.223211670495367942e-01
1.315631889120401299e+00
1.407336042095189699e+00
-2.787436688555610109e-01
1.064603791249355419e-01
6.569988610279745567e-01
7.252279469308622328e-01
5.057954704880439634e-01
1.215685142544919328e+00
1.011218760155309537e+00
7.687097800241092793e-01
1.094164843937395215e+00
2.749398678562653964e-01
-2.489840415986458583e-02
1.421149931604414052e+00
1.034803430223547371e+00
2.936200929251838176e-01
7.110757880780599338e-01
-1.257196865380142137e-01
3.930562523207958292e-01
-5.926854630074458452e-01
-7.276891154773230674e-01
8.190719369893514901e-02
-5.325225906403961706e-03
-6.389371751803580857e-01
1.173499524790437426e-01
-3.241824388768586584e-01
1.154730865155124464e+00
6.567783056150243437e-02
5.391203413776968212e-01
1.951232837917101226e-01
9.031865920834682981e-01
8.027484667183489853e-01
1.341100359123346575e+00
1.455014111283031264e+00
2.915900716816663407e-01
4.900145631020360049e-01
8.539309681617964776e-01
-9.250324353079746320e-01
1.410981856357275577e+00
-1.437739749644098841e-01
8.697774376693403475e-01
4.919546620165348577e-02
5.028740313068554846e-01
1.526834464710242090e+00
3.815582712444937630e-01
3.998776971400828661e-01
4.689200079577007102e-02
1.245834703575207758e+00
9.236039016530811496e-02
-4.794878005444765112e-02
6.569193786860152429e-01
-4.062227879147613518e-01
2.527687029110231021e-01
5.031024193818483398e-02
2.580283284617245765e-01
5.793566684447359894e-01
1.024178055186376834e+00
-2.597116923306970193e-01
1.744912509815933488e-01
9.648741653114870642e-01
7.949527533209886643e-02
9.570107662782111335e-01
4.096034246872451989e-01
2.892629569696182901e-01
1.298025348684842539e+00
4.961333639964677356e-01
9.040217156752410332e-01
1.364031039098802245e-01
1.372123523048236704e+00
2.244517750229112263e+00
1.153121172458131172e+00
7.661046642268664053e-01
3.490095096164844701e-01
1.025545698353489632e+00
1.650472621269370999e+00
9.581088505981164571e-01
1.378383787459008580e+00
-1.631527872316340666e-01
1.359440372883999881e-01
-2.882351609582817775e-01
-4.083980118071899867e-01
-1.199843109181109868e-01
-9.798917872850236854e-01
1.613654559384350984e+00
-6.060298424836447762e-01
1.177336400275140610e-01
1.053440241455728232e+00
-5.506553611479032828e-02
1.056347086574786154e+00
1.309485052946416817e+00
-5.170983403560754921e-01
1.213046985053257476e+00
1.229095016127002449e+00
-2.587439107255880971e-02
7.394449999379041349e-01
1.504969744098721307e+00
6.048595168177279824e-01
1.319447302512658515e+00
2.830188237454007161e-01
4.790364369979707715e-01
1.321804846393655586e+00
1.209846542866921615e+00
4.819303641794769888e-02
1.691245070707287912e-01
1.309959362162583796e+00
1.639542997874243957e+00
1.122260375534566812e+00
1.777459917523128707e+00
1.280169137117140643e+00
8.961581609273339133e-01
1.615973802535856763e+00
-3.603765912160522555e-02
1.201556158321140266e+00
1.273182292191096021e+00
-3.423658923386444508e-01
1.134394767242595803e+00
3.660147335295336202e-01
-3.671191241033988639e-01
9.339889542788682997e-01
8.183493333492866117e-01
2.713969160349580245e-01
-1.789663489111430472e-01
2.207870742480775583e-01
5.610562156603812189e-01
5.010675474745941438e-01
1.926094375516694823e-01
-7.523992899922429811e-02
1.339257002596568324e-01
8.160618820241289928e-01
5.897782578999198888e-01
1.330815845560987309e+00
6.015872003752373853e-01
2.885863388546952568e-01
4.261117058640264132e-01
5.538747320228133431e-01
1.638568103114070196e+00
3.430559370376783379e-01
4.194827529098487662e-01
-5.336483382656793673e-01
7.121055515650843715e-01
-4.770211822289180947e-01
2.816328776218571806e-01
1.216197353345444654e+00
1.265528894494537315e+00
4.504464573164116414e-01
1.124290021160094133e+00
6.416121396402446608e-01
1.071185332206854302e+00
-9.468783946819900321e-02
9.498292166257052971e-01
1.585492824666355771e-01
-2.208452130118618295e-01
1.151505662878863800e+00
2.993187238064499711e-01
3.695440035142714685e-01
8.632389909395983274e-01
5.978068355916779097e-01
5.450703727116214259e-02
1.092329433204874967e-02
4.593880755174304942e-01
8.447818197309970856e-01
8.764053836890379756e-01
9.509959000635221926e-01
6.380957666310272947e-01
1.193563116535482527e+00
1.261897925740464776e+00
1.092136289614646261e+00
8.894404177722289306e-01
1.191244212369306998e+00
6.106055836837136486e-01
-9.969943247674649400e-02
-2.417086063346383651e-01
1.274245558064497796e+00
1.712283189506681458e-01
1.863144231330228773e-01
8.134420501220095412e-01
6.237803285328444858e-01
1.178379286052724240e+00
1.374100181618917116e+00
3.135005419218072631e-01
-2.367235850272345898e-01
1.340235103126129479e+00
-2.465710515629872257e-01
-8.427240608822745838e-01
-4.816412287950777027e-01
1.089852486841683121e-01
7.586941527983586120e-01
1.040372847811502632e+00
5.206260202458604658e-01
7.865409778245937567e-01
1.187275643901235744e+00
3.052014760293942364e-01
3.788481359149279970e-01
4.356863407121873699e-01
1.929535831680434868e-02
5.205092782445605026e-01
4.904288692998367005e-01
-2.540695761734755309e-01
-1.972495667778557393e-01
1.146369940748937388e+00
1.222941528504003283e+00
1.435293129653938848e+00
1.519734980495147880e+00
2.652492551664157872e-01
8.703885046647678037e-01
5.715923871763448627e-01
2.308699080372676737e-01
5.242828617435894012e-01
5.641520142392382198e-01
9.357394410959976039e-01
8.494808937998055143e-01
6.293167970911314746e-02
1.379609693442688467e+00
1.358332710957430134e+00
1.182160995395918235e+00
3.787264677483216380e-01
8.586170106102207489e-03
1.345550569514277095e+00
9.370464676692519257e-01
5.839829527050551805e-01
5.681978081691259064e-01
-2.846978136242228064e-01
3.627595572079982400e-01
6.964041576426281965e-01
-3.729877186297220204e-01
1.080974112118774588e+00
-1.681512340684290785e-01
-1.097405557441577806e-01
-7.941416559218257287e-01
-9.678991144049554907e-02
-7.859262754189026978e-01
9.263121386363750709e-01
-5.154718301838009387e-01
-2.102405444604169837e-01
5.939193899648728125e-01
4.863564330288658311e-03
-4.536233401406263299e-01
1.111037907513569678e+00
4.408346296216942850e-01
7.838835018671724830e-01
3.006426678634991842e-02
1.101305515991014145e-01
1.524183051630066288e+00
1.985418683254174921e+00
3.778993786312894176e-01
9.579700330239278028e-01
1.518562360450578796e-02
1.364391853758212605e-02
1.413464024269295738e+00
-2.394114041290071326e-02
5.528330491948092451e-01
7.556658162273295343e-01
2.919797673872036037e-01
1.001870485380718767e+00
2.044035923232452312e-01
5.030351727023314456e-01
1.045263487799527713e+00
-1.123247958710829941e+00
8.580393328493417515e-01
3.497301825105258999e-01
1.106883883514638622e+00
-1.447270156956335652e-01
9.222215038401445630e-01
7.878836220019220793e-01
-7.108791895910047121e-01
5.075249743602504582e-01
-1.774738063423134671e-01
9.125728065874884054e-01
7.574108530003414996e-01
1.508083677368567133e-01
-4.003693955294237439e-01
1.570699003888588186e-01
-1.073952924883010418e-01
8.431885529459627326e-01
3.648688487365349120e-01
2.177582911207824434e+00
8.514899967532882918e-01
4.975908858482402386e-01
1.025321406001962643e+00
1.338498926400724098e-01
1.283170295812216199e+00
4.598052864179068000e-01
1.350446732360470081e+00
4.404336516982733096e-01
1.268897144387677534e+00
1.554125249349502358e+00
4.252860135504069050e-01
1.535905429968772440e+00
1.209576839035614970e+00
5.455271359548519161e-01
1.264768797436681247e+00
-1.077745746246464575e+00
8.115001165615332024e-01
-1.882440075928356049e-01
-1.069582852872366513e-01
-9.102313740173012535e-01
5.184535361621607219e-01
1.962776545793978977e+00
1.058845719923471762e+00
9.803448772253586796e-01
1.305821487265254044e-01
-9.157299321083728350e-02
-2.156977792327872123e-01
1.027390864291712003e+00
1.246192818768307786e+00
-5.167950258538910324e-01
1.521063361602063291e-01
-4.553242368555290853e-02
1.377135913738256834e+00
4.316914182257982624e-01
9.803704056653944621e-01
1.171555242199632918e+00
3.333756409383508701e-01
1.641240798471028661e+00
9.586818041507216837e-01
2.351581399595208677e-01
1.161328072801408595e+00
-6.941791297278115946e-01
-1.660348070741785587e-01
-7.956419304750023125e-03
8.738991124061328275e-01
-2.327320904837817395e-01
7.207316681921230872e-01
4.314904763745951444e-01
1.802446011613600962e-02
-1.029013621634851938e-01
7.546086865854746417e-01
1.902106367517275354e+00
7.622322625656141604e-01
7.105786573090147051e-01
6.848642864773421546e-02
1.083804155903943245e-01
6.235705323645539533e-01
1.874608799111457946e-01
8.885611454959712052e-01
2.139656604176952914e+00
4.053472675484111609e-01
6.870702109627407905e-01
1.579857886474333561e+00
7.749749337492853885e-01
3.636690729782623976e-01
9.316509697799849610e-01
7.444182754485465514e-01
2.281803064029254369e+00
1.107159968139179718e+00
2.323143484729260355e-01
6.680533380234757734e-01
-2.796689064795384594e-01
3.969129106488250014e-01
1.013968535418921790e-01
7.126134514386766039e-01
6.555697504143880305e-01
7.412087415845912686e-01
9.750031126953841998e-01
1.124766972442682311e+00
3.951945585147383921e-01
-1.751934997534986271e-01
6.801547742385671835e-01
-1.248872996522324974e-01
-4.699335880413307853e-01
1.979808578739477243e+00
8.388677662967003457e-01
5.897415502720224634e-01
-5.816680389151399622e-01
-2.790969884526874889e-01
1.420618868067321794e-01
2.386586764469656452e-01
1.114506897225654436e+00
1.737923071639690731e+00
5.880649344500034070e-01
4.220134880732742122e-01
3.145585305063870463e-01
-2.280451464945514040e-02
1.318770169563301620e+00
1.273994149003758070e+00
1.298235616103893264e+00
4.735202882529759849e-01
1.411873128081047479e+00
1.799438267806087177e-01
4.057573652536915487e-01
4.068460243517820762e-01
-8.731852117955353487e-02
1.670734807786622145e-01
-5.373817302842955890e-01
1.286657185308726525e+00
5.998103490508983615e-01
3.502667900896502817e-01
-3.964693326807864904e-01
9.518952886654958867e-01
1.279847709927461663e+00
-3.096627857233931747e-01
1.031329004284781581e+00
1.800362345826345356e+00
-1.495700358475844649e-02
1.056708140281599873e+00
9.684456133393034571e-01
1.909289586030547214e+00
1.080824404530665861e+00
3.156888182966298695e-01
1.630180276912013060e+00
5.141006117875669690e-02
6.176944300339231031e-01
7.747015147268097035e-01
-4.213027282693336817e-01
4.895672707016996417e-01
5.113643970468225719e-01
-9.204602289827825690e-01
9.180791724748552651e-01
8.907434411643990746e-01
-5.436504541804023649e-01
-1.180253807810323352e-01
-8.919915482103275561e-01
1.146690310717292993e+00
5.912560513123761297e-01
1.433651914463077048e+00
3.351744981819835267e-01
1.293215223739385245e+00
7.986429128341167027e-01
4.680692038792918508e-01
1.199425813552440268e+00
5.320709989867357104e-01
1.366753711602845256e-01
1.100939004673055610e+00
-5.246401099184713201e-01
-7.824871426311826861e-01
2.227697247490413313e-01
7.438500437269629506e-01
5.266524597887485282e-01
-7.108791665646210789e-02
-6.795880071469828643e-02
7.407220910811664893e-01
7.724417748779134098e-03
5.017077248276108348e-01
1.452283490802772414e+00
1.996052334626569613e-01
4.616006204854931072e-01
1.517768786906985135e+00
2.200452034368969023e-01
1.164273173826305241e+00
-1.282186695731522219e+00
8.437622607265207186e-01
-9.406123493790413681e-01
-5.084055911386826943e-02
-3.352938129709960302e-01
1.952963039331333805e-01
2.337077222056198056e-01
3.036729182256584642e-02
-7.396967980121239850e-02
7.790233340057178824e-01
1.220282301745040154e+00
4.964210953380649993e-01
1.190435143572540211e+00
9.663499521164109485e-01
-2.671179317075023096e-02
6.718806798942442704e-01
1.008198621066591860e+00
1.609547846780697566e-01
-1.626571869451559627e-01
-5.926301379468747188e-02
8.640861092229344953e-01
1.743046507376176724e+00
1.613596167729069164e-01
4.320458742064823277e-01
4.591906724511090054e-01
9.179649359988482082e-01
-5.749546032318755828e-02
4.546187543066213532e-01
8.301221817735195130e-02
6.228498645974867021e-01
8.186996108817579110e-01
-7.881390137221876424e-01
7.493534603650880976e-01
1.200643121939782176e+00
-4.386297576519633257e-01
4.495353788436905473e-01
6.349430676270252372e-01
-3.569944896368692500e-01
1.166564489171758146e+00
1.407750924644706414e+00
1.612829291808520082e+00
1.090895182666584695e+00
6.159792148828271419e-01
5.466741064918697462e-02
-4.722416418549357786e-01
-2.782772165665968189e-01
-1.053611813508884693e-01
3.081940362541072398e-01
8.265982541916705451e-01
1.088418431617926174e+00
9.634977837860121408e-01
8.601682123428580073e-01
-3.096612373142338948e-01
1.182536571768694755e-01
8.682725303339317025e-01
5.869406897234262788e-01
3.468106479980223589e-01
7.770217652191588886e-01
-7.461774624091743746e-02
1.582883196028567641e+00
3.252837041578321986e-01
7.499658674430698113e-01
-2.535518174088399745e-01
-2.271649944187504044e-01
-7.081711593455289333e-02
-1.305610379225270734e-01
3.486762431416520758e-01
-5.802491835673259102e-01
1.595328408641643714e+00
-3.780683074498963903e-01
9.550138967385795041e-01
-4.778813472962895603e-01
8.490542417460311686e-01
3.453893290986919107e-01
1.170824454839286322e+00
1.136891080756918138e+00
5.959427706062451202e-01
2.463572398444364153e-01
1.293680430167880591e+00
6.297104910092181651e-01
1.155941734448441144e-01
8.057183714101687766e-01
1.502378146847619389e-01
1.455212231388565369e+00
1.644037357092480223e+00
-2.835196937242830395e-01
9.277117297087252856e-01
7.606841645955918496e-01
-4.461511160312997548e-01
1.331798664619267436e+00
-3.461751909482044809e-01
9.286157748958734359e-01
1.013604957265975992e+00
3.864635778904678687e-01
1.113049541709365542e+00
5.415024886091304168e-01
6.338620891728442563e-01
1.132252857760777942e-01
1.100618917905569649e+00
2.914217368100439631e-01
-4.052141528931773595e-01
-1.006902483971732210e-01
5.812538175580398425e-01
5.374696220825188053e-01
8.756872525477286118e-01
3.744986434232228656e-01
1.147297217715791851e+00
9.962858981357043398e-01
6.547014937543124136e-01
1.593177115899913898e-01
2.773959064746949199e-01
1.874214347923443547e-01
8.453965119952514540e-01
1.370992517229827623e+00
-1.001974357005337157e-01
5.727347549068877441e-01
4.843431963423668885e-01
2.913268322555406797e-01
6.946647213120347164e-01
6.670314621267117161e-01
1.011074770252202715e+00
1.131656628938003450e+00
2.971003885321315402e-02
9.427391245618438331e-01
1.457509464467344085e+00
1.001372317554786839e+00
5.770095780905058064e-02
4.993460914270556050e-01
5.656825733097982090e-01
3.960077686746427683e-01
3.581852764994807869e-01
1.407867712273418725e-01
4.396868260167180464e-01
1.522278199983153391e+00
-6.110932715596893994e-01
-1.104669885880498748e-01
3.228895970060177145e-01
1.221114562393215808e+00
-1.560238698040468663e-01
2.063609356313346743e-01
-6.738118665623540338e-01
6.508183076302217485e-01
1.133632587575383432e+00
6.264656732259513139e-02
1.280193076911617878e+00
3.499895938797232264e-01
3.848961169591139098e-01
3.632884026530721622e-01
5.432513067849540356e-01
1.235669446036525176e+00
5.319832533868672497e-01
6.277739005002240802e-01
2.618523400160022163e-01
-1.162766920119468611e-02
-7.202296950560826971e-02
2.566729373833138705e-01
-6.558938519845800563e-01
9.117346017442642392e-01
1.337197341631363168e+00
6.460572060520726190e-01
-6.954287756915630281e-01
5.960676583023863939e-01
3.712713439038257679e-01
1.189108883657341353e+00
6.550653111523406791e-01
-3.700441033964566584e-01
-4.951101823537537583e-01
6.242633820783567433e-01
3.456165859760089165e-01
5.936227046340617486e-01
5.837483103960123820e-01
2.809657654873437549e-01
6.252346712877687729e-01
9.510827838448450144e-01
1.452386221019544843e+00
9.547374304433229319e-01
1.790724691593299722e+00
3.561100814916305368e-01
4.229795151919618634e-01
2.351700344974939072e-01
4.313987474215494333e-01
-2.027645289265879447e-02
6.437641566592811060e-01
-5.757261554154351479e-01
4.562216702669763535e-01
5.801105396033715556e-01
2.575982816334231040e-02
-1.190829045440533196e-01
4.926759409848155968e-01
7.398378045236241318e-01
1.100863670752555146e-01
1.573834754388070412e+00
8.413970703364184178e-01
-2.090872527067620945e-01
1.380497738803965646e+00
6.057402524763191298e-01
5.282610381418489931e-02
3.939560675918665211e-01
5.192707446288255882e-03
6.580203992309952010e-01
4.618752519755887631e-01
7.981161357007870993e-01
1.621711220073186466e-01
1.335219710399572435e+00
1.432615970706955899e+00
4.647714378887520814e-01
6.533792717651341064e-01
1.077172754145709899e+00
3.272732228091293494e-02
9.244775507897435851e-01
6.063059707168634294e-01
9.681402050666549908e-01
5.380372682994717382e-01
1.418709894544507133e+00
-5.346893407260844278e-02
7.801938504318547407e-01
1.803417133783004278e+00
-1.282968002487787085e-01
1.715347655155414208e-01
2.010120464103865690e+00
2.048762653393181865e-01
4.300745510762012391e-01
4.255031805520199661e-01
1.612352814696961789e-01
-2.782242088076674058e-01
4.082310122925691398e-01
-2.003180465458410248e-02
4.231966981337581535e-01
7.245010010318958527e-01
4.982659930662974301e-01
8.101907543419054614e-01
8.335023082176508114e-01
8.253549487809376528e-02
-1.985436745111936463e-01
1.731038256347637194e+00
2.048436292019250260e+00
6.641083377341936433e-01
1.159302736032832959e+00
8.745821654212856955e-02
4.500930471295033763e-01
4.171373531953634362e-02
-7.857539694527773122e-01
-3.631553384981516253e-01
1.005716540555684269e+00
-4.727362669381358073e-01
8.773440751963944573e-01
1.477007110296755243e+00
8.594734129148248192e-01
2.363269701582055848e+00
1.038709493744518930e+00
4.417996570448787796e-01
4.092406499622525673e-01
1.671640330273078234e+00
3.668998761984394036e-02
-1.478851567019738855e-01
1.929170202125507494e+00
-1.112045381244274184e-01
5.711897006625039630e-01
1.559960417542317401e+00
-5.474884703103319872e-01
-4.649054032443888929e-01
-4.040921224666250144e-01
-6.767991497625212849e-02
1.102996744701254750e+00
3.632554008897931896e-01
-6.006749547129493216e-02
-2.647864046616296152e-01
1.373367803174970758e+00
1.539460533303383949e+00
-6.188195351906886771e-02
1.577101689404266649e+00
8.782399809260177381e-01
6.136040981434486286e-01
-1.794230343138913109e-01
-1.180662449099862066e+00
8.628313181497125894e-01
5.765649150702346626e-01
2.022041269212250872e-02
2.973552707820976693e-01
4.657103336623378276e-01
1.276307277434070242e+00
-2.834090592102879169e-01
1.776968671202345529e-01
5.517880529966603387e-01
-2.044391559999477748e-01
5.393971895528769378e-02
6.144161661249606388e-01
9.193847208510217417e-01
1.854958120400795607e-01
8.204911616509081851e-01
1.649697980513379347e-01
4.457766341710655000e-01
-2.251645142093109675e-01
2.344170881608207135e-01
1.151058265739667075e+00
9.589883748377014960e-01
-2.531443491330865880e-01
-9.805196595516528502e-02
-1.036484913258169049e+00
-5.359045109850201216e-01
1.089391618554512053e+00
-9.167294376498397179e-02
-4.498374511508825280e-01
1.260500302250850746e+00
-3.781708212956625959e-01
8.224047660013678041e-01
8.514633613670888335e-02
1.441782476710350980e-01
1.288442431735529192e+00
-9.840688638940769950e-01
5.115744119513437882e-01
2.616986742906552976e-01
1.033104651370808202e+00
1.877565876352259799e+00
1.599256856210699240e+00
1.438264702157875163e+00
2.532172690248167823e-01
1.547896709961117390e+00
2.302852642140340578e-01
-8.804251962783884444e-01
3.360137399954272186e-01
1.791816505121920589e+00
1.782635589857401448e-01
-1.059109149158818264e+00
7.923781678070799250e-01
8.673224629357649540e-03
2.951834358684530257e-01
9.400045075716507714e-01
3.116348374147981937e-01
3.219369099358458941e-01
1.756867486923557320e-01
-4.875103809165366453e-01
8.671552955761065995e-01
9.617812157758168778e-01
1.246937348005548118e+00
-1.054479087211783045e-01
2.167853017035903385e+00
5.187169891439971092e-01
5.614766510905682129e-01
4.563227796420030735e-01
9.866837588304111506e-01
1.791266610191767805e+00
3.003264342881252491e-02
-2.066867962580740403e-01
3.936962936186680362e-01
7.764117535596993802e-01
1.399934915719641682e+00
6.123560034952174602e-01
-3.039380968939223160e-01
-2.115259776457853458e-02
4.285683674473924620e-01
-4.071366793920948024e-01
1.070010228674414809e-01
-2.934257478751970405e-01
1.230112051829059805e+00
2.948758384256633391e-01
2.053672667328934942e+00
2.154374097725466897e-01
-4.641247711281738519e-01
-1.539191256443833700e-01
2.808461494846801743e-01
1.516977295138157711e+00
7.122252006067711916e-01
1.268471363744773761e+00
-3.486356628749708864e-01
7.126265123454447181e-01
2.860771885917222090e-01
1.423130895209088420e+00
1.303887231687118398e+00
1.461662046054311492e+00
-5.559631173414246730e-01
5.371557533148195729e-01
3.001637708813573724e-01
1.225633334938070890e-01
-5.732887336148569934e-01
-5.050687156127305899e-01
5.652740864836541812e-01
-5.840358537671526407e-02
1.820465959124526245e+00
-4.597459425889303952e-02
6.437457662927646984e-01
-1.301084447821593826e-01
6.598027333037410624e-01
2.021172467969873168e-02
6.945984564400057293e-01
7.826207243421845483e-01
1.671263317845072649e+00
4.538147476516610213e-01
5.444387053652202102e-01
1.033923849151305030e-01
1.286842244982607575e+00
1.944651872049283581e+00
2.829529467126743469e-01
6.811092331528885158e-01
6.163681917641030683e-01
1.515019290430058008e-01
8.156400597960797860e-01
1.232755851925631196e+00
1.474104380325456654e-01
1.085323301953073916e+00
9.583511525109753015e-02
-1.189190521352460894e-03
3.424536549488162440e-01
1.195066261378332273e+00
1.247955557765303425e-01
6.170026610632543124e-03
-3.320269952322232321e-01
1.488459862860665339e+00
-2.270824533070586182e-01
1.858139877678891327e+00
-9.987087873972543273e-01
-1.734016307020788683e-01
1.598183207404306749e+00
4.762972882124546503e-01
-4.789060437229976652e-01
1.006826371108903162e+00
-4.366020857441961223e-01
1.366685882842732624e+00
2.391805812639404838e-01
9.795863989687189077e-01
1.199551338536488432e+00
3.914536558244667286e-01
-2.896285253946224714e-01
6.478883081312805103e-01
1.677284730387189837e+00
3.533179796539993034e-01
7.696566902920569664e-01
6.168690474268715557e-02
1.366919889500581853e+00
9.188002642517498764e-01
1.286885161895401142e+00
-3.599454104385367281e-01
-2.925363644524529572e-01
5.764452914299161845e-01
-3.908780382227450834e-01
1.103861555723148591e+00
2.883000104144494147e-01
-2.892661047777405625e-01
1.193877053887493656e+00
1.296848751481604944e+00
-8.713619603866189500e-01
2.304410358283799365e+00
1.710239510421386777e+00
3.009383480036558201e-01
-3.084564852319794936e-01
1.823110631284499350e+00
1.551888687261980815e-01
6.563276564479677555e-01
-6.335146032455944987e-01
-6.539359885580742215e-01
1.691457498970355966e-01
8.948156494703932706e-01
5.142456830870535400e-01
6.400233295492853136e-01
-8.139180685692810890e-02
-5.838739747251164847e-01
-1.748405637229486498e-01
1.338551150377038090e-01
-3.794640719111063709e-01
6.350166735389248807e-01
1.192367747724071059e+00
1.503957992871423066e+00
1.132853564422347192e+00
-7.344336642699181850e-01
6.441059398651024503e-01
4.928915418317759700e-01
9.373930371186846022e-01
1.120934098577138771e+00
-2.494926083789148208e-01
1.745781045003896859e-01
5.007029942133986999e-01
9.673076254799212181e-03
3.278169323423207882e-01
9.482976830589564532e-01
1.560122365598245325e-02
1.216588847286433239e+00
1.772399255283491737e+00
4.453509681631839801e-01
7.902017288010713125e-01
-2.102482185389369373e-01
-4.663989560693389547e-01
1.384009946203572872e+00
7.588802701409693707e-01
7.191658110439101692e-02
1.396301346455319559e+00
6.770784700936202105e-01
7.096319594065908509e-01
1.804115221370707012e+00
9.380417576588011563e-01
-5.772323814470266268e-02
3.733079326233551543e-01
1.262113990127365692e+00
6.592606694647769050e-01
1.353459402030947833e+00
5.253701954204116342e-01
1.374625172219556157e+00
1.170384424413241753e+00
6.712828927801210988e-01
1.185028465787814067e+00
9.559139025214191676e-01
-3.962380355263424581e-01
8.718457827799657167e-01
1.525483247375084561e+00
1.312639068204507709e+00
1.363086909997788032e+00
9.061691492457244479e-01
7.514382149986083004e-01
1.324292067694687325e-01
1.226549186072087405e+00
1.599881736716983083e+00
2.555116244206062648e-01
6.210443280819231138e-01
4.244582839801527285e-01
3.701239041658458406e-01
2.459847167842750884e-02
7.989709974438877760e-01
5.254788385820904351e-01
2.274917600576324347e-02
-2.709693183910826808e-01
1.464889360575996724e+00
2.671372517014433678e-01
-6.246928594303295668e-02
1.039760532998742271e+00
1.620319649248839866e+00
8.678280129303710400e-01
-1.522685438482433984e-01
1.321464900346325244e-01
1.017917735635765153e+00
6.108307328572869510e-01
6.496360765982230889e-01
6.975827150725236736e-01
-1.359811519536200525e-02
9.553619190252397031e-01
-5.206708158336769143e-01
4.233626057989976488e-01
1.618381437116250154e+00
-1.546174849069569257e-01
3.091790902487288606e-01
1.366080457606510423e+00
1.277873967737630956e+00
7.337910746785477611e-01
-1.347783894527458948e-01
4.144082001820469929e-01
-1.768334986753725829e-02
2.854398327996325868e-01
4.527495158334402525e-01
1.394795084813719444e-01
1.005452846646375020e+00
2.785187620726740643e-01
1.060621634010552761e+00
4.860183310620129760e-01
1.535751008626837777e-01
1.643958028431758533e+00
5.765268963379415190e-01
-7.034779627894391929e-01
-6.038061131118709346e-01
4.251213309174565191e-01
1.411375154885816940e-01
7.784660605111887177e-01
-2.527123224463577456e-02
-8.894480522909027354e-01
-1.906565404114433371e-01
1.260379581283260775e+00
5.092599684310656905e-01
9.618506368689402342e-01
6.835276265896836900e-01
-1.555700274085742574e-01
7.931769904603590549e-01
-6.320250629254432484e-01
-5.513499008919618971e-01
1.361002280489483018e+00
-1.340003539134398958e-01
1.320282605221113847e+00
2.841074815973688161e-01
1.320784733523207466e+00
3.134681298906075164e-01
1.290667857696864651e+00
5.649201602652683674e-01
2.996058959103548025e-01
1.396749710063363015e+00
-3.908517484938948128e-01
4.634413945508880639e-01
-2.872011567778774976e-01
3.893996676154201642e-01
8.377792336089789904e-01
-3.964002929185117541e-02
6.725583830561969734e-01
-5.962963620758583438e-01
3.919210296707312802e-01
6.994910161173761853e-01
6.532172863878851210e-01
-5.708635435749578324e-01
1.779196223957773881e+00
8.375241374267335948e-01
-1.888378202148805751e-01
1.123065030362258243e+00
8.819272213174440544e-01
7.715697508696458540e-01
-5.140865028506333978e-01
8.583021747467508566e-01
1.044859443512240194e-01
-3.671519361487849964e-01
6.613768669341634210e-01
7.307369181993809137e-01
3.983159854225237773e-01
1.281713180617652381e-01
1.662861734576436490e+00
1.329080964715591673e+00
3.965425641451940653e-01
-1.407678208858043345e-01
2.808508228104107940e-01
1.667426216420990537e+00
3.187569220412694304e-01
1.086083891776264521e+00
-1.851885652142193639e-01
7.619018643447542649e-01
7.130807916286739934e-01
8.929427463995823766e-01
-5.419377932756203747e-02
5.419338550618809647e-01
-2.452478798070556465e-01
1.004717486255672476e+00
1.974452592114500193e+00
9.063781866135787180e-01
5.063893331567518308e-01
7.963138741065501902e-01
3.318184929793229210e-01
-6.519734657881097739e-01
-7.581028220846757204e-01
1.669792600251653880e-01
-4.185884407602258328e-03
-4.280193205600233419e-01
-1.128444815813599011e-01
8.678913214901715079e-02
1.095063312425780477e+00
-4.048040432802746391e-01
-2.187800812591110255e-01
-4.155260267414591646e-01
-4.009027248241148755e-01
8.860326979579040696e-01
-2.657016172099954665e-01
1.023221689091069697e+00
1.556022980831834324e-01
2.085286325336421220e-01
1.073790956352264514e+00
1.626403491465117535e+00
-5.272483568180706959e-01
-5.700072884813194296e-01
6.747309090468420756e-01
-1.958781958018578351e-01
1.872863539392106036e+00
-5.723360006291543511e-01
1.233118833400131731e+00
1.520032327694203156e+00
7.802043105558322811e-01
4.795275537918414210e-01
5.326525823694980843e-01
-2.434256117309618328e-01
2.726977397335351716e-01
6.209815005585657133e-01
-1.924930565706518271e-01
2.972886252253411632e-01
6.417094050547591522e-01
-2.946039655112625555e-01
1.365163977336687706e+00
-5.662424524351408750e-02
6.269322387424538512e-01
1.169088136569520486e+00
1.533241055822638588e+00
8.684147049158428278e-01
8.933762261260624893e-01
-4.040648702629229261e-02
2.623370042673080493e-01
1.623931715347698979e-01
1.129790790506045806e+00
-5.501552220178175245e-01
8.189841673797689792e-01
1.086815741523703638e+00
1.445949852152784265e+00
5.894609419951210016e-01
1.241228469321749905e+00
3.310024348521776183e-01
9.192607148675858708e-01
1.553540467481318910e+00
1.029071013878915641e+00
1.278659174782268426e+00
4.422138869763205804e-01
8.354320547763811611e-01
1.395821687739749573e+00
1.076696091613532635e+00
7.029706622767532831e-02
6.886937122398754108e-01
1.820333676961699565e+00
8.329864246809043360e-01
3.273129558522477334e-01
1.296907402995940012e-02
8.263893481008756092e-01
-8.882470810766517344e-01
1.414163022232415967e+00
8.725985421930395614e-01
2.756729133837103607e-01
5.127355323808742149e-01
3.568425622882825943e-01
8.489766492087289507e-01
1.357471205047573563e-02
8.189582372385395548e-01
1.076230809848229608e+00
6.162005835103280260e-01
3.385507946279190383e-01
8.443014408143880711e-01
2.994472721738975635e-03
1.685582176660057829e+00
1.043183578742587825e+00
2.937150421142745160e-01
1.642729602141845824e+00
-1.021096522320170230e+00
4.348951711167486911e-01
4.077123065618367542e-02
-3.954911307639173423e-01
-6.904009043586960548e-01
-1.670367772667961243e-02
1.206106488703931223e+00
1.051045249621836764e+00
1.892607960561113245e+00
-9.645471171031309854e-02
6.179932102730256727e-01
2.419520613950830457e-01
5.289794957283782129e-01
-1.680223081033514754e-01
1.801194183433936225e+00
-4.405396267023811152e-01
-2.666203474719964772e-01
1.020615702639473751e-02
5.707302035986624444e-01
-1.163769022574359102e-01
7.909365305372086929e-01
1.810006164650201921e+00
7.931121773354121718e-01
6.656420723462137534e-01
1.565770923636863099e+00
-6.661484991968998903e-01
8.013203004770332871e-01
1.573031073653797796e+00
3.422667573085270698e-01
1.078764221384965527e+00
1.670052960490543636e+00
1.414064822753598183e-02
7.518635954791030862e-01
6.554547485104944560e-02
1.586856294561745484e+00
1.295587668768271028e-01
2.063258627371344217e-02
4.962056447533390591e-01
-1.181664321421919545e-01
-7.448760755663438315e-01
1.063632810877982227e+00
2.226206798005583853e-02
9.071825127696941937e-01
-3.836132390747965665e-02
5.004846003192262582e-01
2.744629730088941066e-01
9.669589578978337041e-01
1.429494940099364841e+00
8.336789856825777001e-01
8.641856178545963552e-01
2.176124138598627411e-01
1.593638628562137061e-01
-2.977757032765277478e-01
9.945985760704587064e-02
8.567036634709057630e-01
-3.928081512520313900e-01
4.942971435017285420e-01
3.001142419256912497e-01
4.282452857199374185e-01
-3.121241493921385057e-01
-7.396351507290424010e-01
9.409503088036900165e-01
-4.323822018406218715e-01
3.709827176820594818e-01
-2.051879981037299516e-01
1.133767114152000488e+00
7.505310191764702488e-01
6.177186716489906360e-01
1.941830624424954396e-02
6.964657447223271403e-01
1.788400082882905529e-01
1.954933520275060177e+00
6.825869222069180786e-01
7.089032375576321821e-01
8.306083423508973107e-01
9.839896254110283014e-01
2.571194926016401316e-01
9.363104703312321586e-01
-1.781960696362233643e-01
1.042629535339176350e+00
-3.352350280503953450e-01
1.625054387326939354e-01
2.704852963792128695e-02
-3.770443399101348625e-01
-5.740015466407223377e-01
4.416900942795971008e-01
-4.899405699305570128e-01
-4.900511177747412378e-02
5.824165133090609681e-01
5.189440406684691087e-01
-1.800626385232179383e-01
4.739700613394606243e-01
6.646479238800598877e-01
1.061032201947996523e+00
-4.182027478913074581e-01
4.002726735643999945e-01
1.028553414727720217e+00
2.600060632755799711e-02
9.439223431345501458e-01
1.200660592945274718e+00
2.091770640268216241e-01
2.089106406808699301e+00
3.217942316091771393e-01
5.769895499702810265e-02
4.391300056191623224e-01
-7.205875104768043604e-01
1.551841694992203147e-01
9.079569051229141596e-01
1.164790268570122134e+00
6.226595070574801882e-01
1.139084374115644449e+00
1.289319229370050834e+00
3.964935376127202704e-01
1.415491323778071298e+00
5.317930782166748749e-01
1.038181507958181982e+00
2.119142898186775759e-01
3.457927512936666004e-01
1.716185803137033894e-01
1.298989809801458062e+00
6.666077803119757617e-03
6.654347435069478678e-01
5.972812457493540395e-01
-2.269237957058984345e-01
5.778100040157369000e-02
1.355590665897981495e+00
1.202832291024533429e-01
1.610349530113643679e+00
-4.995786437321160511e-02
-4.104230648516464797e-01
1.114141069471823897e+00
1.245464205362687649e+00
1.693840521988238201e+00
1.040129733096513576e+00
-4.170685455872725350e-02
6.689871314924620282e-01
-2.003941378365042825e-02
5.300039913826516402e-01
4.425185555166429863e-01
-7.553725520281497907e-01
7.719570965128480511e-01
4.869755637668525261e-01
-1.704723977448612260e-01
5.537752251775878154e-01
1.496239373953913043e+00
-3.523429195669954272e-01
3.601088507740660694e-01
1.705450945478682812e+00
3.212416938155223667e-01
-1.286415514265941029e+00
-1.528065285349606284e-01
8.791459832213551762e-01
1.634123797802887523e+00
8.286244185457402045e-01
-3.574572710570045886e-01
-4.159108636001930259e-01
8.746758371161711398e-01
-5.125730157867063319e-01
8.622629872864725487e-01
7.240506923309809606e-01
1.312126613576569234e+00
3.037639252290066927e-01
5.846134618440403941e-01
5.010082918027048554e-02
2.086354996424086977e-02
1.032628684866528701e+00
4.828490405438516930e-01
-2.011026424642866073e-01
-3.254822107969976980e-02
1.886587997068637668e+00
1.085491164551680487e+00
7.020375419548772200e-01
8.566373032887195649e-01
2.577204877547935036e-01
-3.381692158925140856e-01
2.464592811163795472e-01
6.500139363941209725e-01
6.187411082037211907e-01
-5.323542654665341933e-01
1.128888914533373811e+00
1.403282786934895610e+00
-1.454239920691123011e-01
1.754323781151281958e+00
-1.892258437470508148e-01
9.103234222326148650e-01
8.572342773273213812e-01
9.769012309424032203e-01
-1.186066497172888756e-01
1.665990092010312118e+00
-7.885522436526049006e-02
1.494834499681533924e+00
7.454603871749979627e-01
1.230615667577193539e+00
1.142411326164359364e+00
9.607997559180109226e-01
6.667607525581129568e-01
5.111409883862343406e-01
2.920032388442744820e-01
1.062544515123172495e+00
4.580077493838283775e-01
6.389703950892825501e-01
1.125707525941296583e-01
4.192901089005601767e-01
1.144285613382441280e+00
1.651402115298426510e-01
-3.934684592805225423e-01
-1.512124852887418991e-01
7.344748454987728437e-01
7.941588107939276941e-01
1.140235949937985049e+00
1.730955797085800274e-01
9.703969518069327505e-02
3.248727370790063101e-02
4.292220110328818783e-01
4.127636711136020709e-02
-5.163810701434554673e-01
-5.021381521412123794e-01
1.126751317172984601e+00
-2.553449407792916792e-03
7.897419063381172499e-02
-1.994844801591742489e-01
1.172190123262379480e+00
3.320227307171642606e-01
3.753077383067738859e-01
1.063017850085119953e+00
1.093237101134564959e+00
5.096654255775254772e-01
5.615212712009413076e-01
4.540550951913637778e-01
5.559706237301896836e-01
9.589502396266581519e-01
8.435355272858471309e-01
1.087097465215804304e+00
-1.647259003404922262e-01
6.066498982838789411e-01
-1.303274970347487738e-01
1.938088640582560640e-01
1.750132612226415141e+00
4.382076208592183275e-01
1.483790909155499271e+00
9.339743698698625973e-01
4.420439604166595537e-01
1.944519031589181379e+00
2.267422672250417603e-01
1.326051048107942831e+00
1.066259807746219535e+00
1.217141158152595937e+00
-9.449159819378322167e-02
-5.008886657202053783e-02
7.957488319139399691e-01
1.506339913215756499e-01
6.609179561816972415e-01
-9.828441703223318449e-01
-7.073600083452719067e-01
2.278951778766011016e-01
9.354458631085610376e-01
1.522988234082873538e+00
6.243623956998997082e-01
1.681285813995613498e+00
5.089253248756120396e-01
8.071126530612428018e-01
1.195285143016266760e+00
-1.124931934441637527e-01
2.980276973168059507e-01
1.650284574476618582e+00
8.599391003226277697e-01
1.414769031857453063e+00
3.077730691849355216e-01
9.431761318134160854e-01
1.308128651674173248e+00
-2.906647638022937796e-01
-2.922702877857635481e-02
1.061677312441236642e+00
7.809576146155942089e-01
-1.047237679490863105e+00
9.883052740523106117e-01
7.751279689792301975e-01
4.676969252926576059e-01
4.913951898345432223e-01
-6.013882815397508796e-01
1.605607307617245016e+00
8.397225963788241820e-01
1.083709117009797607e-01
8.993350097179817482e-01
7.290465021623289132e-01
5.996159902669198072e-01
3.880261194977983608e-01
-4.466210707307168848e-01
6.010517782132906994e-01
-2.163282529318230063e-01
1.032146728878983399e+00
9.263734024316758742e-01
3.746334675287736615e-02
1.385517190300928014e+00
1.370110298924949177e+00
1.251054745455669304e+00
3.438450828366729772e-01
6.948827208219053864e-01
2.493176315467088011e-01
-4.867079387217625452e-01
1.294695228172819013e+00
1.448534972633976237e+00
1.370092636549941512e+00
-2.027809967808417158e-01
1.128263171009683763e+00
9.301170185081315545e-01
1.547620351743777212e+00
6.969912419827074546e-01
4.738491023342517594e-01
6.481119817029388219e-01
2.197526336256967749e-02
5.096319336807109135e-01
-2.852150758653085316e-01
-2.380502029007184606e-01
2.243595897656146310e+00
1.684728406787453947e+00
1.390730056121233238e+00
-5.920187531484674137e-01
3.330705759985708170e-01
5.350208504883066096e-01
-6.694588100245313367e-01
-2.780719981664603879e-01
-1.062002899251418969e-01
1.002899756768728334e+00
-1.314415308777295288e-01
2.357509445549445803e-01
-4.712245828571648421e-02
-7.869814152168017052e-02
9.125270810136557609e-01
1.010879245125474224e+00
6.838477513376768346e-01
9.921144069931081555e-01
1.246354529575121273e+00
6.214787547077582630e-01
5.044839018087467208e-02
-7.384522434742496477e-02
-5.985977004438783888e-01
-5.149287230413603089e-02
7.316485853609456802e-01
1.077537152487276995e+00
6.587448596618611374e-01
-5.338528585507540392e-03
-4.606829380992193135e-02
-9.167990125819955316e-02
8.806141091338305360e-01
1.745242963526787427e+00
1.433453309032629575e+00
6.182484268085283174e-01
-5.855082280641479842e-02
4.952327004507949271e-01
-3.145303993375667129e-01
1.427619557210711432e-01
7.011927429709821080e-01
8.262304440674008710e-01
8.927066432021714404e-02
1.610787548483566534e+00
5.225482925313422733e-01
1.487622508171341229e-01
7.775086075000399166e-01
9.133409532497118732e-01
-1.916827449658161375e-01
2.168731985135365081e-01
7.889439704204257442e-01
8.538331716167363306e-01
1.125418207374870028e-01
-2.171788689906746228e-01
9.036170472424066569e-01
3.640214897063697719e-01
-5.879022645042633055e-01
8.344764246798301865e-01
-3.751623301476509909e-01
8.901913302947029871e-01
1.101340597809230964e-01
8.493872120095231626e-01
1.207424477907565574e+00
5.873692008152118227e-01
-8.849643124658893578e-01
5.054948784539053941e-02
1.061148816124199534e+00
2.933034769335448599e-01
1.293605433342654099e+00
3.562895893911577350e-01
1.318386163713671122e+00
1.108883381547411950e+00
4.889645580879430353e-01
1.778992249545877369e-01
-3.974410460461241801e-01
-5.300821750597891624e-01
1.051331442383097503e+00
1.469289478157331352e+00
-2.727433416010979078e-02
5.555065067734383799e-01
9.782199247897899186e-01
1.554671381744081149e+00
1.049831131970959536e-02
1.134811164574105247e+00
7.915052295670794713e-01
-2.080876131290055053e-01
4.677178389583779294e-01
8.481903731076776420e-01
-6.231637989128666621e-01
5.477836574625648963e-02
1.091042253518652361e+00
9.615634929945271470e-01
1.111957085005194967e+00
5.301402802081970345e-01
3.168485458193491811e-01
1.696429820315193071e+00
5.926454950486695350e-02
1.038526451806887962e+00
-5.382252905503586149e-01
1.445021187451217770e+00
1.300970736700830521e+00
1.702133252380250150e+00
-1.609102616857390200e-01
-1.401468042167064443e-03
1.429936449795581543e+00
-4.909637853678998354e-02
9.745206908638671950e-02
-2.724289948062734723e-01
-3.801811880890295647e-01
1.222594640884612671e+00
6.542353936269907910e-01
7.655439619948455343e-01
1.108417683726157510e-01
5.392860338626165317e-01
6.790589664567328043e-01
8.717633056664162439e-01
-6.079037119856949278e-01
-3.068628292441445415e-01
1.190766875017495174e-01
9.976808324056534172e-01
1.855081090612979988e+00
1.391890049312084487e+00
1.177987205268775650e+00
2.623929232222692032e-01
6.903963688267471532e-01
4.829666263080190092e-01
1.116575371500568181e+00
1.458605472216126575e+00
9.689369769134154042e-01
1.944870383460875152e+00
1.211406482932808393e+00
1.253695984097144889e+00
1.550610488573351819e+00
9.115052728272607929e-01
4.534558007402098023e-01
4.887660146991796850e-01
6.454789349912403162e-01
1.310847862052860302e+00
9.386020318653762184e-02
-5.405683154415236169e-02
-2.436601496590237448e-01
-5.831758725346936068e-01
6.120328831288883720e-01
7.213762486007279096e-01
8.082623824362151765e-01
-5.252852940776302493e-01
4.191510280435887803e-01
-3.304220760925101197e-01
4.758394634184810457e-01
1.246125874690792390e+00
3.594794845886366552e-01
1.038148546707000852e+00
1.475451384652347597e+00
1.220879459739616868e+00
5.245106946520816660e-01
6.119736422070989335e-01
3.539462013610686353e-01
-1.085953716922065937e-01
-1.509124704098992187e-02
3.037653900652974581e-01
1.010525514895669774e+00
7.104135785127166369e-02
3.632980478227656462e-01
8.367120185599760118e-01
1.096818219801467958e-01
4.413758000346978405e-01
-7.257665863392975814e-01
1.340389336429396172e+00
1.383468577694589419e+00
8.581828386340357717e-01
1.811912622662347649e+00
6.691147212714201320e-01
1.282476020662665528e+00
1.776960373014921046e+00
2.788348186844140653e-01
2.250486374707260762e+00
1.317591319482826151e+00
1.313358545340872263e+00
2.947691264817940970e-01
7.565586187111199568e-01
-3.347983765754722896e-01
1.638159804113947793e-01
3.384320359104140419e-01
1.464970369637049741e+00
-9.800298431159842893e-01
5.104670023653292699e-01
4.309066685271537578e-01
5.319577240927411688e-02
3.940674934670003182e-01
4.963914869925195594e-01
7.636743079965361281e-01
3.169676454685039779e-01
2.379692921376671266e-01
1.680803471235460256e+00
1.270920139025761619e+00
1.900036794601488666e+00
1.500651167011863851e-01
3.282592684920661585e-01
6.201212520941621342e-01
1.030967971448094156e+00
8.345693750504392661e-01
6.610268870655982010e-01
-4.090185111388993516e-02
9.755782513805075773e-01
1.037205686580631170e+00
1.263433254144623319e-01
1.536267795855416507e+00
-7.038675744180256100e-01
1.074140921169156604e+00
1.775502512172311975e-01
-4.564368704342310068e-02
1.118590113744501791e+00
-7.859140601907513290e-02
-4.338427491241387268e-01
1.265681977891733867e+00
-1.253650444734163705e-01
1.851382677700306401e+00
-1.534462248315036081e-01
6.633217850186972075e-01
-6.048605985127823992e-01
-1.188877981137781703e-01
-1.743138070392250688e-02
6.928610233926060236e-01
2.059902668598010855e+00
1.026323377815892002e+00
5.588998026193531254e-01
1.360437987697754370e+00
-9.785215697938981494e-02
7.638130315219456845e-01
5.068253478308191173e-01
3.810008575923199414e-01
1.054237611886552350e-01
-3.069821546320768979e-01
1.226884731370895487e+00
1.668086065539343132e-01
6.951967328895694020e-01
-1.630280218969056838e-01
1.019191466595683604e+00
-5.974309487843275646e-01
2.089862052675789950e-01
-5.197870214623244445e-02
1.762555934829223570e-01
8.321083321665041777e-02
2.738924719755122528e-01
-5.061533855352093880e-01
2.949830663471358916e-01
6.380728687668600907e-01
8.194560778335797657e-01
9.567614213947810420e-01
8.655949867871086667e-01
1.553043902332553516e+00
9.029489048102629090e-01
-1.264573415628645892e-01
-1.225495598949666864e-01
-1.638449459313670864e-01
1.130508720988342430e+00
2.613076983447073509e-01
4.214903038643738054e-01
9.023838347723083242e-01
2.317610187107098929e-01
-7.309006072992715874e-02
-3.012762759747519836e-02
5.150402064349332010e-01
1.354450223307381629e+00
-2.012288915608996809e-01
7.884798439803173409e-01
1.419497050338451860e+00
2.144207786494600754e-01
8.487619883500725493e-01
4.367589440210946083e-01
6.932791547544807642e-01
1.020803368185196902e+00
2.501820144750945829e-01
4.054609416076382367e-01
1.203498426586105952e+00
2.638046083457822322e-01
4.232735179373443013e-01
-1.857146199384025476e-01
-2.406129443729396744e-01
1.045839096653551792e+00
4.334274682593029504e-01
1.183814893220375808e+00
2.523036601424734626e-01
1.659223270365499880e+00
8.974950859237857959e-01
-2.498518053121326632e-01
1.171703550993063558e+00
-6.439312685813811665e-01
-1.603597370976169167e-01
1.668236737854412177e-01
4.155836095079085690e-01
1.334176295521922739e-01
7.601656891340748956e-01
-7.596259274425189167e-02
7.668426087471571506e-01
-7.018082771919194052e-01
1.468569662223222938e+00
1.099341517974991023e+00
1.785164181549992346e+00
-4.816589384807766216e-01
3.105282107043186857e-01
8.168592331850982324e-01
1.356586025134755014e+00
1.517125664269525664e+00
-1.003693642297019684e-01
2.703504991060373674e-01
7.082110854421511115e-02
1.187541282513649099e+00
4.839956203321633121e-01
9.363608691735528788e-01
-1.215305087277538526e-01
1.903855661405750688e+00
5.928569939897079255e-01
-1.680186432505528793e-01
8.281378277677894362e-01
3.244952796763608260e-01
3.462407578224724336e-02
6.474043035794161405e-01
1.306789030600816970e+00
-3.452416565203196286e-01
1.402164979502517062e+00
1.462250458589827717e-01
2.310324147331575262e-01
5.478949064701856830e-01
9.902913167141662587e-01
-9.734822066014779951e-01
2.910319776636333122e-01
5.940865687457915767e-01
2.114479276754591686e-01
-9.125864485729173747e-02
6.048087351073333506e-01
7.817038087244759792e-01
8.094809273477306943e-01
4.962424377248523810e-01
2.236863211630287507e-01
6.606620972319789953e-01
1.384345849970349540e-01
5.666866942916269911e-01
3.703438517800871632e-01
3.777252590665413634e-01
6.762011728542041133e-01
3.981489139841438291e-03
8.793392787782435827e-01
2.110526912381532338e-01
1.821052870704584492e-01
6.668597919932350848e-03
-9.171440053060306852e-01
8.464181025790720181e-01
1.467818156218899106e-01
5.457025583431014404e-01
1.274185306420325459e+00
-3.023351563865664393e-01
-1.873445196892554732e-01
5.135997475732710926e-01
1.282007334853318081e+00
-1.533634461247196379e-01
1.068773263238033566e+00
-4.908708692936149254e-02
-3.358933492406210308e-01
7.324481430413376515e-01
-2.836802835512868826e-01
4.544520397858065608e-01
1.550016746847055815e+00
1.035277998174305658e+00
2.495195535813144461e-01
7.732891239677640582e-01
1.065120039348920189e+00
9.762233906335425759e-01
7.573363836770953261e-01
4.479781944038714325e-01
1.161493497906382011e+00
1.359989480504845361e+00
-1.164816765870059778e-01
-1.000397596403797690e-01
2.766987060463955150e-01
8.916443000432978661e-01
-8.527506557897379658e-01
5.328939389659282516e-02
3.260334369491834083e-01
-5.624741669202917294e-01
1.883259510765560030e-01
4.958666657696431113e-01
7.626575868547618153e-01
-6.223979885752365382e-01
5.385608432735045081e-01
5.932258556301106545e-02
2.021419040522856481e+00
1.556605305332540601e+00
7.680545436980947827e-01
7.608783034791952726e-01
2.170528542880214018e-01
-5.422970925724696079e-01
9.246217641438873036e-01
5.254637367691456645e-02
-7.366793178682949916e-01
2.106602512075777811e-01
2.433599605840358615e-01
-4.065794790763437305e-01
6.048501324111045241e-01
8.201059527971994445e-01
5.878928360254428442e-01
8.425459252034971369e-01
-3.663617276494585684e-01
-1.824377585906527266e-01
1.630567288187270147e+00
8.717409367878857784e-01
1.522946388199381440e+00
1.658005904761497895e+00
7.186172512761433984e-01
6.017050990436559887e-01
8.472389557418076311e-01
1.987701842031978083e-01
1.125761612113906240e+00
7.627950092396615922e-01
7.524571026734460100e-01
1.617487056024453418e+00
-1.943469069304713248e-01
1.824997247064686356e-01
8.472500561544791253e-01
-1.425875095230598189e-01
1.058786838276917219e+00
-6.111493362847085775e-01
7.325832380292873758e-01
7.639833574485360712e-01
6.880621495549171796e-01
1.121846191676066029e+00
1.192518369047150806e+00
6.490112389315837449e-01
-5.994262201187385841e-01
-3.347577221187065244e-01
8.438719576514691623e-01
1.010850803065916903e-01
2.495724529553214333e-01
-2.370015807579467226e-01
8.612940205114646419e-01
-1.449375543240077890e-01
8.618841634514573524e-01
-2.788833910623105816e-01
5.837410850264486140e-01
1.126706948254158513e+00
1.085612323118079647e+00
1.191636580185867267e+00
1.350957927701718075e+00
9.101785931075487834e-01
-8.959402809855088190e-02
9.428689172512091932e-02
-9.204362663398055200e-02
6.112628313466723640e-01
8.495189364956318157e-01
1.305155883927087590e+00
3.678666163591499672e-01
8.185035755505953858e-01
-6.416156175603461298e-01
4.924657681029032674e-01
5.288941615143958330e-01
5.409885584725893093e-01
-2.029796945606918840e-02
3.983530185350305786e-01
7.176669962656120894e-02
1.336458932924286636e+00
1.581036637515407683e+00
-5.007040135850892026e-01
-6.171353978193204470e-03
-6.862621491291482911e-01
6.048490462499851450e-01
8.636721983238958567e-01
5.755561720932798053e-01
-1.394767515705726789e-02
4.889499391414151019e-01
1.418501265345931683e-01
7.516570934447964758e-01
1.053628847283456293e+00
-6.887526204010028241e-01
9.753555194602872014e-01
3.795991216388219791e-01
6.108830126509950942e-01
3.776376574011136023e-01
-6.738799994964402851e-01
6.030050884219123608e-01
-6.945869265505442980e-02
-1.025945849895893141e-03
1.186134405192990959e+00
9.471952679252646501e-01
7.446880282175820653e-01
3.781828517803157430e-01
-5.321249814345319074e-01
9.830815337677436538e-01
1.511886351932055783e-01
1.566559536160295085e+00
5.585082135080826626e-01
-5.519257872379630392e-01
-2.499116867571741230e-01
2.697349664072288267e-01
-3.354157213629628820e-01
1.816509896335974927e+00
5.667428318611261728e-01
5.660289141366773302e-01
5.817310926272397653e-01
5.378300503898026941e-01
-1.010585218598287205e-01
-4.762412325718753947e-01
2.377172157813408071e-01
8.230236599389255392e-02
9.536235021360522923e-01
-6.185450438811872509e-01
-3.724986310379749810e-01
-1.669058577560294521e-01
-5.014733521324906684e-01
-4.720328335545694032e-02
1.257913261378768910e+00
3.984214220018654218e-01
1.624839609009274266e+00
8.336669968986356594e-01
8.322283763835170989e-01
-4.382375006140480922e-01
1.555172534002290385e+00
6.937746611201843494e-02
3.873199114948165378e-01
4.742691610027026661e-01
5.825661222592093402e-01
2.425640911508706588e-01
1.149722122178356898e+00
8.169393561498090872e-02
-3.334535077609070419e-01
6.057995456434106529e-01
7.515167684873313991e-01
-4.476458754626944647e-01
1.173806070057157092e+00
9.746712090063748279e-01
9.464473554090381269e-01
8.324357554368606582e-01
6.421364342711752826e-01
1.020864798392880357e-01
1.099124535909261624e-01
2.598181394545160949e-01
-6.380204268377811516e-01
9.070272780960839665e-01
2.882575284443149033e-01
8.735161808974968300e-01
1.541143361738632311e+00
3.451444925777621270e-02
2.295627649077749410e-01
-4.939466025803325722e-01
8.164791214245064044e-01
6.630450093494431041e-01
7.410664996290645679e-01
5.570838223939545975e-01
8.890955601838628208e-01
-4.581176896620242078e-01
1.029714314509550810e-01
6.093132486713880303e-01
1.595500740497365788e+00
1.196801303708789677e+00
4.128365608977509482e-01
2.597027287438157250e-01
1.188539867534276651e+00
1.197991168180498445e+00
-3.792899877968686217e-01
1.929841266628944396e-01
3.648607253414795637e-01
6.754361909613528780e-01
1.345862349324031371e+00
1.233873142081987756e-02
7.665290834417453070e-01
-3.359050981070436093e-01
1.598017352793518420e+00
1.589173185032044522e+00
6.451256351676811773e-01
5.055956050604225593e-01
1.373507555644504441e+00
7.834398002132960670e-01
4.309508369803108918e-01
1.265311714821581335e+00
-1.355369963010349399e-01
1.413397447283464503e+00
-1.504201969688787749e-02
9.881778781416079571e-01
-3.735233578106854080e-01
5.739673412343475611e-01
7.081367851761103394e-01
3.829246311417980886e-01
-2.714729992873580189e-01
-1.064565824474518640e+00
6.841998071348907029e-01
-1.845862807011411089e-01
4.290626927117866529e-01
1.202204399733136864e+00
7.314590382285202086e-01
-1.235522144645924414e-02
-1.125596455894894155e-01
7.382416863494514203e-01
4.120484932345809814e-01
5.409989182645584815e-01
1.253732213365298831e+00
1.326175254976675655e+00
3.382253432701272378e-02
6.762789689249718572e-01
2.302610843651723971e-01
-5.839079927949142323e-01
-3.914949329828803504e-01
5.553156048095557740e-01
1.010336658738660631e+00
3.233172852328021207e-01
8.699724212946903235e-01
-8.456136631118197355e-01
4.392677718374620732e-01
5.057332824174232133e-01
6.076779038669725269e-02
1.079038111177392567e+00
1.338567406498674339e+00
7.090835656220831895e-01
7.510908545395941216e-01
1.975289880463854342e+00
3.460943421667878606e-01
2.516897755382353497e-01
-6.772887543822225104e-03
2.252719127189902748e-01
3.412472762575341489e-01
1.542297541434821895e+00
7.885226202501584014e-01
1.407272192722414106e-01
-1.771018808154342927e-01
6.772920767518038065e-01
2.799482476238022155e-01
3.718724330523147104e-01
1.608548664877816226e+00
9.355836430016116756e-01
9.174846090129316067e-01
3.006420775316639982e-01
6.707765793385993547e-01
4.857916802291412095e-01
6.458194677252695470e-01
5.632327128549592388e-01
-5.125255395744692244e-01
4.620201232135581204e-01
6.937084988828459142e-01
5.409905710491016428e-01
5.191877594723131040e-01
1.545513747623669554e+00
4.161212216668488950e-01
-1.771945543928304667e-01
8.087249963400067188e-02
-3.563785195737625977e-01
9.904165633426701421e-01
9.026711452258169288e-01
1.175033725631153381e+00
9.372423949815131827e-01
3.907628104903942967e-01
5.001828161076531387e-01
7.246055184606384758e-01
8.604704095755010274e-01
5.828312108629146726e-01
-1.384768740127362840e-01
6.115248379964940417e-01
1.128218491284981306e+00
6.757848295513199099e-01
1.264385022374664436e+00
-8.572432943570642561e-01
-4.467625726121007834e-01
5.818241579678157249e-01
1.079776729141618818e-01
3.184294062246653123e-01
6.169075154336367550e-01
-3.501538754524671226e-01
9.543704254718022861e-01
1.211204385576465092e-01
6.281519006295686047e-01
7.231201955802765147e-01
-7.769971127152817958e-02
6.156787839502302351e-01
1.246801918085660654e+00
7.426247409559104673e-01
5.759827249006539418e-01
6.212947412024951710e-01
5.867043738194588354e-01
-7.956830999604211363e-02
-1.633419388294736208e-01
-6.488956478214954332e-03
9.965209489002491150e-01
6.484551628694423808e-02
1.325047042216535853e-01
1.135640213399320420e+00
7.842302045211403394e-01
7.333066894433918348e-01
1.405590302490336452e+00
-1.602724062785012560e-01
1.735339892722420896e-01
2.706104212469732651e-01
2.187160142491427484e-01
3.315888719954226960e-01
4.022152143890975751e-01
2.812849861123058459e-01
6.003191480216854004e-01
8.583386985297755123e-01
6.651841648871811841e-02
1.665236870671539027e+00
1.150367195992423319e+00
7.188117658687545042e-01
1.258010044583899534e+00
7.746322745079245453e-02
1.625197526497959455e+00
7.336885111349804311e-02
9.688433658317221475e-01
1.319437757357976027e-01
1.149369115718231749e+00
4.270723417976526326e-01
-9.946927009826661559e-01
1.206973704931926683e+00
1.121194553492235180e+00
8.886945551449564329e-01
-1.068970491567141634e-01
-6.685498441675465919e-01
2.499486194848650478e-01
8.293865767201265005e-01
4.239204425035061341e-01
4.409255575721141573e-01
2.149570177709895891e+00
7.094617653398951895e-02
5.907464206976461574e-01
4.693389696352894269e-01
4.481260706135153371e-01
-5.617765977846636005e-01
1.247135232599353161e-01
1.340369973962466377e+00
-3.542608574674495081e-01
6.435558119947167866e-01
7.156819069891411367e-01
1.095432781989653215e+00
7.784389390488932747e-01
2.088389047737922721e-01
2.237347665916054884e-01
1.291364243200063600e+00
1.616900947249094278e+00
5.047469962727115789e-01
3.817772899167489742e-01
1.491651199236666780e+00
-5.039749890750435668e-01
1.376492284862487647e+00
1.260867022645168589e+00
-2.766158778570056986e-01
-3.067805770189981907e-01
1.147553228348321630e+00
6.995262296928138612e-01
2.420484442359156219e-01
9.688365295809677757e-01
5.075775426575422911e-01
4.653747847784408531e-01
2.995569073318627429e-01
-5.012281547023698103e-01
8.645793485655236532e-01
1.099985413618167707e+00
-1.401801286799106427e-01
5.219013043516416150e-01
4.558207658180392086e-01
-5.368693675547416833e-01
-1.212927901030463329e-01
7.532029133101704188e-01
-2.800935028694161444e-01
6.371830352484623150e-01
1.630212026518377266e-01
-1.278106669133705076e-01
1.832529233415899128e+00
1.908546640757314616e+00
1.273100100099628040e+00
9.318973339221642282e-01
1.294355204518475411e+00
1.103790210772562785e+00
-3.379086911676271732e-01
1.001684284709895324e-02
1.437348623520979363e+00
2.488181823162023965e-01
6.533851534028847219e-01
2.453891852814759911e-01
2.910612656911958918e-01
8.189178259451139752e-01
6.903400535273966909e-01
-7.170480988149767754e-01
8.626637901614092607e-01
9.375642316802540455e-01
-3.335578320629566107e-02
-5.993204846087902826e-01
1.674305805167741079e+00
3.018750830595901546e-01
1.045619956372616510e+00
-4.095670430662848860e-01
-4.419710619101698823e-01
3.598964585846698427e-01
1.422241175931067414e-01
-5.449044494310522069e-01
5.118876071601604627e-01
1.297287014551618434e+00
-1.569110167727386096e-01
1.355174132085918082e+00
8.363230078673076218e-01
-3.769579735790197783e-01
1.087325349643687433e+00
4.412129765872517817e-01
5.509606846676937675e-01
-1.376197876427728006e-01
-6.697851903150420227e-03
1.861673019403417562e-01
9.159718414988639035e-01
2.794821503743302182e-01
1.246844423312485794e+00
1.105338633054127051e+00
5.400483561593207027e-02
-5.418271300514050370e-01
5.763288577684528846e-01
-1.658062958822410504e-01
9.730909740747402392e-02
9.347205049102373930e-01
9.667561774427513299e-02
1.040596484240783104e+00
-6.723430194166019058e-01
6.531429527464985840e-01
9.002924356885753099e-01
-2.775913804938475726e-01
6.049807886300575532e-01
-4.561864397238957203e-02
1.260398756084428751e+00
1.481870999786458531e+00
-5.015836582734591043e-02
5.301438798793457474e-01
1.545996861003879452e+00
7.540290921542822655e-01
1.321262771951501547e+00
-6.027249130944026811e-01
-3.861276539612633063e-01
1.137674280049981279e+00
-4.269080951425821557e-01
1.112346998113448865e-01
1.228200877833524496e+00
-3.609722352417407132e-01
-5.133897848318669244e-01
-2.336173826938018616e-01
1.488597023924113749e+00
-5.877859615821136030e-01
4.071944582726136908e-01
5.942702290077155336e-01
-1.710209983475156903e-01
5.279727844356298938e-01
1.282133298724848824e+00
1.196406486755682286e-01
4.816996997774537770e-02
-8.539901010628701827e-03
1.590711998631113844e-01
7.560005219142788002e-01
7.091068581803470217e-01
-3.594277823304772301e-01
1.049672179271195160e+00
-2.750144157703700021e-01
1.238851739489949422e+00
2.919958074671279991e-01
-9.279867160029828255e-02
1.174294827403138619e+00
1.836222060287520774e+00
1.657722003066553373e+00
-4.280102428508880119e-01
1.404575193721674609e+00
-7.331909304120540760e-01
3.563837409311432780e-01
4.369417861627615807e-01
-1.229868881382018830e-01
6.588977744402862990e-02
-8.120926616566794820e-01
-5.538205875949501200e-01
1.154772930001288556e+00
3.272066953569293668e-01
-4.180601570419549828e-01
-1.468824803419888636e-01
1.329230877863614713e-01
1.797479509398287045e-01
-2.009488419942032089e-01
-2.706409455591370361e-01
1.372480684185573008e+00
7.450178778943775670e-01
4.042984467839151885e-01
8.767128870666328622e-01
1.140818327838444057e+00
8.206644557295174058e-01
8.364022621386867362e-01
4.949971153874971885e-01
-1.524126932438811255e-01
-1.341610486659670087e-01
6.947255196347247308e-01
-2.923506462781825244e-01
1.201023285446069178e+00
1.077922734709914510e+00
3.637962637221724971e-01
8.550505692015006876e-01
2.325187366215194507e-01
2.707238501016534515e-01
-4.898969903113297164e-01
6.903122045130636319e-01
3.254246263856572230e-01
2.173191324354612208e-01
1.047322614343159541e+00
6.599363197180315721e-01
1.501003507890403377e+00
6.489307719721617573e-01
-1.429685321488218808e-01
7.915154669592493475e-01
2.879852002928562915e-01
-6.385412449387769529e-01
7.517443990614884886e-01
-2.299488502824736658e-01
-4.959536317824670970e-01
3.489942470437912281e-01
5.156825628851314791e-01
8.512037701611232521e-01
9.351340385214886863e-01
9.832402250782193986e-01
8.980548564453422200e-02
-5.222159260859510210e-01
1.602430454437367091e+00
7.624623907409376899e-01
8.033041410292702800e-01
4.807293799383757782e-01
1.146304700991866987e-01
6.634000292269593979e-01
-4.968146021176834681e-01
1.632343513167958393e-01
1.057388877229496815e+00
1.430479609474306857e+00
-6.347057230910624348e-02
1.569983937016522502e+00
8.034570367394514578e-01
2.047684274744354938e-01
-5.042274356800499069e-01
-3.401307469518481397e-01
7.110546441837396481e-01
-3.172038396337314992e-02
9.256438772445712004e-01
3.790802165903059406e-01
1.367731183198229283e+00
1.512907276789081434e+00
-1.128062198431595498e+00
6.219484518841867926e-01
1.766313474451380428e+00
6.775540283709583500e-01
1.086841845746596258e+00
1.062180265085455266e+00
-1.615474202314702221e-02
1.163248373768106303e+00
-2.097078914787709747e-01
1.185969616350156963e+00
1.040262127748147636e+00
1.526405486591627225e+00
-5.816677936827776563e-01
5.273910035344719915e-01
9.569433974479540916e-01
-2.636003739786517142e-01
4.836344656127358754e-01
1.706266216074532605e-01
6.690154595889228339e-01
5.978683045725623479e-01
1.457837747873725220e+00
-1.134302902839760818e-02
2.902545232867281277e-01
7.408730023740049964e-01
3.782109816195775576e-01
8.685548994726598193e-02
-9.042713290186871200e-02
1.986677572332326558e-02
2.012392079130096711e-01
-3.452511630650920704e-01
6.132545576486440053e-01
5.380581342957588831e-01
-1.109705185867519150e-01
9.680405739191537684e-01
9.478227201788004541e-02
1.415150421357361243e-01
6.184388417602960653e-01
3.376950307985597255e-01
2.378025090667592045e-01
-3.200397109155699860e-01
3.334517856986412010e-01
-1.830553964101027387e-01
1.559295774957474956e+00
7.926138345496510640e-01
9.099513035701062291e-01
8.966766929250514773e-01
6.910240560990842384e-01
3.114148055676459886e-02
1.393908647916859422e-01
3.593047636422724844e-01
-5.553219322031756056e-01
3.729203604416779227e-01
2.251026591976829638e-01
-1.858138027884770338e-02
1.211680312791687975e+00
3.050876157465647887e-01
1.801724088745831676e+00
-2.301044095106621612e-01
9.991652731033022761e-01
7.684451939758899508e-01
-5.252902350847372670e-01
5.974886218682295969e-01
1.143439767583585898e+00
5.605384246429968575e-01
1.162675511238542958e+00
9.787504535313684695e-01
6.276677237862055003e-01
2.912495363751891886e-01
6.475887890659370871e-01
3.571633337555067955e-01
5.660557220490135544e-01
9.908763573781001477e-02
-3.975353112392718824e-01
-2.555648536203498633e-01
9.947121171394902595e-01
1.029230030407694896e+00
1.133997268068265729e+00
-2.722880105048932492e-02
1.274300823993181897e+00
-1.648621725656354564e-02
1.043076093318082265e+00
-4.724065865972492118e-01
1.168939507305314818e+00
3.362201546388364493e-02
-4.230532563417245817e-01
1.466646793080652822e+00
-2.256741012321857032e-01
7.130339999430453934e-01
1.929997198310580142e-01
1.006794099225970518e-01
-3.970726416107670659e-02
1.731098192755136322e+00
8.719799117370219399e-01
6.095621915284097359e-01
7.082982205460800484e-01
-7.334864794426790846e-01
1.718569458151381513e+00
4.525198763183012618e-01
9.285258797562470079e-01
3.293414777482200906e-01
2.034827319460537076e+00
1.142687665120836193e+00
1.491674581627544294e+00
1.962190717186685085e-01
1.246318539701732619e-01
2.437744447806179104e-01
-4.814652777489792923e-01
-1.535261989015679340e-01
-4.792711879061213875e-01
-2.497387832501263283e-01
1.140990184549353526e+00
5.915644085501697846e-01
6.564252721324458362e-01
1.041636461254217272e+00
7.648560183845245497e-01
4.551462106287115228e-01
3.809785381052339104e-01
6.682887466333592430e-01
-1.024660454070743798e+00
1.175796572566828013e+00
7.686673057032019640e-01
5.423240954111032686e-01
4.270424838156955949e-01
-2.136858723502660928e-01
9.459572627098451481e-01
6.202392831867542533e-01
1.184959262278516778e+00
1.115878208564019314e+00
1.508440665046340001e+00
4.961982463256018883e-01
-1.009026901284313160e+00
-1.360599970891440136e-01
6.509985713678549946e-01
6.226306842554145682e-01
1.122102054715622854e+00
-2.079533158665823334e-01
6.532355349278324841e-01
-5.758655580262854734e-01
2.033887757282221820e+00
6.522653979640757882e-01
1.470933711165730795e+00
1.112061791257318299e+00
-6.723695296177121250e-01
-3.910966141048468070e-01
6.973611782084798705e-01
-1.042424234060730925e-01
8.676894110024557794e-01
-3.501258198164448610e-01
2.579395368965786139e-01
-1.222571865805753971e-01
5.608376008383790801e-01
1.244543226938227720e+00
8.584364735404582669e-01
-1.025823310835799473e+00
3.037263097269822243e-01
5.675261302093728144e-01
2.148473967138241902e-01
-5.478707178088362273e-01
1.184217132416169216e+00
-1.088077094245219145e+00
7.875533302980582129e-02
1.778084204755133291e+00
1.214631533532590346e+00
2.231937225946880321e-01
8.275190505889166992e-02
5.055863934870936244e-02
1.622081008060352325e-01
1.280560737290981521e+00
-5.013491919644665895e-01
1.572514569522415195e+00
9.782103981437669793e-01
6.526442860500371035e-01
4.325127021459941323e-01
1.468885187160406502e+00
2.113596103634813872e-01
2.249200948575405812e-01
1.369134700111155123e+00
-5.354914978918634549e-01
3.094282852149072838e-01
1.612175208752219424e+00
2.551251263065412722e-01
1.896303949867991667e+00
4.076705276997981686e-01
-1.203940256260050135e-01
5.947900130166180466e-01
-1.533885315899228552e-01
5.068583579917923521e-01
8.598973444937995092e-01
1.695605236952371364e-01
1.370959416008864729e+00
8.347907976061564872e-01
8.585242148287589581e-01
1.252349808691982647e+00
-2.745350704829190858e-01
5.887339931739541399e-01
1.532180250654554765e+00
3.045977207400956122e-01
3.440365797310891982e-01
-1.488802574324947225e-01
8.530218962201929767e-01
-2.348576416829947222e-01
8.513874307023276966e-01
9.328489929742961317e-01
1.530191907129325457e-01
1.251232725020190673e+00
1.235108026892968835e+00
5.568811677853511277e-01
7.527405583427668745e-01
5.506250571416175799e-01
1.181132354112348848e+00
1.143906449803990366e+00
8.301614847726999091e-01
1.771629723528501954e-01
5.349067136059709737e-01
3.521997573412662397e-01
9.418161187501347120e-01
1.062046938996256351e+00
8.781279899994245408e-01
1.358648674113060340e+00
8.444645194263415977e-01
1.665833966390458665e+00
2.091082026955939921e-01
3.403348910090114865e-01
8.141714770785415389e-01
3.572050706547537646e-01
3.439776103837738352e-01
7.547229722033133026e-01
1.137055359053251280e+00
6.757790061117601166e-01
1.261275883913127505e+00
7.773713598610144659e-01
1.132055408529379914e-01
8.618963905913463730e-01
-4.265611941356913794e-01
1.605202941030225150e-01
1.550774214170179022e+00
-1.818116437287839171e-01
2.778615646964206487e-01
4.876065890267386460e-02
8.956921812508794600e-01
8.102842453104164289e-01
6.867039864715636099e-01
1.702363027124634165e+00
2.927315472221276305e-01
7.296059848897078481e-01
-2.669466278472597959e-02
8.184780607603469038e-01
1.352531979664296280e+00
8.518986653670600484e-01
9.333130161582726680e-01
7.363733507812804391e-02
1.177080572147706006e+00
3.833161836407293355e-01
1.138427999054487882e+00
-7.686988922016846359e-01
1.160304259950827976e+00
1.403535580860965082e-01
-2.607074793655879130e-01
3.253085907861443249e-01
7.286947454953897341e-02
-3.941762823927240644e-01
8.100252812514581180e-01
4.098086938468981089e-01
1.427472025182775217e-01
6.461165917203577358e-01
1.289526141101396517e+00
8.635096335239178522e-01
5.117042263525528600e-01
1.709755740542566738e-01
1.410931944090961121e+00
1.073965000644587220e-01
9.666496828612312076e-01
2.919031698321454815e-01
6.379244656181457529e-01
3.398876768505096901e-01
1.241180427802593300e+00
1.217630135410321168e+00
-1.224743114494526997e-01
9.191924460079874404e-01
1.178257892628692183e+00
8.610416467088316539e-01
1.000419076953046549e+00
1.059819240521077788e+00
-1.371805006321327458e-01
1.199730355503781376e-01
-2.885048616284605627e-01
7.779201045014541016e-01
1.296147476918095842e+00
8.909489936167389601e-01
3.538635006125354643e-01
6.658745804624779385e-01
1.851610324644215599e-01
-8.470422138287997393e-03
3.371874456579604384e-01
-7.664961678888482233e-02
3.721820463551511193e-01
1.672537892075467880e+00
1.884258743651793910e+00
1.108357532771421516e-01
4.614311218401172532e-01
-1.065305989799701369e-01
1.298396973912838703e+00
6.400817338986175553e-01
5.505757044052400628e-02
-2.351023418833108336e-01
8.242265004765735315e-01
2.375580293440591184e-01
4.377594971526672651e-01
4.806397515398157516e-01
4.740732145350632920e-01
3.650889944279336330e-01
2.271929685572974048e-02
2.358691098043491863e+00
2.126679991301053951e-01
6.036038265410751391e-01
-3.831759845824792010e-01
7.012680936241392216e-01
6.039339527655771533e-01
1.860783319897926891e+00
7.015201381849759388e-01
4.454129392959848555e-01
8.124738877334678477e-01
1.040975078901991369e+00
7.690297297593207126e-01
7.365917747648970115e-02
7.737827346082902791e-01
4.835749270192428728e-01
1.473198111255028309e+00
4.504155114833748863e-01
1.437529378607825814e+00
1.071516898108012539e+00
6.968642816591126277e-01
3.135207498701375051e-01
1.096003275404843880e+00
8.265013061242224568e-01
1.265133111774183972e+00
5.453802119957124050e-01
-3.118707512917240354e-01
-4.509584694675446148e-02
-1.588110481362430826e-01
-2.738242263780092389e-01
1.101457027069123601e-01
6.756184460466826414e-01
3.886825038639803442e-01
9.083659952263740955e-03
1.301677482732685742e-01
9.943337025266948404e-01
-6.774686998653878245e-01
8.955749538346576000e-02
6.397880816071653820e-01
3.050657484849899070e-01
-2.024003987267677385e-01
4.217076201847683725e-01
1.299305226952193193e+00
1.373091583800908122e+00
1.246711625221757602e+00
3.031143066177344747e-01
1.272775688465152433e+00
-1.615737379154325304e-01
1.124049185325135813e-01
2.813571711570602707e-01
1.306849965721714746e+00
-4.891055583203363089e-01
2.951252458664793688e-01
-5.025572946185526135e-02
7.052657962448852791e-01
9.861449278914985461e-01
6.723240683035819343e-01
7.551355841908445887e-01
4.694013101214705164e-01
6.593934446865348242e-01
1.366073822690435202e+00
8.549365552107134336e-01
-2.275290361713653287e-01
1.142608313700733458e+00
1.377239292777299617e+00
7.578835874510555515e-01
2.032136716264580645e-01
7.983654281088136129e-01
2.037157096585905658e-01
8.688153689939295266e-01
9.910160325241142987e-01
-2.074824734573956220e-01
5.695565536453915945e-01
-4.137513823943305136e-01
1.119379911427964558e+00
9.184876536814104431e-02
-1.303207280781392419e-01
1.255318579702978887e+00
-2.071866246609553042e-01
1.234639492475154109e-02
-7.367569208448557228e-02
1.635053132234343787e+00
6.545058030141853722e-01
1.023486552361547064e+00
-1.206792982160602712e-01
-1.061389309759507960e+00
2.564369280235602733e-01
-6.806682888854854729e-01
2.808972320672581402e-01
1.072034638721167443e+00
-9.083901125034563040e-02
5.854268722908559930e-01
1.470990605366117476e+00
8.003227626926537885e-01
-5.719383908542746697e-01
7.855845873519494704e-01
-1.151680863120309928e+00
3.451364961077237337e-01
-1.135109513820687505e-02
-1.544253434145921866e-01
9.612538639721577294e-01
6.775556456778127901e-01
3.002622416809593853e-01
1.184151040198994975e+00
7.759632052566211025e-01
-9.401210565250346651e-03
-1.934254918632313802e-01
1.024980604901221115e+00
1.552439730592374348e-02
1.798911974740218800e-01
-4.658877218498849171e-01
1.120136263002208032e+00
2.476564953835197480e-01
8.604856304791272392e-02
-5.212457872027916883e-01
4.295320856781025265e-01
1.301414247469331542e+00
3.872808309903538193e-01
7.698954736033410962e-01
2.252285305172710972e-01
1.379694330066532082e-01
1.183762924342850464e+00
2.520391705902204349e-02
2.305576819984366255e-01
-8.056117462944846208e-01
-1.348781728323608098e-01
3.498278338218511196e-01
7.565036835354429501e-01
-2.999984236290325068e-01
8.525014993590573908e-01
-2.220799241641934485e-01
9.467309985777856707e-02
1.855503686843928302e+00
7.872020687351696244e-01
7.246108964265429719e-02
5.030572182549599702e-01
8.302648805983549041e-01
2.453520715717401671e-02
2.785474938790234445e-01
6.217748572397840956e-01
4.534622906036676615e-01
2.703497098716894920e-01
2.291988586463809541e-01
1.263543220533107858e+00
-6.204775466959068508e-02
-8.751633980446131833e-01
1.159832459206016075e+00
2.399844146728752570e+00
9.044340626995154286e-01
4.545869989580977322e-01
-7.789756475092906030e-01
4.177329433048855289e-01
1.471427135429431932e+00
4.737340450675768810e-01
1.676171765243622991e+00
1.186965385562040176e-02
-2.126264740203650250e-01
6.371875004043590085e-01
7.268807366097886080e-02
-1.212698194294313109e-01
1.105332847571055099e+00
6.583166556862043439e-01
1.542872553917348011e+00
1.035660058141439688e+00
1.272087156669897912e+00
-1.848956392302633922e-01
1.438870939765693802e+00
-6.539290156940079646e-01
1.596744323457233605e+00
-2.911132767921524866e-01
1.720816787234280110e+00
1.430783677843427082e+00
-1.188582826463860265e+00
-7.984337686373056409e-01
-1.550766458217500698e-03
6.217105859007877600e-01
3.576556739186591560e-01
3.687130173780688858e-01
6.941052603994325720e-02
9.514329276565591798e-01
2.863018178037562284e-02
4.662926308460279001e-01
1.626180273170955370e+00
9.024764129861813089e-01
-3.071291266992636215e-01
6.599032474085674282e-01
-1.006595214139422295e-01
5.947249625896867675e-01
1.219967781490463254e+00
3.555930384258353949e-01
2.851277528842697806e-01
1.463453381485280813e+00
1.432588696746491808e+00
-1.060539215948368974e-01
-2.426633242734944351e-01
7.033010016269031217e-01
8.465615146267356783e-01
2.049201313200895935e+00
1.981646556724885322e+00
1.189233042756505432e+00
1.331728069178748530e+00
3.464345736454795266e-01
-6.330900686782404696e-01
1.044163663358193883e+00
6.110827592124297158e-01
9.164750241240408046e-01
-3.060227892815185480e-01
2.036929092762568283e-01
9.406207898135391376e-01
4.712745155149992704e-01
1.390499027534614740e+00
5.787286734169576619e-01
-5.481028606567860118e-02
1.341419251324249107e+00
8.663683020512611410e-01
6.208133575463031795e-01
5.879073693818448465e-01
1.631702613069702101e-01
3.335581776591535486e-02
4.767509448503940428e-01
3.451727276296018276e-01
2.937107717803522089e-01
1.459305885325512975e+00
6.542810812611327131e-01
2.673981591664588708e-01
-4.610098331357235374e-02
-5.261843034822993870e-01
1.126168325342222332e+00
1.514998066175294311e-01
-2.996969703517566863e-01
6.817485846884590028e-01
7.217375963254946125e-01
7.973922257744968656e-01
8.710775406171505919e-01
-3.767486585526783061e-01
6.348501721959438626e-01
1.820630304264526655e+00
-3.107598981764254087e-01
5.410050948390793257e-01
-5.263179051271580366e-01
3.389953999862132528e-01
-9.231897319697488502e-01
-4.274482252183550712e-01
1.109551020430650903e+00
-9.052820873935549240e-02
1.091802711669167758e+00
5.319345162673545513e-01
-4.790751637774710026e-01
-1.660624844920312870e-01
8.326351807697000007e-01
-3.041154787605151455e-01
-4.651267002419722241e-01
-1.263632661903692500e-01
7.603372042078543336e-01
1.972302681311132733e-01
-3.121437335071487462e-01
1.388125186306752523e+00
7.649321370785987506e-01
-5.105213589210726155e-02
3.136972398070562162e-01
1.210527234096258731e+00
6.203476437020585266e-01
2.517773211597957306e-01
-5.229367687593973191e-01
9.489501639207068573e-01
-4.136643440006881889e-01
-6.101222957751057940e-01
3.561709400550695792e-02
1.871748163218583505e+00
-1.830815589366381335e-01
-2.987337087692126802e-01
1.248882944956506647e+00
-7.601513778741862681e-02
-3.589018932755169144e-01
2.223106079407410340e-01
3.113254548035266911e-01
-3.085096527887857265e-01
8.370845120724101918e-01
5.944760229416877761e-01
8.136106613896388895e-01
1.455046828552013227e-01
5.660136266904677305e-01
3.178744034596903134e-01
2.338659361669511993e-01
1.783000025964544211e+00
8.902672260943031990e-01
-3.036834249293716148e-01
7.792128766165045128e-01
1.265530565613921743e+00
3.354749325015734390e-02
-4.170208424491530369e-02
-2.916326930813881724e-01
9.730284975573648687e-01
5.786844577577540116e-01
1.563790504733382491e-01
5.937592607703484626e-01
-5.099754162262359891e-01
-3.110165410172435752e-01
5.525514239937421301e-01
1.126807103241247221e+00
1.300348024902771293e-01
3.102373022342726910e-02
-1.479327734441544306e+00
1.515314366029827386e+00
7.234180919828079315e-01
-4.984542525374713318e-01
-1.066841451389934359e-01
2.895853084092883112e-01
5.134354691063137688e-01
2.927150466649625637e-01
1.601905168891904152e+00
1.959393740766570913e+00
-3.309826578313568302e-01
6.862666565146383069e-02
3.062500588477889418e-01
3.779155997555146418e-01
-2.617226422553444731e-01
1.934394942187059208e+00
7.485029074802268534e-01
8.633880330672633052e-02
3.671500849030671088e-01
1.072310897150933195e+00
1.951577203090466339e+00
2.903750233168285733e-01
9.236889939713843756e-01
1.388833224464764760e+00
1.132751146952206245e+00
2.298358909118259075e-01
-6.774608436950989299e-02
-1.264089907979495074e-02
-5.121043517019864266e-01
1.009297229950945507e+00
5.601023638433650920e-01
1.229486420888060039e+00
-3.891855350954581683e-01
6.601505911859560927e-01
8.124899689632909816e-02
-9.717545572591855807e-01
1.294971540942920218e-01
1.531727919430171614e+00
1.045185241065397008e+00
3.857907406402725781e-01
1.457613127064135927e+00
-2.305774703333214326e-01
4.232654905678534529e-01
-1.179069624634932340e-01
8.312454567534215411e-01
1.027347749161100277e+00
5.979562039728032394e-04
2.285288141434858311e-01
3.595325579330340138e-01
7.611430888783806692e-01
1.475082243883670596e+00
6.279521701582292392e-01
3.255446064497879433e-01
1.141888083780630003e+00
5.663479804709794507e-01
1.899887478209100422e+00
6.063658146013708450e-01
1.027146655690318822e+00
-1.411233823003117671e-02
-2.568126289536417084e-01
2.819558174959255203e-01
7.327225913806325597e-01
2.634035044025430650e-01
7.348646091312213136e-01
2.119043581055811143e-01
1.465835472230438530e+00
1.390320396630990718e+00
1.338786182672994762e+00
1.879378143076868013e-02
1.219466301773084904e+00
7.895985981861723957e-01
4.870303579267666327e-01
-3.579057444264186483e-01
7.153615483008430864e-01
8.409040335702345770e-01
3.062034584675454169e-02
3.962864741613689179e-02
1.215775631526882616e+00
-2.401787790885689389e-01
1.839034195936238625e+00
2.443140429218902676e-01
1.734133749155146176e-01
-3.505445887194804100e-01
1.479699072530649584e+00
-3.828428498766137111e-01
1.171784971793822100e-01
2.129357119203075521e-01
1.017041151173289970e+00
5.666807554633540578e-01
-3.952122527522983764e-01
1.070591159618593247e-01
3.969934062447346146e-01
-9.906587341354965159e-02
-3.902505119338574024e-01
6.967092096570363102e-01
5.612520807361269792e-01
4.173022976949976592e-01
2.531075094473236864e-01
-8.522039570581392554e-02
-9.754295389437388497e-01
-7.826260536322945938e-04
5.250131241082532929e-01
5.249757418925692087e-02
-1.503466905706378753e-01
-6.728479351249128104e-01
1.259770206744291299e+00
1.290016359324685169e+00
1.666470421532965540e+00
-2.060609804875808693e-01
6.216564932646631014e-01
1.980144272769363001e-02
1.127294492701773176e+00
-2.756957884388638313e-01
2.808875152619955129e-01
-3.347051815870270008e-01
-2.975727181543832423e-01
5.822067995543556140e-01
4.379883530604010700e-01
9.054998666194279400e-01
4.937509691273987422e-01
-9.173371312000253019e-02
6.139348417575386518e-01
9.063956315192985835e-01
4.513947691786971972e-01
9.705763751614159274e-01
2.704234215183692891e-01
1.741240614403520570e-01
8.854381531355395296e-01
-4.275447925814767069e-01
-6.605648857631485349e-03
6.284973040434558289e-01
7.272923436215634752e-01
1.615968450561215963e-01
6.003590794618297588e-01
1.549799876091775275e+00
1.116092770901361941e+00
-6.390509000560709030e-01
-7.630972654524313670e-02
5.143027287350954158e-01
4.095037860301422028e-01
1.448897677465254663e+00
3.454355307725329727e-01
-7.201940054508221278e-03
1.040430280214920566e+00
9.478653122958871080e-01
4.779638324705113295e-01
4.481492504086967976e-01
9.924209798810462724e-01
-1.585822082983150416e-01
1.173056549655898007e+00
8.213855097121360860e-01
8.937495359219237434e-01
6.451271801213772639e-01
1.605050202317557684e+00
-1.572893871906790031e-01
-2.476629855256548551e-01
7.758949406267728888e-01
4.381994447925542935e-01
4.158543849323683150e-01
-1.361269615855778270e-01
1.142033056170294714e+00
1.100366414548467509e+00
2.717085042840738929e-01
6.623376340483249081e-01
6.864910826396919408e-01
-2.237973442166434901e-01
4.336028166096507763e-01
7.272194738177050199e-01
-8.974206189004438339e-02
1.602743407047702684e+00
5.838773495832082217e-02
1.576433988846955014e-01
1.407141515903782003e-01
1.616454404305414982e+00
1.567684515217298680e+00
5.566536191647624143e-01
1.033905934982481511e+00
3.825404231918069220e-01
1.087315520561099369e+00
9.749486079296975083e-01
4.107482687271839239e-03
1.116773171159521461e+00
-1.346527055939063522e-01
1.049768349715071825e+00
-7.502514440748567215e-02
-7.696339750480987729e-02
8.509975481723089930e-01
1.521220994240976010e-01
4.397410400494234928e-01
5.021161297445079219e-01
1.372075290511662327e-01
1.677583331730763128e-01
4.889724416931314210e-01
1.308595581436705402e+00
1.742975565777441505e+00
6.104583129022608246e-01
1.522994553561101361e+00
1.303998764859199966e+00
1.012035729412249951e+00
-2.205335341679633132e-01
-6.955867864835960090e-02
8.534059727188083588e-01
1.226461090592977587e+00
1.118257890260692999e+00
-4.774552045238859010e-01
8.554464383803925265e-02
1.047374404851797225e+00
-5.642199534240097819e-02
1.834016723558566375e-01
8.563495936409986076e-01
1.210568223606375726e+00
6.962088375427750719e-01
-4.890786057179692392e-01
9.651559249017406250e-01
8.624877895775615588e-01
8.143571566779139737e-01
1.261789226587492152e+00
4.435952857855380849e-01
-6.438994499699261798e-02
1.715341997581211642e+00
-3.798634291128910045e-01
3.708688318310839893e-01
4.409997144423440929e-01
-8.485249234728456935e-01
-6.954032590863398755e-02
-2.218899315506848435e-01
-8.727347731819252719e-01
4.147615900272547673e-01
4.912837996691625242e-01
-5.105494276349549221e-01
4.912872651009493885e-01
7.913854680196437397e-02
7.453930609456094203e-01
-9.438672716247842320e-01
1.025825558226129308e+00
7.200076398657463406e-01
1.031778468749958932e+00
2.328534309345524078e-01
4.014926145803479063e-01
-2.964712274773905198e-01
6.853483494892725902e-02
5.914221350882630235e-01
-8.083169258180739059e-02
5.383487816273391235e-02
2.764699573777729125e-01
6.204522714083537949e-01
1.559207835373974449e+00
2.410878614433255296e-01
6.069092590891128625e-01
5.790221815864178279e-01
5.693483700674599746e-01
-9.204124290804484021e-01
7.447781551151485546e-01
-3.514357597903043917e-01
1.218699086076244775e+00
9.485679569877558670e-01
8.849887638707303328e-01
-6.979900892249041311e-01
-1.697870659752258315e-01
5.030639565899118759e-01
-1.855565549632402084e-03
1.190218914373255332e+00
-4.982296058662589178e-01
5.906691553929153127e-01
-3.553176525126768848e-01
1.303305664396491537e+00
8.699590158283447838e-01
9.311089990372912739e-01
5.104083397239633779e-02
5.416662646667929071e-01
-3.193526332368105125e-01
-1.052957471715366133e-01
1.676007891681867923e+00
5.259854097447542731e-01
8.427825280004755948e-01
1.573468410693038277e-01
1.854610090889648455e-01
1.347190714878077511e+00
9.170058342955150765e-01
1.117094215832987514e+00
5.766358875623085467e-01
-1.175691703766065799e-02
1.442708777519919661e+00
9.891731570593520484e-02
5.329162729300441770e-01
-4.623370051454296914e-01
1.428229111239923910e+00
-3.272171527880644026e-01
4.754641046673429017e-01
7.988305863007751917e-01
-1.013144842570150306e-02
1.639917609001639409e+00
5.553604563800202953e-01
-7.065734279180677646e-01
9.221349135285190624e-01
4.436837795033173881e-01
-4.852188985844172464e-01
5.598533727131269622e-01
1.072994474742900106e+00
-2.777946839588305017e-01
1.311005671232914560e+00
7.888166648490727573e-01
1.861296780673219242e+00
6.243613416554416595e-01
1.491788462809181315e+00
-7.587745256114881709e-01
-2.459618232370869850e-01
3.353485305354684254e-01
1.540345729776867456e+00
9.436358103055872970e-01
3.411009655148219410e-01
-9.612885988885522259e-02
1.422647296887653567e+00
1.004267481178463761e+00
1.193671919441479545e+00
9.127308511138251257e-01
4.411201678126243086e-01
5.441659549419651798e-01
-9.245264398353014723e-02
-4.989282179836576625e-01
2.422457733342430752e-01
3.300633063388541677e-01
1.245608210023589235e+00
1.775871764472919834e+00
-1.910023573767309357e-01
1.394796234565411019e+00
-6.706707912529424886e-01
7.855918661584851970e-01
1.054782135418978611e-01
1.320339004415289397e+00
5.783101273016398869e-01
4.885307870512257122e-01
4.262578316091972241e-01
9.381339180308160275e-01
4.552808667021338018e-02
1.042979958581297550e+00
3.356266680509387146e-01
1.488251765510081981e+00
-5.922767870658109945e-01
8.648450428219890407e-01
1.054566081442772640e+00
2.809597344498267479e-01
3.293832509160255495e-01
1.286254263203187254e+00
-6.785364536027833626e-01
1.525105555977871896e+00
1.512557282030653649e+00
9.156297551331745721e-01
-4.065771282157578659e-01
1.082899726892055492e+00
9.808383063487289277e-01
3.874828979125315431e-01
8.853793078718901199e-01
1.193023710699133488e+00
1.270543610678083635e+00
8.334911620589691150e-01
9.463703746853180387e-01
2.753408671439398492e-01
9.171729021633024947e-01
1.074304052784327723e+00
3.291522174436486980e-01
1.463282757296300307e+00
1.331530311695623414e+00
1.931999132832968868e-01
2.819083590683948981e-01
2.591448642680179160e-01
1.198424055674564226e+00
3.328413226483463161e-01
-9.293013495599919405e-02
1.087116395319956741e+00
1.315854021654152772e+00
1.004640195231251587e+00
1.228394539061550134e-01
-7.951756474992082158e-01
-5.399350334516210825e-01
-3.182493854818574386e-01
-5.851240487193394291e-01
1.044171077250258373e+00
1.151852167549790584e+00
8.399104658358016451e-01
2.647233678017463787e-01
-2.435162417581030470e-01
-2.670244005318975905e-02
-4.376402350797121699e-01
6.652138595566714496e-01
1.340909107622064500e+00
1.176824521343273311e+00
1.148210307995709556e+00
1.419622030847138006e-01
5.086567791540668182e-01
-5.475229260975479351e-01
4.442463325495845661e-01
5.031836864342591475e-01
1.504810856206306058e+00
1.650517870755606076e+00
2.413397988027754515e-01
1.680516805546414805e-01
-2.329629511181841584e-01
6.520521784732691284e-01
-6.507202442481836713e-02
6.692979376317571560e-01
-2.170332715756741748e-01
-3.768418827243185665e-01
6.269270290428144987e-01
5.600319403511403449e-01
1.329456175714421873e+00
8.984324491027765314e-01
-2.824288729968568168e-01
1.804056099589517181e+00
4.309112548819352129e-01
1.153111714228573170e+00
1.114994432550189263e+00
-5.198216439440490610e-01
5.361946720722350346e-01
6.535416679882016799e-01
1.963901172257667804e+00
1.505431448731104349e-01
9.962057511406414712e-01
1.214635829135118028e+00
8.563339034019800122e-01
1.078092249322011309e+00
-9.915160172075380973e-02
1.090495031793366820e+00
8.701301392117071209e-01
2.812846689946594814e-01
1.289824995403051400e+00
-7.993956069533899589e-01
2.823211332906355731e-01
-2.399021422031019091e-01
1.012688126570732705e-01
-3.093385900700331703e-01
-4.663130656143397168e-01
2.664913559217161887e-01
-1.117719802617560099e+00
1.072899787782145786e+00
6.577580287596898057e-01
7.205769063313938183e-01
4.044631956955216379e-01
-8.194676891764982041e-02
4.608344519741088829e-01
-4.011663610370174160e-01
1.362468735737638881e-01
7.100102742196799932e-01
1.105277433652458230e+00
1.503029439095116437e+00
-1.254298778389394964e-01
4.411766171938472092e-02
1.862484085431317826e+00
1.015551515469679700e+00
-2.421318167181517600e-01
1.079607104972802878e+00
-5.592205999920273340e-01
6.347435247711153972e-01
8.105956593735461624e-01
4.850937838090754739e-01
1.026764959985634995e+00
1.065125250401366130e-01
2.069554855366808055e-01
8.408055598600670810e-02
1.121842462258197809e-01
4.463754108773362317e-01
-5.717004414668633849e-01
-1.350980418957509754e-01
1.029437082981696117e+00
1.599130793228634939e+00
-1.607368305176677947e-01
-4.104273630286527919e-01
-4.040513627780485395e-01
6.033749249768448619e-01
1.262292745037145725e+00
2.663912508267929358e-01
4.095101086410405378e-01
1.574747607836300745e+00
6.809418628462194922e-01
9.710538556306644864e-01
8.321974432656698006e-01
2.167566384136718760e-01
-4.773642519127975214e-01
1.979020159119431632e+00
-3.203932691913927711e-01
2.292708658505623054e-01
1.113532922497996180e+00
1.953281016329380670e-01
-8.845573589844543116e-01
1.916740288485039301e-01
5.493052443125649997e-01
6.240878077855948058e-01
5.872411281362386326e-01
1.019977594513983510e+00
1.079290529759370676e+00
-3.259522897232860483e-01
-1.030897663121269070e-01
6.126112159702731264e-01
8.083513260590765581e-01
1.018726279451314110e+00
7.191980445772010455e-01
5.521530556889392427e-04
5.171788960643440569e-02
4.945176777734482387e-01
-7.523447116243318911e-02
3.633969248355927162e-01
-1.385183183811685703e-01
5.938324364313859460e-01
4.326275900117961815e-01
1.950749152580605050e-01
-2.717571951170047462e-01
6.128533508364128468e-02
2.444261975984438062e-02
1.328443174960195039e+00
-3.369602230859959358e-01
-4.798894851327619171e-01
2.486934418930189516e-02
2.611646399445107791e-01
1.067932514230673091e-01
5.282455067779942004e-01
-1.681124022229777970e-01
5.957598879441834416e-01
1.021691959843121777e+00
1.000580393278197366e+00
-5.378234328890363347e-01
-1.851070485329590898e-01
-1.323478022325246528e-01
5.715998773890449414e-01
8.990201708262640645e-01
4.925022073837690417e-01
1.138555465768867458e+00
-1.418094265831924550e-01
2.468719827810672285e-01
-2.093656499868569443e-03
1.402271418530443903e+00
8.767783848844510342e-01
9.203805904301022300e-01
7.755050864726189541e-01
7.170981176969695725e-02
5.208270177775364829e-02
1.192952963330103366e-01
-1.471123566592673348e-01
-8.643926980106837465e-01
1.535299420987846331e+00
2.260089633248966168e-01
3.599716528813744487e-01
-1.159332388665560210e+00
1.261428168192804122e+00
1.185828677838280942e+00
-8.313667976580009222e-01
8.733299289091687179e-01
-1.314903704755924219e-01
9.345533877607841156e-01
5.976612462868032827e-01
3.242829672221473891e-01
4.259738011883779096e-01
1.189532174027758904e+00
6.922128438705318354e-01
1.685660831670796167e+00
3.915464189935954353e-01
8.762485058492887058e-01
9.095720349065130605e-01
7.069573201114305316e-01
3.581472312905073507e-01
-1.064394544316727975e-01
1.046438165451154534e+00
6.047577069599404664e-01
-7.468636555652143072e-03
1.074239703942529101e+00
5.378215917638582422e-01
5.550028029306890431e-01
-3.114004745148119674e-02
4.627930612518632580e-01
8.272179003657150753e-01
-5.306981453880497135e-01
1.877637569216575431e+00
1.123997099919652465e+00
1.326228698048943055e+00
1.238804224927166242e+00
5.133356979038977697e-01
-9.332851459841353670e-01
2.049651946032053029e+00
2.353867834918480645e-02
7.136951796877606391e-01
-3.933581725196860779e-01
5.927589953528829003e-01
1.678539603873848707e+00
6.251739938415892262e-01
2.919231547469445798e-01
-2.260761351984937051e-02
1.006165927797216808e+00
-3.199631990974667883e-01
1.756022069399054253e+00
2.797171577594260716e-01
-7.813943592905102375e-02
8.670418656567119298e-01
2.594534544915179097e-01
8.126627652312606864e-01
1.402227303127039637e-01
-3.898496064956719631e-01
9.817601119499732576e-01
7.024911027343107017e-01
-4.360604364541925682e-01
6.832910275041424730e-02
-4.037772970897905989e-01
1.796810353154319806e+00
-1.006841208689314149e-01
6.757699262096669712e-02
3.291430920737621335e-01
7.624788595289994086e-01
5.001804510040506191e-01
5.544009495284516476e-01
3.710860855417746351e-01
-7.421176270246834239e-01
-4.772041636660382530e-02
7.109871661476259153e-01
6.481285972008157259e-01
-5.063414352695633225e-01
4.836227754514821897e-01
-2.517902924570314047e-02
-4.218025406140460398e-02
8.562332079069217006e-01
9.330137891453861299e-01
8.566057259853954164e-01
-3.682961746531087516e-02
9.866992151373551456e-01
3.192956523227736820e-01
5.902865037902538248e-01
1.212052466091195324e+00
-3.470361253708684202e-01
1.015949498340773749e+00
-5.364368920631058524e-01
3.976396269062000832e-01
1.270530328665829822e+00
1.037856004831141377e+00
1.548928361168180556e+00
9.121910069403258436e-01
4.936596169985539850e-01
1.525561365525988367e-01
-6.800062269688575411e-02
1.658866086199253909e+00
-7.312779724888694710e-02
-3.617335870416559240e-01
9.826972454698381654e-01
1.052875278677340098e+00
1.307205139754040069e+00
3.278266810132722808e-01
-9.743117918317142911e-02
4.099402565410608101e-01
1.381986181709422556e+00
4.554746511815349619e-01
2.342353041393624713e-01
6.034534794555746970e-03
5.549040160332117250e-02
-2.259277149970647658e-01
-1.970177343806314429e-01
6.369834605332033717e-02
4.009982454197439372e-01
1.463244989195691570e+00
8.286101409779900173e-02
8.154520685977753591e-02
6.994570514410909379e-01
9.214773907390164109e-02
1.158512941545019465e-03
9.259180082003747314e-01
-2.482694166655276535e-01
1.100621754050786993e+00
-2.145315492651756611e-02
5.243085839137070492e-01
2.886844367186324756e-01
1.356611182249526815e+00
-1.135449320635069093e-01
4.337638575067792046e-01
2.314708964002519520e-01
7.361912511315368279e-01
8.998432313126286664e-01
1.071816885811079700e+00
4.087846740712758331e-01
-8.002595023253208373e-01
1.477850488270214591e+00
5.082828950888452768e-01
1.926117403061851918e-01
9.930680856664908518e-01
1.331139302603986829e+00
5.706207801899293441e-02
6.257753931905852829e-01
7.838560751666719950e-01
-4.101307352882392898e-01
1.733714880085418519e+00
3.664514948294733121e-01
4.905680062636518235e-01
-1.915164329991274061e-01
2.372668932748396853e-01
1.506085997123494113e+00
-8.387668659126858994e-01
-1.935216325505169643e-01
9.860421075817034087e-01
6.875958293339505534e-02
1.302432206124459535e+00
-2.039130410363133861e-01
4.844977518370144343e-01
1.098014846205629835e+00
-4.454986499731999339e-01
6.091888657137071172e-01
8.832048742403539876e-01
-3.177348739226477092e-01
-1.348580157508186828e-01
-3.707044653295928915e-01
-1.029229905813303092e-01
-1.565619291746900565e-01
3.310142993866010963e-02
-4.559571899128821992e-01
1.211706817815955795e+00
3.924483705659482236e-01
6.572415870148473616e-01
4.285580003785522951e-01
1.654298034589652744e+00
1.194076515043601461e+00
1.184152094683289747e+00
8.514287808681082481e-01
-2.055177818863889172e-01
1.248643529493842941e+00
3.944083886360605917e-01
9.443672889262453296e-01
5.825783526419108238e-01
1.309578256279007036e+00
5.087007160761474189e-01
1.336059296606341595e+00
-7.719773194162936614e-01
1.127322593692438035e+00
1.168442027898254132e+00
9.629807562828404111e-01
-5.972092446264647414e-01
-6.468979766012536436e-02
1.176363993222458548e+00
1.640104113890867299e-01
-1.836354251453713726e-01
1.652507296929938974e-01
3.418067790009575169e-01
-6.401748440080499147e-01
1.920706593616348379e-01
1.214689593540717372e+00
1.677701636933434992e+00
6.119711416890925015e-01
5.889967642432493156e-01
9.539163445852251177e-01
1.336706999898751302e+00
-3.393883633845213438e-02
9.441947773770481556e-01
-2.633916863501132855e-01
1.143545459311030577e+00
2.659501663359772894e-02
6.020698075798309734e-01
3.199980212454936468e-01
7.078694064693412669e-01
3.153832910732344841e-01
-2.675241929044008260e-01
1.359837396992205738e+00
-5.121290228741246509e-01
6.734342793223284662e-01
7.750411658781473923e-02
1.675388522250746748e+00
4.068039075862733833e-01
2.201777743804574916e-01
2.160598494007210491e+00
8.426525875442641977e-02
-5.929959976825628643e-02
8.826857323806404088e-01
1.457947638064730933e+00
1.217115665730925667e+00
6.381459839566687720e-01
-5.349658893182346331e-01
4.959093339422663282e-01
-1.522297930710351244e-01
1.979854390059480718e+00
1.075558479834965775e+00
2.122178181148367537e-01
-7.046354156023151294e-01
7.375434314474906827e-01
-1.389034821347098214e-01
9.381649800382860782e-01
1.039029995967142989e-01
2.731829563307416331e-01
4.415245705162869350e-02
7.966351683036271281e-01
6.508502880833348658e-02
1.065283251109567342e+00
-4.567730376409870341e-01
1.331150343465684394e+00
3.481694172569696488e-02
1.210577017816413914e+00
9.317236998834625972e-01
1.407838184204362353e+00
2.644756989295812474e-02
7.812092991392955987e-01
6.238390603559920145e-01
-6.260794557237354674e-01
-2.206121433872210158e-02
-9.008325172411543180e-01
-1.085948353272459421e+00
-5.227904912096376089e-01
-9.022333589329875059e-01
8.410376395810486017e-01
-5.616559854496768756e-01
1.007812594170687248e+00
-1.781692343672653944e-01
4.860031671672730980e-01
8.732512871377422492e-01
1.007542574442364280e+00
4.030720851970147067e-01
1.024504485320708591e+00
6.544072985228819306e-01
7.157552441359176232e-01
7.773816046516560663e-01
7.490637250192029306e-01
4.052942266882708644e-01
4.035011258492345876e-01
3.812648722069463258e-01
7.118742696637987422e-01
6.551719846931143287e-01
1.025943189905967223e+00
5.229348771307153199e-02
1.451991881931816719e-01
4.469888907740675599e-01
-9.801784196296927654e-01
-3.087667594556245398e-01
-3.519106053240432519e-02
-2.739424078996600120e-01
1.399692103202373472e+00
1.054176751861692213e-01
5.985396653311511050e-01
1.052004177288111242e+00
8.093028259459120188e-02
2.230459551528701789e-02
3.766196071455228944e-01
1.525872811915684135e+00
1.340774868788278562e+00
-2.164465511616363025e-01
1.313391995545554414e+00
1.389059514621213687e+00
6.592930727366866916e-01
9.570364344529019851e-01
1.807434973203423834e+00
3.949670751419410708e-01
9.806967419801964070e-01
3.946467533629051394e-02
1.057303340237119915e+00
1.239615882996365048e+00
-7.403337465441474086e-01
-2.107620485980711555e-01
7.448836298393097799e-01
7.470878393434010611e-01
1.397395692342829898e+00
-4.999136841891688166e-01
4.938881941868399350e-01
8.779502357881737717e-01
1.264533863394815993e+00
1.102581398976456573e-01
8.930567834479654632e-01
4.980954705490118206e-01
1.409766874383135526e+00
-3.803969597816986292e-01
4.908055039030289057e-01
-1.126557401675675862e+00
3.686962757126510115e-01
1.821307747592350479e+00
-2.153251681777907378e-01
9.440234879907074550e-01
1.829293769473627096e+00
-9.618262349123456179e-02
6.282352428103528119e-01
7.822243409178875062e-02
6.552720775334596182e-01
1.378225074240854164e+00
6.611463477510901576e-01
1.056174278372656650e+00
9.655957334074294351e-01
7.063288608159427051e-01
4.785202437130595121e-01
2.558734023007382952e-01
9.674733591985176240e-01
9.694856701242048347e-01
1.647666303354148543e+00
-2.698353144957257310e-01
4.630271663787139391e-01
6.659166624562765646e-01
1.910510562158355130e+00
-1.403325287454849912e-01
3.833791132380359179e-01
2.309689209577791003e-01
8.747504538402013363e-01
1.617342775832288360e-01
-2.350715792403290927e-01
1.253131982132525524e+00
-3.124711747893264557e-01
-2.341585756211291697e-02
6.119990257932407252e-01
1.366469163752974669e-01
6.554440026847927481e-01
4.582463718974992273e-01
2.023966561108160978e+00
4.026401664434026695e-01
9.917443895985290636e-01
2.618292449737481542e-01
-3.450939909288661123e-01
1.874438157582265507e-01
1.082785223931042706e+00
9.263367587722155516e-01
7.510105015191048672e-01
1.272818881511180056e+00
5.842578407224587878e-01
-1.007028208278066550e-01
1.274112646057159459e+00
-1.271161011381977679e-01
-2.170511170339451679e-01
9.856044510966733840e-01
-8.511190993334704080e-01
9.286284698765771006e-01
9.197893136526372748e-01
8.941150543397611283e-01
6.472094289753548280e-01
-6.143445814615527967e-01
1.870710552747296140e-01
3.989147021917649472e-02
5.345741340730374436e-01
7.735885896670439965e-02
1.949081123345805799e-01
9.253488053407463720e-01
1.592296362036597746e+00
1.209655367761072409e+00
6.256654698507515544e-01
1.130822878913395391e+00
4.211153634491979769e-01
9.924193041511738533e-01
2.877189628750415618e-01
4.653134121620218777e-01
-8.532716049687985582e-03
8.760667435339423159e-01
9.258563502915871934e-01
3.281364106416017057e-01
-2.473991919981972099e-01
4.912450499781787494e-01
1.168135228173989404e+00
3.874320947863664766e-01
7.689609082681800878e-01
7.183981753014159755e-02
1.343716758871169370e+00
1.073738311109747878e-01
1.009165956368719641e+00
3.764296914824763474e-01
-5.281987194575480382e-01
2.030209181156029385e-01
1.012297997427848761e+00
1.958124438819402124e+00
6.803109086266574401e-01
1.037423510566116258e+00
-2.086014670694131268e-01
-1.421725553138977194e-01
1.377396360019558452e+00
-3.956334480488614413e-02
1.636237363788560148e-02
-4.661134444997274556e-02
7.884847170825060036e-01
6.445282211154470531e-01
-9.215704205510569791e-01
-2.960644818627805597e-01
-5.194219049769426277e-01
1.003681216864312220e-01
1.919915697218711470e+00
7.998453907063551860e-03
1.474047434623427522e-01
5.113737233567984264e-01
-4.695088208612084313e-01
-5.760142348841972293e-01
7.427394192419594088e-01
-2.884313722065656727e-03
3.427780726647502441e-01
9.167429673710986160e-01
-9.107451598849444774e-02
6.448167445611021620e-01
-3.570758114158181784e-02
-1.200095365956831694e-01
1.202079294216275684e+00
4.776326697429267854e-01
1.428289143292994723e+00
4.357513005046184107e-01
2.780233920326694586e-01
6.416064200824371511e-02
8.211879090165051798e-01
-6.770193374710600231e-01
1.161131089927171178e+00
3.782625414367294381e-01
3.259537633209346197e-01
1.097545660300940584e+00
1.371601327162979889e+00
2.230721767961086899e-01
6.076423910029140618e-01
-3.758617645577196353e-01
4.146283012241862576e-01
1.253077282348107925e-02
2.978815193475878864e-01
9.426197694939142391e-01
-3.758560927970282517e-01
1.438895701026506213e+00
-7.601858401124954590e-01
3.222240498215913074e-01
7.015087151377435992e-01
6.305136445973882342e-01
1.055435240317724288e+00
5.208001280591589843e-01
9.722160966556747663e-01
-4.421612522754814756e-01
-2.776445039173863760e-01
-7.797329613085365319e-01
8.140854107884982760e-01
1.667490535150681685e+00
1.340196174556534947e+00
1.304963234088217350e+00
2.811812613411646816e-02
1.033897155027791337e+00
1.459228322019905377e+00
3.039069442839563151e-01
1.159186947718944705e+00
4.356048364428018460e-01
1.335524815588704284e+00
-6.623995885249951421e-01
1.506592970271111609e+00
2.810355081675241506e-01
6.983935762272754921e-01
2.391753254471600809e-01
1.381976070087967690e-01
2.338577339394916077e-01
5.686585663800849400e-01
-2.157132417538974167e-01
9.832061237815178378e-01
3.170841139897679906e-01
-1.776341510550436542e-01
-1.601068136036901401e-01
-3.696404708632724523e-01
-2.099562733505898615e-01
9.808347375689261405e-01
-2.075039273874949852e-01
-2.025102103851510738e-01
1.619977587067071401e+00
8.319532279393513363e-01
5.803709837924532211e-01
-1.685076269218521716e-01
4.097344231723348829e-01
8.608683953708348158e-01
2.822060858883950266e-02
1.993866642713363890e-01
1.058280417959575948e+00
-1.022845236930461227e-01
1.391778227486148545e+00
6.002088942805774430e-01
1.059095126845518653e+00
1.711838748329842286e+00
1.202748897296519015e+00
-7.221529440826632840e-01
-1.568781285407238046e-01
-5.604931815263340944e-01
-4.502304327045945076e-01
7.333400201999688006e-01
9.975702929549891129e-01
1.792546033751796775e-01
1.464732416679118687e+00
1.177404206824587130e+00
1.756558245910760929e-02
1.123931043455383694e-01
-4.516130522754874255e-01
1.004143511779737263e+00
6.969987650157583037e-01
2.988645677436267412e-01
9.181021869719909745e-01
5.101732633294507879e-01
1.084016519333270701e+00
1.079223787718437411e+00
1.298150550980464946e+00
7.028409045913029951e-01
1.680500224912596652e+00
1.114337425704025497e+00
-6.236312964145402926e-01
-7.405044883588254856e-02
-6.353998750061994327e-01
-5.583825971351019657e-02
6.812475535840051277e-01
-1.037071665117588637e+00
2.935983925898539085e-02
-3.002521623030837139e-01
1.283185536176095987e+00
7.713404042655677140e-01
7.230745367966583403e-01
9.002916257391307964e-01
1.588799090505262690e+00
8.090249536299763955e-01
8.785864839087821343e-01
-2.608083239855153446e-01
5.361380670514492852e-01
-1.767594756811572687e-01
1.132898422726310805e+00
6.828681244831347197e-01
4.380257335158277976e-01
1.355716383956103277e+00
-7.982442429380220972e-02
1.428644978582776615e+00
-2.696529587676534390e-01
1.049006003065710291e-01
7.127240299521706568e-01
-5.828630760877167027e-01
7.663048163820970204e-01
2.059422321937140199e-01
-7.785308071947483199e-01
1.520679259684049878e-01
6.142007647468172848e-01
6.285805444033658596e-01
1.180171149764388749e+00
-7.711755359850378522e-01
-2.681517512418034044e-01
2.877156753163646608e-01
1.112868907701460630e+00
3.792171375382257237e-01
1.468485145146749930e-02
6.914413902725735639e-01
5.329354243063537666e-01
5.012441253453663315e-01
3.228578346380074349e-01
-2.303716514750940858e-01
7.352627324256733043e-01
1.007837925808307888e+00
1.801272065332362837e+00
-6.849606687255330728e-01
-3.554977724754904145e-01
2.133185008742909616e+00
3.783219854247154568e-01
4.525825108051336754e-01
-6.979989517771399976e-01
3.105658292745663296e-01
9.175711002578823550e-01
-4.150831243980744323e-01
-7.400582705821406870e-01
1.658938020542156222e+00
-2.892242098414031237e-01
6.552214710889462390e-01
7.573590717230402891e-01
-5.518359365975079867e-02
3.039003003668920289e-01
-1.301345631000582759e-01
8.050812566244711088e-02
3.752091200695850670e-01
1.383491473507941327e+00
9.440757848169090138e-01
1.189790728425024868e+00
1.059420870250517677e+00
8.968259760476898768e-01
1.327701655859865049e-01
-8.263047468110961136e-01
1.416089051198710314e+00
8.637603082185288939e-01
9.044510188798817740e-01
9.531256221549053720e-01
1.420221567659941453e+00
2.602666260060762515e-01
8.676290138252860107e-01
3.918543964581797656e-01
3.442631527963301852e-01
-2.364669155922483057e-01
1.236240899007025940e+00
2.136693960713275386e-01
-2.066775263471572754e-01
1.107925794959957910e+00
1.914536131999319934e+00
3.489847545101082971e-01
1.453034813990402352e+00
4.286013209661279078e-01
3.794993322800639945e-01
9.852065886676327766e-01
5.209650359904922645e-01
-4.354332828681226758e-02
3.222386771835168418e-01
-4.263037785160778137e-01
9.712738319614748761e-01
1.451690931373766702e+00
6.397138594755455987e-01
8.064363884929917070e-01
5.402888673132847375e-01
1.725371174347982151e-01
1.054999863401500537e+00
1.522486188343609381e+00
-1.909791490781766465e-01
5.337045241966817399e-02
1.438924748321177838e-01
-1.541428936997356891e-01
-3.775625873517469977e-02
-3.609818727567073449e-01
3.375691927726280350e-01
-8.209567033531421643e-02
4.046456991258691183e-01
1.470859560020047141e+00
3.363524761391287199e-02
-5.786755824446462165e-02
5.249935753787456916e-01
5.185905970564490541e-01
-4.642777177022676671e-01
3.287635976898874435e-01
5.693102626511256092e-01
1.109177366782123197e+00
-1.528630161018232347e-01
5.455583602972704504e-01
1.220518978919693742e+00
4.952767659998911776e-01
1.092197857214137896e-01
-6.967862003566027695e-02
6.955054256662317469e-01
-1.407338402045115733e-01
1.701654939174766235e-01
-4.761402371325902938e-01
-5.064463529066943748e-01
4.089897924957975883e-01
1.225070540636266525e+00
4.081316736448742932e-01
3.933459157130688166e-01
4.267095988925790895e-01
1.435304010471468716e+00
-4.365841600908201281e-01
-5.992470327299116439e-01
-4.919612411583770828e-01
1.271269080659836348e+00
9.642284799886943203e-01
2.123869006504370271e-01
-2.799717053859129834e-01
1.134548317564447517e+00
6.666746432014393209e-01
1.585169164757461502e+00
1.223123420597203914e+00
-3.940394985953525608e-02
-4.665195472571898039e-01
9.626892412074993244e-01
2.098287244018119946e-01
1.578163738205858868e+00
-4.862400669536797726e-01
1.630504825577835160e+00
1.244706006900885287e+00
1.053586260387596285e+00
3.183521112872111369e-01
1.356037483491727147e-01
1.649461104212567031e-02
1.069617497849122412e-01
8.234490918980309493e-01
9.421831167379451921e-01
5.535877008198727411e-01
1.055631651395585013e+00
7.377062211282982007e-01
9.298398187555191319e-01
-5.667306833422495194e-01
-4.913720723482592478e-01
-1.188878422600582047e-01
2.082697466695137223e+00
-1.263997764258288081e-01
3.613032457157068777e-01
1.149196368254339351e+00
-8.515938699687565228e-01
7.916317032437939494e-01
1.010353762386989179e-01
1.197179413767197165e+00
1.194057018847715090e+00
5.416471210696909289e-01
1.031913801403784525e+00
9.810653805314065168e-02
4.649017175239168742e-03
6.437814032345193227e-02
3.556715359296972467e-01
-3.392689406526401830e-01
-3.509000384910043180e-01
-2.605087330562580114e-02
1.168821861949996599e+00
1.957355890161845829e-02
6.020372734003760495e-01
8.350199722168192284e-01
6.689697409983614840e-01
-1.180293087730597407e-01
7.378831223880666368e-01
-1.780618636484019787e-02
7.969552742566456960e-01
3.887697188167751339e-01
2.393327513388576466e-01
1.339125901709716127e+00
6.689367244259081247e-02
1.046623540691655752e+00
8.419203184256640604e-01
1.384414725383281697e+00
-1.088413345966396661e-01
9.995153714807918366e-01
7.951088290027429339e-01
1.983312476227531151e+00
1.619951432857519080e+00
1.098071267499571291e-01
9.187017491128161017e-01
1.339739200164273281e-01
-1.718776188146831085e-01
3.100072724762666099e-02
-9.276250480617347083e-02
6.781497241576442958e-01
2.090950971103644029e+00
-9.045229314277209998e-01
-2.688232389417977153e-01
-2.722915504003923237e-01
-2.190840794230543287e-02
7.440497894334017204e-01
4.127233332027058221e-01
8.013924012323514479e-01
8.028874130512796137e-02
1.938660721476793025e+00
1.575748432632854967e-01
1.718060625856608625e-01
-4.252643845275970169e-01
2.210908623641180959e-01
6.649220965213029633e-01
9.784513228433032728e-01
1.042519956399287517e+00
-6.658926407926540891e-01
1.461937698332089308e+00
1.032181993081452420e+00
1.010873040955133417e+00
8.415427745599145526e-01
1.042700273450105186e+00
6.056549026315813933e-01
1.131929547614373366e+00
1.023272552489778997e+00
1.986009300405604305e+00
7.674067825697433731e-02
-2.695090027153212997e-01
5.998793239782883591e-01
6.008904768059369905e-01
7.034284333678075818e-01
7.368766377734096151e-01
1.130722274063749921e+00
8.335120368403980962e-01
-6.920468507523593882e-01
-2.878090059154522207e-01
5.688648746093215580e-01
1.121224742558003307e+00
7.808471050069748509e-01
1.686546530726581172e-01
1.560383796895156161e+00
8.749086009344273496e-01
2.413640762263171424e-01
-3.727941901521423795e-01
5.226952164389475630e-01
-1.347669717966212821e-01
2.060509557112068180e+00
3.096630745738714330e-01
3.150422027704188888e-01
7.550781736343774586e-01
4.325272783913179930e-01
-6.115594577941511206e-02
8.248728033559454831e-01
1.007749237848422963e+00
1.259944609860994769e+00
9.562196466635274339e-01
1.028151287049228646e+00
1.048882237733865352e+00
-6.710228358416798766e-01
1.917783018340251389e-01
3.210468335866946132e-01
9.102288671369218598e-01
1.033201924716110609e+00
3.392086929918413096e-01
9.789668059045855131e-01
1.066520592809708567e+00
1.403187822736187806e+00
1.197696148460347665e+00
1.157616030946011509e+00
6.252352149765388889e-01
7.270876730653902387e-02
2.879279496610879230e-01
3.958220546296394859e-01
1.115596934998174250e-01
1.011933197486366565e+00
8.627020543800506536e-01
1.096616765688233075e+00
3.725366538548777195e-01
1.330349421393880738e-01
6.226329679322881727e-01
5.781006999123066148e-01
1.295637918928473686e+00
2.634869528084182178e-01
1.545298798968876453e+00
-1.023261997063739104e-01
6.705307654258729766e-01
1.291323979542555733e+00
1.544050445127064519e-01
9.087122920505819046e-01
3.641234046454149276e-01
3.103231039669890334e-01
5.495761412931691181e-01
7.164009348738356042e-01
-8.061520178956241844e-01
8.792426769406436193e-01
6.045336808283781060e-01
6.590871038452557062e-01
4.973580759853680200e-01
5.025150552839631191e-01
-1.541807665938721428e-02
5.575084081206076458e-01
-1.873807271327028179e-01
3.673915071719009440e-01
7.660290903471206336e-01
-2.547775649180944457e-01
4.879840303742686847e-01
-4.151038843172046855e-01
9.209664598205925534e-01
7.903624192964836537e-01
-1.086403933591467919e+00
7.124483113798056877e-01
6.361834347666308620e-01
3.620561231771992072e-01
1.138097709448546269e+00
-8.825025101566221775e-01
1.141908167863643353e+00
1.349261602291720041e-01
-2.997804895742661735e-01
8.222862778273279938e-01
1.572927147272817239e+00
3.138041335497790407e-01
1.941697435311871223e+00
-1.037561585985542212e-01
2.638840855180232814e-01
3.916086374087304756e-01
-1.911964328866373741e-03
1.149352638651401637e-01
7.209695073475287375e-01
7.754710642624302874e-01
1.110384710941380249e+00
3.177468586095209546e-01
8.568473785256802699e-01
-6.338527090974952483e-01
6.559433410112944784e-01
-3.167068628823187515e-01
-2.420268412743453029e-02
-1.818367561504783403e-01
6.472795110280682440e-01
-7.693350306618528256e-01
3.984281270215877524e-01
8.160677080125492422e-01
6.846415438253296015e-01
9.500512263511352584e-01
4.945393679490751593e-01
5.363015030563680341e-01
9.041270485441667004e-01
6.474583452153295227e-01
3.266602352717858371e-01
-1.186837006297705721e-02
4.536610340594182111e-01
-2.075138986555538079e-01
1.682869891424150000e+00
6.436296104504393156e-01
2.759421373285700363e-01
1.152764984915775892e-01
3.804291569384941063e-01
7.699162022559291607e-01
1.035374081764747212e+00
8.232060369326982263e-01
2.657568990114130281e-01
-4.727015268868726694e-01
-1.220497464006040089e-01
-2.649471984405848968e-01
-1.016278766954216151e+00
7.576193447206341913e-01
-1.087273257226063078e-02
1.545188309008229233e+00
1.367346109599608894e+00
-3.857421013172499524e-01
1.541117622889219829e+00
4.285669073176103239e-01
1.542977942876742059e-01
-4.454441883823811454e-01
7.981147156046936031e-01
-5.052808302320733747e-01
6.825064974220065306e-01
1.000178990774295062e+00
-4.006786342009814872e-01
1.407048832593322807e+00
1.779865102939175214e+00
2.732541053406109532e-01
5.397798856843532000e-01
-6.321938725759157496e-02
8.875965512837125093e-01
1.589093129914518343e-01
1.791087921549126827e-01
4.470644545592004637e-01
5.243388926180722054e-01
7.872354172419037122e-01
3.507651166109598817e-01
9.359174569756771866e-01
3.677573503658907450e-01
-9.267507205853012797e-01
-9.447618983766728484e-02
3.639284856393612544e-01
6.659102417499632720e-01
1.205149801031272228e+00
1.443085238358523315e+00
4.670728168044745443e-01
-1.923872892554499142e-02
1.502897435978602092e-01
1.868693342733504403e+00
-2.917915988965040230e-01
1.034313638991366302e+00
3.562129463339263613e-01
2.648627678185466738e-01
1.041570968608420467e+00
1.404931307603685120e+00
8.752697002364426826e-01
-6.086096081648152412e-01
3.116626928057595891e-01
-3.401109435672203807e-01
-5.058538193556636475e-01
1.013025506933473707e+00
1.956095405966633005e-01
3.619297982251808432e-01
-3.867486491085057598e-01
1.711284541220544853e+00
1.434671818682723865e+00
5.478665576496829503e-01
6.183691388320089466e-01
7.010985312278151804e-01
8.259908738106225279e-01
2.061775222080453052e-01
1.133085365153717605e+00
6.219141688507870969e-01
1.541070662298861249e+00
1.477854497120375310e+00
1.763247777747137535e-01
2.067934818312500145e+00
3.089602869321260714e-01
2.913681935476649873e-02
1.255687356334832305e+00
-1.430145005162749561e-01
1.582629244807966851e+00
1.566722981458471331e+00
1.614574570017483834e+00
8.279641035875758837e-01
3.178808706588079347e-01
8.618769645235947463e-01
5.835794260544030498e-01
9.527557188768436269e-01
6.947440820197751110e-01
5.391623454680020133e-01
3.628240395606607271e-01
8.194208056379812533e-01
3.105375346356635813e-01
8.221695995679845215e-01
-1.166731930475378265e+00
-1.863517331513739606e-01
4.457453184969680793e-01
7.423314158432128274e-01
4.837468245086220531e-01
-4.400808822455485325e-01
1.933363224051710128e-01
4.576444482043980078e-02
-5.303507241785697657e-01
2.835954432135240122e+00
3.054577775981081600e-01
1.248851550046730097e+00
-4.531760359927712867e-01
8.535692440555882055e-01
6.598824645434366865e-01
3.396125396030063026e-01
1.151263561938079549e+00
-6.692311396316561467e-01
-4.775576775427902154e-01
-4.695231207674490509e-02
6.347669129033722824e-01
2.747364078518104921e-02
6.033100332746619276e-01
1.440691373620651028e+00
1.104968114653873013e+00
6.754646779797235379e-01
-5.378888240602899273e-01
6.014653766709668892e-01
-1.513285740681377320e-02
2.746829616305009880e-01
8.415674248035335259e-01
2.474788027681047164e-01
8.179575622586218731e-02
-2.344392888509209127e-01
1.344184972359917962e+00
1.050299140059576919e+00
1.329118064913380026e+00
9.816453721184779102e-01
1.180421530912065142e+00
-6.486824018452838070e-01
-5.772922390090428485e-02
4.662056286391094151e-01
1.480676322158333225e+00
-1.510534120872719932e-01
-4.093934162923689724e-01
-6.736833665099736801e-02
5.062222057389185181e-01
-3.527198571168047581e-01
-1.094955499748068439e-01
-4.440117485154758126e-01
1.321005751976798592e+00
-4.074875297331271851e-01
-3.994815857757851307e-01
7.997760122721195852e-01
1.283255087661029359e+00
1.465846558288412815e+00
2.639026727059191058e-01
2.440241916371535813e-01
1.429137894769329398e+00
5.429117513034656395e-02
2.221851588197982785e-01
-2.060052938856274385e-01
2.898682157106023394e-01
1.401695469992862542e+00
1.144381502859811439e+00
2.988691322011621798e-01
1.620007378907391438e+00
1.746911402484614628e+00
5.112266376727697681e-01
-5.550154987314097343e-02
1.675076402087612326e+00
1.204611070383292626e+00
5.554975602279471278e-03
3.671879652810167149e-01
-5.264784261928976417e-01
7.615831051333422641e-01
-7.183496622158336287e-01
1.085659365669135790e+00
4.423525211864049456e-01
2.091869776840458162e-01
5.565225445386396963e-01
8.955264771584943162e-01
-1.834228073893448552e-01
4.010427960311078177e-01
-4.771155136739915203e-01
1.082524167087079103e+00
1.842650930958979361e+00
-7.360256806298008936e-01
1.490835529063479159e+00
1.472241687153049039e+00
2.042564190124931400e+00
1.529103206845675855e-01
7.407324563299068076e-01
-5.663877998944506775e-02
1.258485072625047607e+00
6.493737465895362826e-01
7.846968905224755986e-01
6.426217213125759997e-01
3.583647176950895043e-03
2.308944275318534078e-01
1.635511387328811850e+00
1.481115168270098703e+00
-1.498271156409930471e-01
5.344674734542738115e-01
1.072562183325150409e+00
1.530198027951272355e+00
4.300827277039406815e-01
3.675775816730984524e-01
6.692976337703183676e-01
2.594366763535751463e-01
1.180069015201616001e+00
7.101176814332937903e-02
-4.658851774225891695e-02
5.624209325346274380e-01
2.880872862994529604e-01
9.192781869954189666e-01
9.672904497252281519e-01
-7.075714335027303292e-01
2.214496850390164639e-01
1.395555158038895849e+00
4.616580824378822556e-01
-8.081766863428531400e-02
9.934019955268241775e-01
-1.418769053101081923e+00
7.197374308033539503e-01
9.444201519464283656e-01
3.918866914133014023e-01
9.045792649597591550e-01
-1.493793962714904111e-01
3.792556200887599593e-01
1.229507706999259709e+00
1.042020452652252072e+00
9.711924254829161773e-01
4.856174556975442202e-01
1.458773744228604841e+00
6.405753048239826164e-01
4.057269237909499893e-01
6.516515803483998726e-01
1.172939515418363943e+00
8.669389768151083420e-01
-5.553188023176959254e-01
-3.571460721614618805e-01
-2.052517892593236359e-01
-7.168490434177068882e-02
2.160842895752641546e-01
4.562828187174299832e-01
-9.551245803573030213e-02
1.033004175684181458e+00
-8.053525022580269033e-01
1.325845572045522669e+00
9.399217561341044469e-01
-2.467196779723352940e-01
7.802016286676440870e-01
1.540978901213614805e+00
8.662008469386809351e-01
6.029887695449591689e-01
1.160713018750608311e-01
7.069323415570029079e-01
9.965057706821787986e-02
-2.113317608129306469e-01
1.498612492161078169e+00
1.349660984754377513e-01
8.966922359905011852e-01
4.708613277876660952e-01
4.722641378703567594e-01
1.401997091682475605e-01
7.122792171362130054e-01
2.333902168809227629e-01
-1.662469382251346439e-01
9.750863970037884076e-01
2.862126051941082938e-01
7.257613804241216382e-01
2.088967320156522867e+00
9.195183085881750706e-01
-4.512941204201419421e-01
5.373357147011424972e-01
-6.293508493653956481e-01
1.500666150255537401e-01
5.757751904903619655e-01
1.007513811970347228e-01
-1.490732378354284182e-01
4.658518843332212223e-01
1.382662035998484473e+00
9.982238484756822405e-01
3.346955034349166080e-01
1.849977501422991111e+00
2.173432585729267452e-01
1.149717881039139300e+00
4.891711347282187705e-01
-2.478227794896032399e-01
-3.738166871445391948e-01
6.226938646528856758e-02
6.783260647620636963e-01
3.753538217329672744e-01
6.882633469671411985e-01
-3.778205005753305645e-01
1.671084543267190137e+00
9.738924793489177334e-02
2.771401407128939454e-01
7.011977292981090848e-01
7.502589883036972496e-02
-9.050912900805465622e-01
1.254443384365908853e+00
-5.614737037848249734e-01
6.393644916283167667e-01
4.952291587848238752e-01
2.767859213099234661e-01
-7.431419216629620017e-01
1.260489272364726077e+00
-9.213802736173275498e-01
7.318754413967022421e-01
-7.101370779495417285e-01
-2.565329425399164032e-02
1.528077635539628609e+00
-1.308092667819498733e-01
-8.869546475043996181e-02
-3.473103177866675162e-02
7.610933297492488148e-01
5.083295325190392289e-01
4.537790794207133271e-01
-3.893592437703835563e-01
-4.065386817756756754e-02
5.728272991267765457e-01
8.435120424389995764e-01
-4.276578086026903147e-01
-4.684523767513246728e-01
1.383990207838448061e+00
4.848887069303762232e-01
7.760740706913292764e-01
5.292943941148747083e-03
5.635007335999984296e-02
-1.105689461026877901e-01
1.568891862626995426e+00
1.043767370500535030e+00
8.200133155453267486e-01
-3.723262016855924950e-01
6.357693448060582897e-01
1.376601909364566945e+00
-8.438735110692446861e-02
-4.474373671958334353e-01
5.413047388957539230e-01
7.276765164680760734e-01
1.563640911957553670e-01
1.037301329574439102e+00
1.328449013578809401e+00
6.408621026390048936e-01
5.164679535621428119e-01
2.695471440965448995e-01
-1.058940805258141715e+00
3.977615484312704841e-01
8.314979975211858054e-01
-1.464747300115518125e-01
1.136454578256896053e-01
1.332791545150953993e+00
1.081232875426698214e+00
5.984377509652691884e-01
1.036264292356562589e+00
1.029942400794719326e+00
1.033975512191823709e+00
1.066183938091192981e-02
-4.750942454874240023e-02
1.021814757496205761e+00
3.049125630930213382e-01
9.074736188501134615e-01
1.014431111448303557e+00
3.287468974406126954e-01
-5.049627122589814832e-01
4.039065033468861032e-01
7.014630138045200303e-01
5.860949127065098185e-01
5.490702048823606907e-01
1.786671625739483238e+00
6.501706555345303055e-03
6.332394588140717318e-01
4.585858220995149281e-01
1.316962125035761877e-01
8.480250970898132179e-01
1.391647250234691879e-01
1.387992444556586102e-01
-3.876767826213043389e-01
2.236771167806683724e-01
-4.886991876338794283e-01
2.458000422164568766e-01
1.629358364275215632e+00
4.934868627656709972e-01
7.644935915145220084e-01
7.360256974916348227e-01
-1.450925564478325602e-01
-5.911976450255038325e-03
1.643780128791011430e-02
9.635008984914816832e-02
9.412199399677146916e-01
1.122064140523048925e+00
8.865466915136649417e-01
1.143480601658544149e+00
4.533260003668869165e-01
7.708590142612052887e-01
-4.574985447328665245e-02
-3.847618651254158112e-02
1.558217657973327119e+00
1.345217773030370489e+00
3.355070728584838013e-01
1.551860194842760832e+00
7.569208821036269574e-01
-4.300024448912480313e-02
-1.086722418870697870e+00
2.314358499182635476e-01
8.752517372436978693e-01
6.602168754923294358e-01
3.112180141954948298e-01
1.669764538364687301e+00
9.999748297253623353e-01
1.583274385502145831e+00
6.843162971252634286e-01
1.080677604610585707e+00
1.195737395072482334e+00
5.721145424155055226e-01
3.900789750068800465e-03
-5.521395733102292258e-01
5.588228688798287935e-01
-6.217563401747045609e-02
7.250655812806906797e-02
1.264146116229085459e+00
2.736208199315303680e-01
3.227163316800257808e-01
3.638394057003511151e-01
1.105586922893016244e-01
-5.170814707706251623e-01
-2.290972338423543642e-01
1.704206592828961808e+00
8.045077774440143048e-02
1.185609382420363067e+00
-3.224687245387934942e-01
1.620700720742581868e+00
1.024929824375747367e-01
-4.241627617072873946e-01
-4.031092415903549941e-01
8.284344934466543464e-02
1.155874207441577317e+00
-8.055579735460184354e-01
1.454139887228617978e+00
9.248193699400759638e-01
2.374132960170403928e-01
2.075333311691909544e-01
1.062777150869095966e+00
-2.359602214996462388e-01
7.496959405044909541e-01
-2.157083950634310077e-02
5.577825522113348811e-01
-5.598793702323648924e-01
6.024624382218655150e-01
6.915811619844823843e-01
2.865090722265627443e-01
-1.093455951754908895e-01
1.215383929950941466e+00
3.845075090717871014e-01
8.702378248480914236e-01
1.314921099256564571e-02
1.074214756904339207e+00
1.130772251072335033e+00
2.206197436044721627e+00
2.385341629749032355e-01
9.130833403028906226e-01
1.483785496741951704e+00
1.794698903482859764e+00
5.686405394078049014e-01
1.089088584104223267e+00
-5.266072630245968167e-01
8.303837262725291546e-02
6.138460201051723075e-01
8.952568543333981887e-01
7.658522334607659188e-01
4.174791222024777926e-01
6.612839839706083911e-01
-1.115649948155171267e-01
1.357554300162221894e+00
2.147039382661832363e+00
-5.402062142891018715e-01
-1.884445033169455663e-01
-1.179315433345035524e+00
1.945108686077434035e+00
5.960901001239256036e-01
1.745185047260043643e+00
2.123809235495202619e-01
9.548726309083642727e-01
6.401539997943609395e-01
-2.893260116381039526e-01
-1.131477476738037558e-01
-6.741421377229829259e-01
1.196673845710397366e+00
8.534313672200170009e-01
-1.979562127800953419e-01
1.644249537982185871e-01
-1.907683041509429522e-01
9.716253453210929036e-01
4.817736508198305900e-03
9.355031230809822684e-01
1.471792450303486044e+00
1.519148871102502740e+00
2.108184937358433264e-01
9.216579666953151895e-01
1.100428355736582375e+00
1.214506441034771678e+00
8.832409348041803110e-01
4.919512309356436353e-01
1.251898637489020416e+00
3.559379715325704518e-01
9.258167269421462287e-01
-4.214784729649205808e-01
-1.251782516579938553e+00
1.231872283125464040e+00
7.332644400378288685e-01
1.216778413448649010e+00
7.111911117856197784e-01
-2.278176988608518125e-02
1.279650235306029060e+00
9.097551553412155934e-02
1.231991896522105945e+00
1.619818400586864771e+00
4.865515946102784151e-01
7.535008097298019347e-01
9.756751703979265056e-01
6.028191837721310620e-01
-1.744205232250197191e-01
1.306783966666751118e+00
1.697970124995760388e+00
-9.642663678768495505e-03
8.552073910001154466e-01
2.995748797750004133e-01
1.286897508789198508e+00
4.566236140901538398e-01
3.299715216912321725e-02
-4.445657267814075997e-01
5.026576470941360730e-01
1.069504630124718414e+00
2.164438278663146920e-01
7.035759041722394747e-01
1.209127376574251400e+00
-2.436096994386073231e-02
-3.497380280543389564e-01
6.621342566183903156e-01
1.053326693104187500e-01
3.845749922358993045e-01
8.168330766450468960e-01
3.047263173818723359e-01
1.371158107362623113e+00
1.046120145100196241e+00
1.887679082519766016e+00
6.909284979993379761e-01
6.438844434492994040e-01
9.478426723513716512e-01
-3.218041953110236664e-01
1.069775324611281553e+00
1.686258095780980959e+00
-2.502777328124868306e-01
7.121474475104246915e-01
4.227109197504136384e-01
1.358158576526967420e-01
8.323857305449050559e-01
4.817822151568180722e-01
6.149779156772651190e-01
4.593508727822036564e-01
1.752668934668656586e+00
1.898542972949248897e+00
3.568735462103012068e-01
8.963820019363955005e-01
-3.006917736036238686e-01
2.629525491261787695e-01
8.229623145490057023e-01
4.768495942885956906e-01
2.497849698000957908e-01
1.458610486384148697e-02
-3.396725772112733077e-01
9.247907282737494183e-01
5.483188308398311284e-01
2.924435630702281741e-01
1.160981095767606996e+00
1.321547587641656862e-01
2.717946681216560911e-01
-3.941250526501332563e-01
6.401689655552543767e-01
7.558745909270715435e-01
-3.703941492643130773e-01
4.846722782618778647e-01
5.418055224926630054e-01
6.078059287591784932e-01
2.439201981566761213e-01
2.734222786000142791e-01
3.316641146313998867e-01
1.319028134736243807e+00
1.218519302610583610e+00
-1.556794007720052331e-01
1.195461854989606332e+00
6.904745719654893366e-01
1.090999688989430227e+00
9.187058769672584724e-02
-5.955561568303308073e-01
-3.038163253430580246e-01
-2.851252991753707722e-01
7.105941653789106249e-01
2.306143860735488660e-01
1.319480771362564031e+00
1.502875033705911356e+00
8.307951557285536692e-01
-1.403430518709195551e-01
2.169121194618960635e-01
7.667400776479957880e-01
4.987732584508824951e-01
-4.878959843239097371e-01
4.658581065823402256e-01
1.475186166662532994e+00
1.412615259224654807e+00
5.271595054635694888e-01
1.890710626035657871e+00
1.739440719121903012e+00
8.041586759241876881e-02
-9.204071960193478674e-02
3.287122565583321943e-01
1.428008169590890386e+00
-5.507429439945528415e-02
7.650616865076568240e-01
1.826378003312362219e+00
1.819332205118246726e-01
2.154568327346961798e+00
-2.782116316445983895e-01
1.174862924390097790e-01
-4.699107910542070221e-01
5.810746774395062486e-01
-4.869963057272490570e-01
3.748439386619982217e-01
6.421202121370911398e-01
8.422467735552332524e-01
9.875997544921022442e-01
1.710637684774829248e+00
5.039719187389775090e-01
2.446309599479492836e-01
6.735375958054568013e-01
1.837504834855409608e-01
1.515147220107054382e+00
9.464336136312702097e-01
3.706637835924105895e-01
9.618587172276324981e-01
1.150978306527936867e+00
2.975113326223985943e-01
5.318503896425283983e-01
4.524567697476010453e-02
1.540191052118916604e+00
6.277563722934398349e-01
3.401467564856687775e-01
6.805573969461611306e-01
-8.277114218827280601e-01
5.735695577566719550e-01
1.183489998354141814e+00
-5.236223020553216756e-01
4.607317205739268617e-01
4.135061274906755568e-01
4.742774265553196256e-01
6.795269129753167547e-01
-3.006504018047904681e-01
-4.840453160372794605e-01
8.519911303136631919e-02
1.954367928895838213e-01
-4.161461672366875142e-01
8.418500368199889339e-01
4.352197002137190296e-01
1.042697033826348596e+00
2.752432878662573468e-01
3.787728777708390671e-02
1.621445485760676597e+00
3.251467222039612359e-01
-3.741932927260294139e-01
1.655260590641316476e+00
9.707675080689635028e-01
7.498759410128701397e-01
8.932864841553820323e-01
-2.339681528190439841e-01
1.483147766936779410e+00
2.244532848302179251e-01
-1.686044421004331828e-02
9.873743198217099781e-01
3.986642750562767179e-01
-3.516166486546539738e-01
1.655391075886484042e+00
7.821133219237337286e-01
-1.149171136657397008e-01
8.958466811569490984e-01
1.559998877441943543e+00
6.793553505151342931e-01
-3.354120777779447393e-01
-2.381528466700101321e-01
1.012077979102929071e+00
4.579584333461530488e-01
7.454990187116325995e-01
8.232937290588193679e-01
9.391434028397869227e-01
-4.657921866155979584e-01
-3.092610654684612714e-01
6.817455962528525815e-01
5.116935220196410228e-01
3.589740734555935120e-01
4.646731477136678556e-02
1.692862379588468413e-01
6.387835501148203532e-01
2.617892244170428873e-01
5.426680454776378060e-01
3.359822452504596657e-01
1.105267673302630926e-01
1.246499214117865240e+00
5.631993071038172705e-01
-2.295554525490443587e-01
6.004384486903298068e-01
5.389576414375101265e-01
3.131236511520628096e-01
9.544180620649932445e-01
4.671730799811141255e-01
2.918800406723547902e-01
9.525560433870494670e-01
-1.926966552850358783e-01
-2.580706695225080116e-01
1.324718201404004869e-01
9.999975623358067778e-02
7.017238825610079278e-01
7.163126871581859678e-01
2.822039994180803313e-01
5.381749176771553900e-02
1.697866457436595145e+00
1.049498649225938829e+00
3.425015708759778787e-01
2.936972004365733246e-01
9.278465232244194061e-01
-4.217088905860834069e-01
1.161988245965423161e+00
2.053843530558919106e+00
1.031248006633791459e+00
5.984277650007984173e-01
-2.919029945296208739e-01
9.352619302547647562e-02
4.642294659065243634e-01
-3.709044299091555086e-01
6.199898728329401587e-01
1.342713306405022511e+00
5.687579005111872421e-01
4.294938549003528006e-01
2.816044435083007169e-01
-1.578085260529725753e-01
-1.583634752904075904e-01
9.937293523072086854e-02
2.519527754774953943e-01
1.187290350718377629e+00
-2.319234228532400244e-01
2.882009163680055441e-01
8.761068901887000271e-01
9.835340167359684083e-01
2.950109365922166660e-01
5.446810809353309912e-03
6.431767800272677471e-01
1.251168676254956980e+00
2.818490354440469914e-01
1.284725590887975999e+00
3.417059688823350094e-01
1.790031208820609954e-01
2.719519178368414725e-01
1.076253960683964284e+00
-1.622649195895655705e-01
4.997918470402635260e-01
4.433788429812179910e-01
9.879743021537190639e-02
-2.214967229603757026e-01
7.754258781254523836e-01
9.361743051875062727e-02
2.053667103293727383e-02
1.436730850591251496e+00
2.982876769666821248e-01
-5.806396252273210434e-02
-6.559624825183740793e-01
-3.598131767461515418e-01
5.357256129412325540e-01
9.013174843091535937e-01
1.779916419759824064e+00
1.372166767364213502e+00
-2.486359399517866775e-01
-1.943210506335354970e-02
1.809873740286994936e-01
9.027636605259619085e-01
1.144586485395410635e+00
1.734454057488238554e+00
1.926322202819284790e+00
-1.752724714491819824e-01
6.518990248066212079e-01
3.703733068557162333e-01
7.543492707322924096e-01
8.229465314162187628e-01
4.012462207715030704e-01
-2.093163019405595016e-01
-1.979406485278862593e-01
9.296402541383533835e-01
1.582844016850911251e+00
1.590416171321119787e+00
1.073221184786003590e+00
-3.717447544210868149e-02
1.089804877165091668e+00
-4.719516527044965992e-02
-1.945967063060066449e-01
7.236185556154342002e-01
9.389011008278923542e-01
1.428888874574749224e+00
6.842048109109740706e-01
3.450569889433741100e-01
-1.416156395412846991e-01
4.049797564245097847e-01
3.070445100601615351e-01
7.565118235758422349e-01
-8.465262154276131934e-01
1.187051093686066761e+00
1.845122714769667827e+00
4.907239773668056748e-01
-1.007296701377930814e+00
2.863698180655150499e-02
8.587557452114483736e-01
4.725004902898425896e-01
4.297799393792053335e-01
3.141652576349271420e-01
1.405691248713087482e+00
1.531611826515731023e+00
1.969466277279156852e-01
4.138746676862173901e-01
1.002881650996592766e+00
7.223872397607949969e-02
9.322163798347090635e-01
8.871851599230551333e-01
1.054449738654102742e+00
6.491097786476778264e-01
1.310261654161101630e+00
6.964892598369307741e-01
1.051944874515468920e+00
-4.811952339828903247e-01
1.289673541302257531e+00
9.267033284543737537e-01
-7.817133825503901345e-01
-4.675664292587176085e-01
-3.873833010937462462e-01
7.959943770959481135e-01
-3.148659661110862484e-01
1.213811459472638132e+00
1.064182555336880887e+00
1.828074996445600287e-01
-1.740286276600729876e-01
1.326181418361003006e+00
1.894191756281484507e+00
-3.072943269096953811e-01
7.314962993800635527e-01
8.693065479364070480e-01
-9.032033985998083603e-01
1.571106493168580309e-01
-2.871470965493021915e-02
1.764556946701792417e-02
1.387940300439613195e-01
9.724897995819460350e-01
1.371940200765163764e+00
9.018032343346157331e-01
1.028827412322134593e+00
1.632849818713127954e+00
3.989503967502712745e-01
1.240150809398890441e+00
4.825824334565371188e-01
-6.062229815179834280e-02
2.869529519749567381e-01
5.513184572760748692e-01
-3.890834048475415585e-01
4.145107493776321594e-01
-2.330841137139258723e-01
2.765667461744633626e-01
-7.723971698655391904e-01
2.138199273311730889e-02
1.698969463239360378e-01
1.553876253283700548e-01
-2.334363414436871897e-01
-3.362253250204573773e-01
8.364988036237838154e-01
-3.306836356684214051e-01
1.295343539886134598e+00
1.934830782442126529e-01
4.360653140526882798e-01
1.050738464866397326e+00
1.014568593341143021e+00
-8.879457927693350239e-02
1.084349141722707355e+00
6.763552747499533835e-01
2.938357073858149926e-02
6.226388574145117483e-01
-3.455110131836067189e-01
3.760753853692015702e-02
7.333107410540745663e-01
-5.218361151851454993e-01
2.178496787033042670e-01
4.863831895298460495e-01
3.475680090146313073e-01
2.022175796242329682e+00
-2.658091926285957030e-01
8.632171691813044223e-01
9.105882388330915900e-01
5.640170852733985551e-01
-5.104076235199505041e-01
9.925725689615640945e-01
-4.147176989658898361e-01
1.080361699497431216e+00
4.089696091016456481e-01
6.537732988678592871e-01
1.736952319678023993e-01
1.724807838512601998e+00
-5.396928079205349366e-03
-5.470796220882757910e-02
-1.948073340252766683e-01
-7.824169800214572645e-02
5.954212082979047915e-01
1.755714694994091163e+00
-2.339888518240957893e-01
2.392538833819453092e-01
1.956801662370942496e-01
3.077622647008153578e-01
1.135628252493952273e+00
1.348709161687809965e+00
4.544945186635810375e-01
5.940047083514179427e-01
1.257010630243173832e+00
1.973820509029373393e-01
7.444266273193514416e-03
1.032529498366237253e-02
8.786228344568385307e-01
2.288770802479874966e+00
6.586509238469239191e-01
1.152247242310616260e+00
4.937348187627863538e-01
9.793923778808295566e-01
5.165121538520555111e-01
-1.326213749496697181e-01
3.250251350362587388e-01
1.524682408335480854e+00
1.076492574700624649e+00
5.587073368675197216e-01
7.312723305971474685e-01
-4.425542407477148776e-01
1.980168282409994429e+00
-3.385662228553041886e-01
-9.208355483000942865e-01
1.064487311926385571e+00
7.822735908897616719e-01
4.306362175724146035e-01
-3.957585486707072553e-01
4.660271331022821095e-01
-9.281362898879900181e-01
-9.235767721043317557e-01
-2.597275017388440133e-01
-3.069086747041385177e-01
1.380262042434202918e+00
9.464649069443550333e-01
-4.724414790241769913e-01
1.912923571679532031e-01
7.417833850659458772e-01
1.223972470258205769e+00
3.719066607176296779e-02
7.323587650987022357e-01
-1.073762001906932717e-01
8.161851142475990972e-01
1.280631903333848021e+00
1.462751528038556570e+00
1.418597462856522773e+00
1.077345172106010773e+00
1.904523697060934495e+00
6.107365433717152348e-01
1.557124616264500050e+00
4.061145196104998245e-01
1.236469443034214466e+00
1.114619334687701580e+00
1.430840321240410606e+00
7.237069810013864180e-01
3.140820662325289891e-01
4.061044752015398607e-01
1.432255054561512475e+00
1.111707260709449141e-01
3.058332683408864217e-01
1.158595511393820887e+00
1.155986277776866356e+00
1.064187520779611429e+00
1.060552030571708659e+00
-6.727419958218224805e-01
2.144934445102888443e-01
5.693547797486780970e-01
1.147640971880056870e+00
1.613941242962450007e+00
1.725017286921712190e+00
1.368128494019665631e+00
1.023901586525482799e+00
-3.487815019471442457e-01
-2.310985309247969854e-01
1.334250122466857480e+00
1.475974542086802010e-01
1.291695777033933679e+00
6.392478521372899070e-02
-4.916249345974122442e-01
-4.592729468691268968e-01
1.175719646829279874e+00
5.136410438683667312e-01
5.818009330485844899e-01
5.773620754171966407e-01
3.726720575535684699e-01
1.246111434897097414e+00
-2.525425384258469519e-01
4.454634167000343647e-01
-2.361197989702487066e-01
2.016396468996726199e-01
1.009447744459298635e+00
2.734271306364110532e-01
4.913618579812997211e-01
1.020162305361404620e+00
6.459593259694317025e-02
-4.752918797955597574e-01
2.155499530270811981e+00
1.093644005804607633e-01
-2.502503827835239614e-01
9.387978136983891053e-01
1.093206182848718289e+00
6.588561127848030496e-01
1.186413549561871894e-01
3.322567954701011184e-01
-3.223517695639226827e-02
4.423594386679055024e-01
7.968971402112474678e-01
-5.375131010470122345e-02
1.794506111913726443e+00
-1.872884451220316326e-01
4.278733191952063253e-01
1.594482569535058181e+00
8.294443932005645115e-01
1.536179273191623951e+00
9.679290103136810597e-01
4.247504594315002491e-01
7.159889390763657380e-01
-1.884447957299830723e-01
-1.541845399824161578e-01
1.186955421497312146e+00
-1.803868758536342209e-01
1.384596421679827660e+00
3.649120475660189156e-01
7.618636680628420033e-01
7.802388069633092726e-01
3.614048416172401801e-01
7.931874446872242412e-01
1.020444120260834087e+00
5.474280262379204176e-01
1.060999797589758487e+00
3.803101526268150012e-01
-2.673319018329459174e-01
8.740196013505392436e-01
-4.685145065855191304e-01
1.545075104586777770e-01
5.798239070825364494e-02
4.686030043933505640e-01
6.455124123781226242e-01
-6.541324824464093135e-01
1.324947097038666755e+00
5.431244480234311833e-01
6.907173017960175354e-01
-1.575120616360623782e-01
2.507664612105899304e-01
1.542871394109121830e-01
3.634923906182585540e-01
1.385407395575217526e+00
-1.958176321892172722e-01
4.784617512087596669e-01
1.458249593049796067e+00
1.222745787011657370e+00
8.636391541611976308e-01
1.463792036502918448e+00
-1.387750580010551349e-01
6.033726762421997014e-01
4.423257520901672790e-01
7.697637085759428954e-02
-2.819333126365054509e-01
4.010620311385851289e-01
1.041561474981674618e+00
2.747037762036643599e-02
7.416826719056464068e-01
-2.588691483542286675e-02
1.213487875364754442e+00
5.067366662533853150e-01
1.039140402858995893e+00
-5.212821405074025138e-02
2.470723214546308721e-01
-3.141858853887851549e-02
1.473399287940669655e+00
3.151731381915405805e-01
1.346851795057355750e+00
1.143177810211858159e+00
1.197914501388453734e-01
2.116752647290562062e-01
7.640497559285978069e-01
7.376048051339432199e-01
3.904317634984990626e-01
7.179634166331237966e-01
-1.824452048416052574e-01
1.146533259023233109e+00
2.906991055627615728e-01
-5.411237007141539435e-01
6.385591417251460511e-01
9.652570788836346560e-01
-1.163091259274924710e-01
1.776440261802314291e+00
3.902760003455920668e-01
3.277607705709607022e-01
4.522520321058042803e-01
-6.567629404917453284e-01
9.833168833882104387e-01
-1.391339362158199866e-01
2.347693198747697885e-01
1.675830383158888326e-01
-5.096140771297399397e-01
-5.135763194407887838e-02
-3.346233902305950636e-02
6.285434627411279340e-01
-5.327482239107468320e-01
-5.015439806636502462e-01
9.816919865596012151e-01
5.736701890052303687e-01
4.299163593821564433e-01
5.113772550808433071e-01
-7.738320623471938164e-01
5.199596523854342900e-01
-6.513690432169872979e-01
-4.505923259819968330e-01
1.915683662282260169e+00
1.036060729060794161e+00
-2.399225316138442823e-02
9.487502603468175311e-01
-9.528690060190320860e-03
1.144247987198282246e+00
-3.527475543125114382e-02
1.138456101953688293e+00
1.600931126045425756e+00
1.424775966456632181e+00
4.570388000354902447e-01
-4.180248246999965778e-01
9.985384701824866482e-01
1.232199577407117920e-02
4.737949880356769061e-02
5.063578105580143207e-01
-2.862631342562305115e-01
7.912663973241341742e-01
4.854597102167841349e-01
1.835775077525114013e-02
2.141890321602935909e+00
1.057314671562574970e+00
-7.513785357175993829e-01
4.995567319739353529e-01
4.925870592521597868e-01
7.250183506845645498e-01
5.409131547014599944e-02
5.832449527289849112e-01
7.382161243975324250e-02
-9.523012208283854196e-02
6.439603834264634452e-01
-1.792243936131467097e-01
1.668766786852423412e+00
-2.769658652238452534e-01
1.018563815969162345e+00
5.652556232991691187e-01
1.335893834481905573e+00
2.221442412101705122e-01
-3.645603103171594916e-02
1.936351339030660812e-01
-1.986521264202210091e-01
1.286565618991915239e+00
1.216995956925495670e-02
5.545329119550165275e-01
2.516097031905201176e-01
1.183942453321134680e+00
-2.500440107760755204e-01
6.981846746302834417e-01
8.061328917405500283e-01
4.765410657727899846e-01
-6.778812488401615433e-01
5.402262591174532558e-01
1.922823148679604133e+00
3.922500873801777754e-02
1.605553067724198479e+00
6.976941073177450603e-01
5.945216109699175133e-01
8.386271658316669653e-01
1.113049440984097860e+00
2.670653013796573383e-01
1.163547463100325308e+00
-4.404534600128082733e-01
1.910175487543905870e+00
1.605452134919941987e+00
3.821348527652996263e-01
1.428214986155339261e+00
3.154736928881405333e-01
3.744706456338270373e-01
5.766477843098078981e-01
6.543039534888410724e-01
5.064704518865978944e-01
-6.020426785180955642e-01
-3.482593398708052623e-01
7.322499748595694413e-01
-6.214625117914543972e-01
9.486800480388397627e-01
8.233440819966827418e-01
7.048790918405937189e-01
-7.749395815935740117e-01
8.562791942126483091e-01
7.046104435350406536e-01
8.489222847826315421e-01
5.244813670646303327e-01
1.364615329949184552e+00
9.258802986386825973e-01
2.661600906566280456e-01
-1.387935497025413467e-01
-3.329826033768534810e-01
8.892173260795921408e-01
-1.184416005302686203e+00
1.462481922865048078e+00
1.005152725198799724e+00
1.106947992495566524e+00
1.084277293855063551e+00
4.863150510966388063e-01
9.353745216698691189e-01
1.659660190813975644e+00
2.862476563031315369e-01
5.498481273530058111e-01
5.206476994641089373e-01
7.290008824660553222e-01
8.989469773592901891e-01
-1.969336337589548958e-01
-2.719505035319960129e-01
9.740685818447830657e-01
2.720506811500772448e-01
-4.827708567408807439e-02
3.836598438229230634e-01
5.985079178888057516e-01
-1.120648840481331732e+00
-6.002506414113973898e-01
-2.943878944658901986e-01
5.488473066235378672e-01
-9.417631350842267657e-03
5.727323231838964829e-02
2.214201304231806083e-02
1.016679303928402778e+00
1.686179465756575402e-01
1.061318126785374849e+00
6.161195034605042586e-01
1.133191739551780985e+00
1.435843154064442517e+00
1.315878423826029264e+00
6.556174238892336081e-01
5.791219493011826591e-01
9.065696411916311925e-01
7.860539113037063874e-01
1.070440142895557445e+00
2.960370581217571240e-01
4.520945303998479825e-01
5.371701542024699405e-01
6.027683188096587541e-01
1.500105726079476787e+00
7.156551525803164227e-01
1.013077878342902638e+00
7.394176299548758102e-01
3.383738757534658359e-01
-3.899901984022752788e-01
-2.091259624904421022e-01
-2.005065147072231935e-01
-1.914814786032375260e-01
1.029942561001687018e+00
3.971287869963248396e-02
6.840272521264996186e-01
5.071365987696139221e-01
3.404486303706908412e-01
6.199082624662358709e-01
8.559435313316288152e-01
8.370463697123322611e-01
-6.723294420857184317e-01
-2.257231376707155013e-01
2.610300669444276522e-01
3.775394514936656898e-01
6.451172596603567122e-01
3.097625221708723009e-01
-6.928054034112250958e-01
5.956595413466346800e-01
6.608354331364018064e-01
1.552986175305911987e+00
5.920764634264350512e-01
2.316635356915787425e-01
7.600584485385472044e-01
1.483106669355817697e+00
1.379624024198654320e-02
1.744239548861351352e+00
-2.496376828858583585e-01
-3.599858332470446953e-01
7.654024040626480341e-01
1.383316823534148643e+00
2.388044192352407613e+00
2.138983448022370448e-02
1.274759905192026643e+00
-3.977724985093831767e-01
1.526077687406661054e+00
-5.544466741757472228e-01
2.214989121861954402e-01
1.199969126691988963e+00
1.139155285531079587e+00
2.058418389642409974e+00
8.430390921889516775e-01
6.814979561790748264e-01
2.539915099409110200e-01
9.566677533471878991e-01
-7.941442494594166401e-01
-3.817241266836229330e-01
-9.649232378189600556e-01
2.307898950811850536e-01
1.490938038044859804e+00
9.402253823838672142e-01
6.735678837161043764e-02
1.643615057711796945e+00
7.399266550364728134e-01
8.595114573179560846e-01
9.068209535607058003e-01
-6.596907301137390212e-01
1.003285127331812854e+00
9.754221726060485764e-01
1.333426516534693018e+00
-1.833403346385522811e-02
5.185894364853823602e-01
1.040575432322629279e+00
-2.543151914924937640e-01
1.558129933227300201e+00
4.024045574743924103e-01
-1.569093121091858778e-01
1.105398620232639573e+00
-1.784707417018151498e-01
3.501067560951462987e-01
8.674321244748266491e-01
-2.212120084813548049e-01
-8.242539330354656246e-02
3.629122769391376346e-01
2.776583211652974836e-01
-1.873321672243734026e-01
7.934580451062572815e-01
5.912978017507948270e-01
1.498872701406819941e+00
4.647942466461998934e-01
5.327356664586873070e-01
9.163610838773116329e-01
-6.476550930004512097e-01
4.712128316388670135e-01
9.804998038304242325e-01
-4.397879704303668258e-01
-4.155265671287289297e-01
-5.464404852057306305e-01
-7.189633657208402973e-01
9.614691542949700409e-01
3.357104089281466308e-01
1.110624228666112545e+00
1.177340303098482144e+00
3.030775024779646110e-01
-4.983675816291738836e-01
1.469736788400017646e+00
1.231702845539568159e-01
3.939269610911494968e-01
3.179498417052372683e-01
6.978386041656631233e-01
1.421113075113160207e+00
-5.336422288779324452e-02
-1.592906822291149938e-03
5.697831032407284502e-01
1.235268762010550692e+00
3.415516957708888968e-02
8.757025607203900996e-01
1.800984033058310452e+00
1.085229255657058633e+00
7.444085769350935466e-01
5.333467012712593824e-01
1.270550781804714036e-01
1.008391429993223509e+00
1.751868684247306129e+00
-6.245720274818834516e-01
8.658778771040005484e-01
2.215550339802971891e-01
-9.988672392945545653e-01
-8.030579238828214894e-01
5.520251300535635730e-01
4.020778509037842841e-01
6.164238477442103292e-01
1.784637157620656833e-01
5.826145434962787251e-01
-3.592858600540940750e-01
-7.125684321930588760e-01
2.260800919466842418e-01
2.308993891244915386e-01
1.632966192587631982e+00
3.827424332983979105e-01
7.914596369879137727e-01
1.063391161570429677e+00
1.149754207713926668e+00
7.810831057665218458e-02
1.525779528219859682e-01
1.020709887437481811e+00
4.651084884664678509e-01
4.881614410134006987e-01
6.228682869284331014e-01
3.872872442087112455e-01
3.558819310602281960e-01
1.086189147362092378e+00
7.361266085106347168e-01
1.372768532447139256e+00
1.603100243281562864e+00
-6.809239893600624316e-02
2.089520686351890588e-01
1.303272941779299421e+00
1.372575108762153828e+00
9.569958517892606098e-01
1.696353940755130685e+00
1.354651201262867311e+00
-7.745266387524435414e-01
6.647446547401381078e-01
8.514543390779445442e-01
7.155525736921727331e-01
-2.534574697178221814e-01
4.277295349912098588e-01
1.417572735282834451e+00
5.243663102096640660e-01
1.200116561072667842e+00
5.349838007899697656e-01
2.396417676832290067e-01
1.416637910983122861e+00
4.424328388592462802e-01
-3.828524692078442149e-01
1.275561828568032852e-01
-1.064859641200552459e-01
1.078269945279661662e-01
8.110205630654208075e-01
-1.069089864926950462e+00
-1.213011247066046322e-01
2.109119317866650911e-01
-9.847548464655858647e-02
7.208774521096991128e-01
4.816287213106743015e-01
-3.962974585956703377e-01
4.876888271575678668e-02
-7.833816789521663715e-02
2.895794351722431603e-01
1.024915519653024187e+00
1.328777557776731899e-01
6.131092815911241001e-01
9.162820012440234807e-01
8.113434766744770377e-01
1.305416380169713841e-01
3.718208520586198107e-01
-9.855751845650088938e-02
-2.058389419743079096e-01
1.026243439427950044e+00
1.306900181544894401e+00
-5.072788482648261654e-01
1.598791006724538111e+00
7.423436216338928917e-01
-4.893760497279134314e-01
-1.438715513008066715e-02
-1.859303481992585771e-02
7.695712032098385169e-01
3.797382233683967989e-01
7.365911345462425874e-01
1.190421620310941342e-01
5.666715123072028071e-01
7.860469732963517586e-01
1.605386991841287525e+00
1.134445840197177979e+00
9.846523063045887758e-01
3.118435332371672919e-01
2.679697819754305321e-01
-1.016032012147899399e-01
-3.972776576529544745e-01
9.732159503698787351e-01
1.200352488901597292e+00
1.048405533968377323e+00
7.012339760094482566e-01
-1.222658074668948741e-01
1.532858559611047222e-01
1.294205120617872184e+00
8.770602917581447056e-01
3.666456676615351129e-01
4.119160023191272835e-01
1.167486956584412816e+00
1.117575879280278822e-01
-5.233173738464375058e-01
8.489807274770189149e-01
5.523439902624660558e-01
-1.303628152304205368e-01
-5.101901405805628897e-01
2.141686376575319406e-01
-2.616565525962052247e-02
-4.078712500872748725e-01
4.895679528592919438e-01
-5.369738377514159389e-01
1.011261795373636918e+00
8.143472507646062342e-01
-3.672031859972232359e-01
5.597163705072102369e-01
7.676575536517049603e-01
-3.214260132572306916e-01
-4.211550733695975102e-01
-6.423227339757030530e-01
3.674969330025342762e-01
2.286797674108167755e-01
5.157436926635593499e-01
1.224843467403054387e+00
2.088831257555551879e+00
5.375909885490895435e-02
6.285545352870409719e-01
7.522490164091230058e-01
1.052024311490744823e+00
2.347766114145334038e-01
5.191929283895733160e-01
1.231806743586680852e+00
-1.293047830115074404e-01
2.143499506852374337e-01
8.255789603157005496e-01
-8.827315078928027470e-01
-1.095054831979040827e-01
-1.756891469345747692e-01
6.055373371598954391e-01
1.508679082103637770e+00
8.469041425823383706e-01
1.401689640706161588e-01
1.313842221779454533e+00
5.984627311642508607e-01
2.438524648459633459e-01
-1.749207561828360902e-01
-1.171266217425744743e-02
8.973825746527637204e-01
5.297135304372881937e-01
1.521753407203783603e-01
5.367179352925304237e-01
-3.269941034794118240e-01
1.465839849700574238e-01
3.638443335632468023e-01
1.585729041442584197e+00
3.196152666788492080e-01
1.535161166681356049e+00
8.786071034654407974e-01
5.887635969439688477e-01
8.929581717611179137e-01
-4.978437030151371956e-01
6.862386260916442104e-01
1.299559553537139589e+00
3.971448905231247939e-01
1.114806422416056986e-01
7.306090954948603056e-01
-2.484385948455477000e-01
9.366384711164403853e-01
1.445661452023024318e-01
1.482545305323882623e+00
5.636028487860557101e-01
-3.291100066825968784e-01
-2.542924023657204269e-01
-1.295690781699592842e+00
9.610890959575583148e-01
3.595030070733025718e-01
1.234138547733561353e+00
7.631843323036834326e-01
3.550898387217938934e-01
8.612571133202338025e-01
-3.560858476199446065e-01
1.003362771110634100e+00
3.087850774500714435e-01
6.250250914375372613e-01
8.702130916281766715e-02
-2.918745423149971541e-01
5.911005414540094760e-01
6.879058783994523862e-02
9.868655560016376116e-01
1.331307911165478530e-01
1.356389211226156188e+00
1.325578110418882405e-01
-7.185405829923381671e-02
1.564881581852952674e-01
-1.168915916643481212e-01
9.717237996608300010e-01
-6.167157945729798696e-01
9.353334052274941968e-01
4.020254676961643736e-01
6.541763538665799071e-01
3.332580436428257964e-01
2.796151660103770031e-01
-7.424369751326870270e-02
7.479270464531273532e-01
6.743775025024365544e-01
-2.006415209883715134e-01
-1.083110245103250824e+00
8.087311674451334031e-01
1.582689676820984825e+00
1.150364374991238225e+00
-4.351623324089120004e-01
-6.332029471182120117e-01
3.214854570111310705e-01
7.578478608304482778e-02
2.320376873867690537e-01
7.713516080771233296e-01
6.527647243272276523e-01
7.063247053490571137e-01
6.508502658248886963e-01
1.085158978953898234e+00
-7.587542699149478764e-01
2.982078318037076348e-01
8.377351906988799168e-01
1.511627410192184495e+00
5.305321312751521967e-01
-1.402618277879371100e-01
1.261309198159295430e+00
2.267685967889479515e-01
8.090241794115555773e-01
5.906984411684054193e-01
-7.714071820058309159e-01
2.121778398496799167e-01
-2.444197664466004061e-01
1.004569304309957722e+00
1.277443835290018592e+00
1.248672075754365896e+00
1.825894136909079202e-01
9.483169421765474949e-01
2.546106325662116920e-01
-2.072296303063530243e-01
7.463812538894845638e-02
9.851573713800452214e-01
1.478850867378370237e+00
1.784958742967527767e+00
5.892104293325058917e-01
-5.567405091491782754e-01
6.205800222324648896e-01
4.298470964276873696e-01
4.229017050748110629e-01
4.699225575104166719e-01
-1.293712012485721818e-01
9.376536406024710280e-01
1.011068688036216079e+00
-2.404811303628986985e-01
3.987151103367347349e-01
-8.481521681921541100e-01
-2.478746771411095007e-01
8.543005077529772784e-01
6.887694808685553838e-01
5.452064104440892400e-01
-5.171795573433153603e-02
-1.524390886536228784e-01
1.512254692507911669e+00
8.738379007137772048e-01
1.340807522239501060e+00
1.138367416168556412e+00
-5.179656932900640331e-01
-3.624598274949853427e-01
1.539845083951715932e+00
-2.797952989091438969e-01
-2.530317092698250447e-01
8.855732636022458637e-01
-1.663250730854209380e-01
1.458110846111382974e+00
9.671471037023754436e-02
-6.656087283606172411e-01
1.594121406515768946e+00
2.607847590177402863e-01
1.120339782833314146e+00
1.636598289014288277e+00
1.176119694623878331e-01
1.396027977527872777e-01
2.413985680168611869e-01
1.086518544376317230e+00
9.788142158741618415e-01
6.320829262182310337e-01
1.457725235406488462e+00
7.364156275879362168e-01
1.988725012184903648e-02
1.556099304183981902e+00
-3.623979082506371685e-01
-5.886464242581149753e-01
1.897910728103578970e+00
-7.989053585140505342e-01
-2.700265236922147483e-01
1.134075136523281957e+00
4.389316860118408492e-01
1.426772407553672295e+00
-7.015457853594583293e-01
9.222439558105818280e-01
1.270595604832541470e-01
1.011573382018585932e+00
5.220870580654555226e-01
5.140151999107263336e-02
1.421128670649495773e-01
1.253580769008881379e+00
1.007023631735542324e+00
1.089447810775183434e-04
3.018336805499341469e-01
6.622224644182700404e-01
4.188453254221345956e-01
5.868233426961650956e-01
8.994512726663851376e-01
-1.351711316449408923e-02
6.863379659851157610e-01
5.231559608347764456e-01
-1.692844676331497211e-01
-6.219850714521496515e-03
5.930161726717237541e-02
-1.155092667497067849e+00
-1.013567346794340907e+00
1.186940913060023362e-01
-7.289048407942061436e-01
1.480252781684978425e+00
4.865637361691045881e-01
1.050447191217150689e+00
1.951373473402907566e-01
3.407978083613827924e-01
-2.130569393247090659e-02
8.429552058550650318e-02
1.792299310433061788e+00
1.388397053447872065e-01
6.533993676275229312e-01
-1.220036767308981807e-01
6.659567045711330957e-01
1.081788259415174869e+00
6.014211604942195644e-01
-4.086148127560464832e-02
3.642906640080503800e-01
9.562723864766928816e-01
-5.083106696408300484e-01
3.979819757015012893e-01
1.557347002739895570e-01
1.743794495096109842e-01
1.079950812381161862e+00
2.843149979659657656e-01
1.474013981917780269e-01
2.376018358127405805e-01
4.207023098684785078e-01
-4.946676705581067868e-01
8.560755529256693919e-01
1.493231183541280926e-01
9.856509266895590038e-01
1.113168716785313039e+00
1.182279860919325243e+00
1.187300083312716525e+00
-5.184264435367451351e-02
1.798915716151554545e-01
1.426853169910244024e+00
6.362722743672675207e-01
7.369637737042903369e-01
1.859566300487155877e+00
8.210290030225230185e-01
1.191655127174796824e+00
1.334899690346354140e+00
3.203111095648141782e-01
7.369789416091492018e-02
3.012326678366052946e-01
8.086012244106257629e-01
1.853416838897700369e+00
6.790974865936492133e-01
-3.007206134498407457e-01
3.548707662128496032e-02
1.034909421396936091e+00
1.106797236936086559e+00
6.466057934017460651e-01
-5.143911825822840289e-02
5.712012232589994687e-01
5.914809574854160701e-01
-1.221224557226793794e-01
1.055267327431993918e+00
1.204382533395095489e+00
6.611339426213668213e-01
5.873815808456226417e-01
-1.546339825256992651e-01
3.655189771832360601e-01
2.231349281797502804e-01
-4.589972151179094184e-01
9.192890011667835815e-01
1.020817578691337602e+00
1.075657765764085338e+00
9.897420581522107241e-01
-1.896173248299367897e-01
6.300165736559506513e-01
7.151820369777186492e-01
5.525782329840870366e-01
1.419032683016216989e+00
-1.171805418488940376e-01
1.542676920115562345e+00
1.025831541038101091e-02
4.283669762412736226e-01
1.559540177876957756e+00
1.699484932203113363e+00
1.462903976087262192e+00
1.764605082146737614e+00
5.189921083896266440e-02
1.075427377713251031e+00
6.742921247740575330e-01
8.082035339439368471e-01
2.673673348492268675e-01
-1.097889440976368425e-02
6.910520530337452838e-01
2.039530160005986303e+00
-5.104829529861886206e-01
3.500921814591684278e-01
-1.297060913993796916e-01
2.180010938969965673e-01
4.509037339936172173e-01
5.093060413109651297e-01
-3.358248181230620300e-01
-5.718617244662099752e-01
4.471543365630819000e-01
6.252574577925098520e-01
1.295976662252054767e+00
3.539178966840594853e-01
-4.684820352134737020e-01
-5.243393615939314634e-01
3.615954176776254858e-01
2.397151955769980664e-02
1.258737493198801793e+00
8.178037085656870708e-01
5.741610782200778917e-01
7.637829088946280764e-01
1.228613582766438644e-01
4.127893023617452695e-01
1.189857646436928373e+00
3.907649392066452343e-01
-6.495938592450244409e-01
-4.908699627106108965e-01
1.139101873836737777e+00
-2.857106754258412762e-01
9.322869407044585000e-01
1.052345647305761162e-01
8.236694267349686793e-01
4.571846254864317394e-01
8.043662383775377345e-01
7.476152726937126403e-01
-5.221182041826021025e-02
3.469099707986403325e-01
4.447946202367664137e-01
9.917787531757923380e-01
1.571317234164127663e-01
5.057616822373491861e-01
6.264181822756423879e-01
3.951503327348680483e-01
2.513650099598050414e-01
6.878814395290641093e-01
1.687109126582739149e+00
1.439624931696495691e-01
1.830479222320575139e-01
1.684453220384944050e+00
1.285731691965457113e+00
1.432191938937406261e+00
1.526325697198852582e-01
6.471920297744088169e-01
-8.975649708472685506e-02
1.590610339848449462e+00
1.775470321403904705e+00
4.748568209309055876e-01
-5.729019210101199411e-01
1.501409875997510968e+00
6.499599550866248521e-01
7.483532010350120167e-01
2.983005678494237700e-01
1.062785416666050808e-01
7.691320738640614607e-01
-1.309611391748281006e-01
6.093944442823269192e-01
1.071263755622356317e+00
8.827712368202904614e-01
3.720282745553430970e-01
1.329024415790274263e-02
8.278923171476276766e-01
7.928626684743207420e-01
1.522091440904584925e+00
1.596218714162077612e+00
1.106558991894427857e+00
-1.207507616947926521e-01
-6.554199588073698068e-01
4.867383204589330048e-01
8.463417004998782245e-01
3.819778260661278457e-01
6.448742718631995663e-01
9.192382165270622796e-01
1.415781388363508864e+00
8.299335767138718012e-01
1.127912793852720919e+00
1.119128525804317542e+00
-3.157893390692376734e-01
5.038387403136636022e-01
9.764836226372082262e-01
-4.695280750973757078e-02
-9.842238960439168016e-01
7.093587034254014156e-01
8.025871240106968729e-01
5.372022560131831659e-01
-4.300651565786695052e-01
1.655929230566280386e-01
7.156618174839317614e-01
1.359141397276275864e-01
-1.471618699601715818e-01
1.343653762445945921e+00
1.158410262006151825e+00
7.333511200801960950e-01
2.696237603921976950e-02
1.302836007281946040e+00
7.545877820430563210e-01
-4.419042189988303670e-01
1.138825541558562859e+00
3.766172906086178718e-01
5.145881130208933563e-01
-2.261685825181371234e-01
7.904332479830333824e-01
-6.997705510035092669e-01
2.513056016405460502e-01
7.769208610879706489e-01
1.367666962800389019e+00
-2.965792764196462095e-01
1.186447690133491939e+00
7.826919528158945427e-01
6.409193438189552117e-01
-1.465867626887560893e-01
5.380583005385926043e-01
1.718502641929835484e+00
-4.576921328580658144e-01
-4.358355021750844049e-02
9.119161265689237905e-02
7.632300090759500111e-02
1.029028385993000283e+00
-1.771582893698002148e-01
6.478167504134211274e-01
6.361233737676987854e-01
1.036619195635153590e+00
6.598682925072735239e-01
1.110265456361140046e+00
1.409026757901407079e-01
1.961962887204369066e+00
2.203567361233530475e-01
-2.350171093459501315e-01
3.389628409030089329e-01
1.092707736700072596e+00
2.014221412307014347e+00
5.430231036729800120e-01
-4.681156765305748424e-01
9.736616753547647773e-01
1.710534466587852465e-01
9.348774516722592187e-01
2.262890816541388572e-01
2.564451369007048412e-02
-5.426986218651715932e-01
8.972969846706464470e-01
7.496522489552485125e-01
9.950536806211567331e-01
-1.197952098051357911e-01
1.081368412131065160e+00
6.446787451632609578e-01
7.450332502123167000e-01
-9.770926538359169244e-01
-8.864801827742473384e-01
1.992854331206026508e-01
1.362606879588218911e+00
9.632462524463437648e-01
-6.870953368329981714e-01
7.406556310379196484e-01
7.987554351088059779e-01
3.573906391555878304e-01
9.215706659140321388e-01
5.715730662464175715e-01
7.002413130539387742e-01
2.766090693319964156e-01
4.544842881645846933e-01
8.574006435205194787e-01
6.988537992028962531e-01
2.818604280119563210e-01
-2.226393528288252710e-01
4.067362053844452707e-01
3.715574603196782899e-01
2.585156652891927864e-01
5.553115885254545914e-01
-1.810706447580269496e-01
3.592822530191969177e-01
-2.938161377470439040e-01
-7.417922259083857828e-01
-4.651197317358726768e-01
-7.648046024197412418e-01
1.579246939425168472e+00
5.252915742116405218e-01
-4.096399381760318370e-01
2.426706608406268006e-01
5.555571503931338029e-01
5.834738108359802666e-01
8.934494688008791652e-01
7.691797121806940307e-01
-1.249878172152274924e+00
1.178317045007284847e+00
-1.632342616387809087e-01
1.117178134431924041e+00
-1.892880276283739338e-01
1.240340838318185535e+00
9.072628136638346552e-01
6.326245712220819328e-01
6.805696842281171444e-01
1.548674997583311397e-01
-6.379390568494806846e-02
3.755350812043702358e-01
9.688928036609992800e-01
-6.411616189408968491e-01
7.589890577946155348e-02
2.116952850424713983e-01
1.235855307493959998e+00
1.044825100920178107e+00
-7.018992505950480965e-01
2.416418378419143698e-01
2.530949400427954799e-01
3.438027803592215159e-01
9.223976059046364862e-01
4.131291753437730807e-01
-7.387088238362393700e-02
-2.932658840919467602e-01
-7.036248513015854744e-01
-1.025729781660276035e-01
2.604828204007970660e-01
5.403315785764307710e-01
1.420815712370419259e+00
1.625737809701229608e+00
1.066187736585946455e+00
1.638399263238713877e+00
1.413083137591338190e+00
1.418896375163114287e+00
9.479393687348529607e-01
1.027978256500477139e+00
6.416877853042951552e-01
-6.135729064206056904e-01
6.872693067131896427e-01
-1.024202755384286262e-01
9.831507284042504402e-01
-3.602497612791915049e-01
1.655952027593285525e+00
4.368503540166888688e-01
4.043996746828332212e-01
3.258358523719349642e-01
7.706783335533637369e-02
-8.506807373782391268e-01
-3.987989991797334377e-01
-7.985940647955272476e-02
2.998024692296600291e-01
4.689020908389179843e-01
1.373884711100509470e+00
-2.850765586702017629e-01
8.150400855754000862e-01
-3.772016362122425637e-01
1.124726827345231411e-01
-7.072138247434271996e-01
6.767293929271225306e-01
1.039902243317268438e+00
1.076783353672673971e-01
7.671579711049305583e-01
8.888511231546601943e-01
1.958260223494911134e+00
3.839119697125299990e-01
2.548933428925990174e-01
6.464627677897389901e-01
4.595350711964357737e-01
1.083125320657350343e+00
-1.238548820995171995e-01
5.439903924745989050e-01
1.176649275764003244e+00
1.566114630645981387e-01
1.525428410293893755e+00
-4.013673815816540813e-01
3.421049130481981781e-01
2.384744116590822166e-02
1.000860565723931783e+00
4.107712816106937614e-01
3.975223080665225561e-01
1.308595076493317855e+00
1.205690419257207241e-01
1.201423527541874092e+00
1.376953537558636143e+00
-6.218922339528652754e-02
-8.566201923646378225e-01
-8.805158654449100897e-02
1.361107793119465392e-01
-8.290240388841849661e-01
7.634342584742304094e-01
9.784537194621717449e-01
3.471972608872559568e-02
2.140853946794694096e-01
7.209997887941091976e-01
4.004567474923004800e-01
9.294476765466372914e-01
-4.486391728356972641e-01
-2.234932678174805787e-02
1.294314434112609380e+00
-9.868026176778070813e-01
5.894228152408470534e-01
-8.267116315527595072e-01
1.159157678528456081e+00
1.806462184318965714e-01
1.084244802396924431e-02
-2.205224900076336036e-01
3.197002462678587564e-01
3.134677247338120143e-01
1.910182208159626249e+00
-1.590891848610963555e-01
6.428708507561180507e-01
1.280464901889939222e+00
1.585703119923469018e+00
1.950836411073600743e-02
1.292323322221974324e+00
1.048353746520028329e+00
1.060324874550241825e+00
-4.998703564534336952e-01
5.813924960874672365e-01
4.673030604223999962e-01
-4.724071463163867501e-01
1.315341012225882622e+00
6.426066720930302678e-02
1.264373996069539374e-01
3.706669945336165672e-01
-3.090850705889084393e-01
3.139003383796728497e-01
-2.936372700875910513e-01
8.880628444729484761e-01
-3.614698703397209445e-02
1.259977706577991796e+00
4.467778086038405594e-02
8.998749375434366149e-01
-1.155582125215489919e-01
1.632522777229262201e-01
1.198554093665900488e+00
-7.362632648087746867e-01
3.392300780262940130e-01
2.710555577398295890e-01
1.456175176220203760e+00
2.089689151320788696e+00
4.494635984826674813e-01
1.067155055923667106e+00
1.175511633894064101e+00
8.828587387566974032e-01
-2.935768699170465679e-01
6.933801848468997830e-01
7.557600547706647687e-01
4.664973081201766458e-01
-4.129018581012225964e-01
1.377652124882775109e+00
1.094450190662849653e+00
2.927896679641691646e-01
1.377684798728679105e+00
1.230992680233280456e+00
1.065047068248650142e+00
1.008141523996833433e+00
-2.363203148268270548e-01
2.422194145023544909e+00
4.988089107363468666e-01
1.085404741333931278e-01
1.481759396765628400e+00
2.339109608672312324e-01
5.855726283165896273e-01
1.121234459583440257e+00
-9.978321600010001124e-02
2.140789415294855336e-01
-1.002725014213190768e-01
2.195644883749551246e-01
-7.834227070797871173e-01
-1.006964766031989811e+00
-6.075646090534928545e-01
1.182354094322695337e+00
-3.092861994167420484e-02
1.056438584756060894e+00
3.494605961315677689e-02
4.336716227462120155e-01
-8.561134816486976051e-01
7.521477655681219066e-01
2.717315127885346349e-01
6.916265091291331490e-01
4.612956646868338062e-02
6.578706855496292416e-01
3.102195140044332611e-01
8.520690925197402232e-02
-8.241975849190306125e-01
-4.088426474123474375e-01
8.197449426412347639e-01
9.481583159283063500e-01
8.965183305780146661e-01
6.554982476597123742e-02
1.083356381518647327e+00
-5.128693590218136311e-01
1.621732997660319198e+00
-2.681545399073341773e-01
9.963653644822794142e-01
1.287197317295348586e+00
1.503678765440065457e-01
9.635763343937741032e-01
2.717976949215181182e-01
5.998017471130377976e-01
-5.792749645006042836e-02
1.761994832187760318e+00
1.071263608295647485e+00
8.670831753386545326e-01
1.757978638856491749e+00
1.011558667671057954e+00
3.964556838676034367e-01
1.764886948423147528e+00
-1.251170137242457459e-01
1.054271818448298426e+00
4.677301103747146249e-01
2.950752214078001812e-01
9.149589716693268260e-01
-4.448604745789511150e-02
6.884735062527219673e-01
8.543155030595536159e-01
-1.271428487952493080e+00
1.200092469727221389e-01
-1.025621281243954686e-01
9.394643339014611128e-01
9.021950533036608988e-01
7.490794383071150975e-01
1.180517755441841746e-02
1.390169617817478498e+00
-7.400012832968395626e-01
5.324838803479778893e-01
-5.492065276403172991e-01
3.249552297025376513e-01
6.736483249999311029e-01
-1.290521847506175934e+00
1.082133862201778651e+00
1.220982897223758801e-01
1.084990315398629779e+00
-6.199875119519356881e-01
1.073649685061472292e+00
-3.456468166974341893e-01
1.047685462990154193e+00
1.410497112392677277e+00
-3.133798075929519200e-01
-3.866502687242221459e-01
6.075786078577865013e-01
4.045562836939456952e-01
3.149364867532187251e-01
8.075744044873520711e-01
1.629886262610841463e+00
2.354247243686750091e-01
-9.501383699100094393e-01
3.455519693348679811e-02
3.084770070108442397e-01
6.379647545827813460e-01
6.276851196428578916e-01
8.243521084336028482e-01
-2.430110496655568109e-01
5.468218579815526947e-01
-6.801946661110781500e-01
1.880637600591173131e+00
3.635662693952900204e-01
-1.799745269214246823e-01
2.483343621849926075e-02
1.829987145038540097e+00
2.791719311605777576e-01
3.445082123386377093e-01
6.630950301790360379e-01
-5.419322852189900619e-01
3.975296817889775181e-01
1.036722909862819897e+00
-5.526314923195653206e-01
2.737001906628064862e-01
3.282206073607860652e-01
-2.556365106651494745e-01
2.288078647748001127e-01
5.995411436364344038e-01
3.786089627717178496e-01
-2.571172273941038644e-01
-1.401545390354756171e-01
1.439782554820419724e+00
6.909835214059885100e-01
-4.653149912198333016e-03
1.110038378479060839e+00
1.227085251142792099e+00
-1.052701455833828237e-01
-7.460792920396805417e-02
-2.665483847972879849e-01
8.555025323871638943e-01
-5.065156113222237799e-01
1.830634038094920424e-01
1.086163868804927990e+00
7.891719275263361366e-01
1.342620899036657489e+00
-2.507768779471841042e-02
5.961297580411312191e-02
4.776343589650247079e-01
-1.150248858304892874e+00
1.152381344319797440e+00
2.047257380930007642e+00
-8.701751182785544270e-01
8.264056965883485872e-02
8.734735755763919363e-01
3.355061315510971670e-02
2.229211803073689047e-01
-4.931981309464281704e-01
-8.848436977255675906e-01
1.252045625612480118e+00
-2.419195507267072331e-01
1.459724615597539632e+00
5.823596227604662667e-01
6.697275821192603118e-01
1.632800965910312652e-01
1.121254100796613473e+00
-4.507476072406907397e-01
1.106311494615992874e+00
-5.936448461507945473e-02
3.471613700025255600e-01
-7.525865465645739105e-01
1.824150914048748184e+00
1.079450333100601567e+00
-3.274781152272341345e-01
6.137440422678356322e-01
1.123315972084269587e+00
7.882858422125671449e-01
7.935864384807358451e-01
2.348983951865260544e-01
7.844327986525387875e-01
-7.988323386754950239e-02
-1.829143031102922756e-01
9.714310822168827908e-01
-1.463694148378459625e-01
8.037306649387979673e-01
-2.508214378758836793e-01
2.922251455180916446e-01
5.831771137051812159e-01
1.647452521143002169e-01
-7.672098250213070791e-01
-4.444414806539200291e-01
1.174514121902854313e+00
2.022561843239971402e-01
7.446994483816888888e-01
-5.068552011411128211e-01
-1.757654861009403935e-01
1.038546622708411249e+00
1.660193675395751578e+00
3.186207021899150615e-01
5.465895535949754080e-01
-1.837801420304041311e-01
1.374386508443383725e+00
1.971991670908890937e+00
-6.142205745555613383e-01
-2.374173303111985489e-01
2.963089350736322625e-01
-3.185479651395775047e-01
2.803438956474436083e-01
1.436241081310463130e+00
1.672658291340449521e+00
-1.065154511965026030e-02
-1.012479153332623838e+00
-1.682362139919306443e-01
4.620170643690165169e-01
2.137029913852235563e-01
3.061298333972909402e-01
4.531338841717066357e-01
-6.943591597673896831e-02
6.638447444267002728e-01
1.201156101284346633e-02
5.801537736953598090e-01
4.564088195019340710e-01
-2.815132157998831985e-01
1.013381141194831525e-01
5.302494096888071828e-01
2.609052220709885406e-01
-3.966372923356064062e-01
-1.130171866833007410e+00
2.758712274416743604e-01
5.678390628589503608e-01
-6.552247756382186816e-01
7.969496527213827397e-01
-6.492240261632403059e-04
3.053886917362822473e-01
3.020131611227637736e-01
7.851434218993609271e-01
2.714613522534672363e-01
1.237308637629526809e+00
1.021308632933558780e+00
-6.831659613077981641e-01
1.079249983533485002e+00
1.307282987175324873e+00
6.853945236739900082e-02
1.479134973580116252e+00
1.148982494644451569e-01
1.090656715033405000e+00
1.625473428046944335e-01
-1.779444037621548402e-01
-2.000185971436947430e-01
3.883883051161733380e-01
5.522406599542366568e-01
1.296748027086887411e+00
6.315632520139283779e-01
-4.280712687926792603e-01
7.720478752598681771e-01
1.577984967819570539e+00
1.010295498333768860e+00
1.068656787607280112e+00
9.223674842357239001e-01
6.399246393295033863e-01
-3.370929010408039994e-02
6.208226144172637184e-01
2.041849521439062509e-02
1.017721542199784279e+00
-1.290602175717611155e-01
-3.975586577932445631e-01
5.772764380294540532e-01
7.872846254656959419e-02
-3.042876216383375576e-01
1.426578674684865877e+00
2.695490818495158702e-01
1.383063894236136182e+00
5.331112146716024958e-01
6.734100513581966485e-01
5.749102290435049722e-01
6.366476785274607364e-01
1.541968471289449916e+00
5.574223156528764767e-01
2.421765857733480798e-03
5.083101534015319056e-02
8.279261687168928407e-01
-1.031920440892837021e-01
-2.141919484857581768e-01
9.448573177262470368e-01
1.750347120232145670e+00
1.077133878429705316e+00
5.856071565836621362e-01
3.157187072224510449e-01
8.872218210446050080e-01
-1.979015941294334779e-03
-3.307179356778087165e-01
3.414558935687460328e-02
1.045519828300470966e+00
1.115302296364238943e+00
1.636068231142478568e+00
-7.477446642196257376e-02
1.014194430525643620e+00
1.117690857630756707e+00
-4.281305729378217517e-01
5.450653424841893635e-01
9.755005859231586918e-01
1.464841831687666573e-01
8.939224929211404547e-01
5.387666010840134329e-02
-9.620020932701202343e-02
-7.340594527042089146e-01
9.700607761003927632e-01
1.181787907260979154e+00
1.550475636540330271e+00
4.223562746559941239e-01
6.164887007100566807e-01
1.116281760920029509e+00
-1.642740942465777121e-01
1.443548688078399866e+00
1.874133032329375448e+00
1.165513853801648514e+00
1.198056102325550931e+00
7.496660814498874448e-01
4.670260916593658163e-01
-9.230426029370051300e-01
4.071871925826960337e-01
1.486066920611057052e+00
1.573569967240577849e+00
3.422590320383652185e-01
8.398864062317625834e-01
-1.841268028188519090e-01
9.062903790124015035e-01
3.061228298043540130e-01
-3.733573779887325306e-03
4.166862218950574959e-01
1.448789215202400893e+00
-2.973465763772954462e-01
1.911029697027858965e-01
-5.710384894640914144e-01
-9.926071705956693858e-01
4.024314610756327126e-02
2.823758352053526433e-01
1.512246331939751220e+00
-1.048872967878414109e+00
3.406609337940040283e-01
9.841775477969462171e-01
4.286210655702914207e-02
-1.222561736411073574e-01
1.094365447442347650e+00
1.024616019315480964e+00
-5.804998952424185177e-01
2.246262277834326637e-02
5.181107099700051899e-01
1.245499209251214712e+00
1.112487146918961445e+00
2.040684258614963831e+00
1.313983229090373572e-01
2.445355847925848036e-01
-5.188559533599511608e-01
7.864892267183889452e-01
6.527639905875058934e-01
4.484696976862300177e-01
6.064165462971787823e-01
6.105928108909106644e-01
3.518967159881480899e-04
8.344323735658217833e-01
-2.333964343881095582e-01
-1.361626947514590347e-01
8.714543414691096057e-01
-2.666024190017308171e-01
1.056958271606013716e-01
9.149129529219304779e-02
-1.724065207390047261e-01
8.717656968913425342e-01
5.987374959669984342e-01
5.964329983272718128e-01
1.183507170219403548e+00
8.541278035578648842e-01
-3.080293104544642446e-01
-4.304662606071961439e-02
7.229981521341847239e-01
5.807423617868391341e-01
-3.722038020612852827e-01
6.567064386627123884e-01
1.712121862192227395e-01
3.452906327029064970e-01
1.067162794385457802e+00
9.881387344889602797e-02
1.676251468477537365e+00
-8.767423785850596285e-02
1.166859539113878519e+00
1.894267802109510290e+00
1.526186401680995619e-01
1.286093689491734304e+00
8.967983255756438732e-01
1.440159605725819247e+00
1.190425117763710183e+00
2.514618107623202703e-01
1.004965741309421734e+00
1.038167570889984459e+00
2.732977669072178539e-01
1.285187685808752145e-01
1.214743094165241288e+00
1.138432039496972914e+00
2.477897269290513238e-01
6.243836573021535052e-01
1.236579300131379844e+00
-1.222213904723331135e+00
1.487590918405387319e-01
7.303736361642155783e-01
-2.791685162922623309e-02
3.409718044424254746e-01
1.593136047902244279e+00
3.259673554113501903e-01
-7.260272270419791951e-01
1.309455677327734380e+00
1.087899881757413922e+00
1.235833845309495915e+00
6.976466984574299923e-01
9.938380900317298483e-01
1.156480846573033849e+00
4.614660621368618654e-01
9.500124705328889529e-01
-1.077472979903482536e-01
9.705453472499863121e-01
4.186597888370690024e-01
-1.046856639468642658e-01
1.000871389093746844e+00
7.323235701058798952e-01
9.859601714613492884e-01
7.330798786915900811e-01
-2.828818625024515643e-01
4.606427151856110763e-03
7.354212673888606000e-01
5.131265707424546019e-01
9.826946822992819186e-01
8.100501704083753474e-01
1.130726914010168116e+00
1.377147895118548515e+00
3.529731735710124330e-01
3.962818437271744543e-01
5.357876587478389574e-01
1.100216016561231358e+00
1.202695093221634259e+00
1.031322249005710123e+00
1.552616340967021870e-02
7.520024172528282369e-01
1.359915087260227806e-01
-3.409382124553524407e-01
3.313434253612582703e-01
1.517426226771282360e+00
8.582117356641024708e-01
-3.596439194347609281e-01
3.934030290109133965e-01
1.249798061471304456e+00
4.850885543422804869e-01
9.303685424683144634e-01
2.727071069522719049e-01
-1.775067294150506902e-01
-1.742567284703684938e-01
1.208226182302666762e+00
3.213248069060288259e-01
-4.989489082738163828e-01
1.401408136344508004e-01
1.004174978622007997e+00
3.244413100526676863e-01
7.488283815273095723e-01
6.972414246286480211e-01
1.321275398616260643e+00
1.661777643875791965e-01
7.278444616374423193e-01
6.659886509801962173e-01
-3.121697229548545671e-01
6.230503845604874469e-01
1.126170955241505123e+00
-1.529946445517654796e-01
9.642465492701270957e-01
2.947060458514290104e-01
7.117221770613368914e-01
1.472886427523315001e-02
5.982734525844704554e-02
1.238592936541627942e+00
2.360096381238900309e-01
4.742920661252031933e-01
-6.793816126589002913e-02
1.339241699953182430e+00
5.250458474091092009e-01
7.840855731151137598e-02
4.014107783157754294e-01
1.705713084862579443e+00
1.353855088660794737e+00
7.013848922183754109e-01
-6.045636356791280752e-01
5.270719674797640364e-01
-2.528672763666641732e-01
1.275463124024119210e+00
6.532354337337171746e-01
-4.869051619998286673e-02
8.916337304362842442e-01
-1.172860809613483379e+00
5.410688486919853490e-01
7.352471640214128801e-01
-5.609087347249438471e-01
2.011616537703056484e-01
8.408383120237660213e-01
-4.009394697718769440e-01
-1.031628962566954882e-01
1.379902825760450646e+00
9.776659803922184144e-01
1.326006219964722899e+00
1.543399025722233808e-01
-6.274270349034812844e-01
-2.548067215873862645e-01
-1.099681425312820426e+00
6.765478365189754317e-01
1.735615781877325015e+00
5.814714169682738687e-03
7.993825824402328584e-01
-2.222313342643712220e-01
5.215168225934920798e-01
-1.465727883248421626e-01
4.540964521601953963e-01
5.896049674634531446e-01
-3.474788883959016583e-02
5.416040221460752813e-01
3.276742716947957934e-01
-6.714707303630575996e-01
1.516581046284003254e+00
1.125772411940277884e-01
1.208679740196324293e+00
1.172622706670038428e-01
-2.503553468866230314e-01
1.043685866160846798e+00
-7.024036134180006163e-02
5.216571478031271081e-01
5.971963544645951805e-01
5.465288291593117798e-01
-5.510201148357438683e-01
2.254595085745702554e-01
1.239145941006526419e-01
1.797916910824020498e+00
6.049185509050248877e-01
1.312725980101669521e+00
-5.411337482384924735e-01
1.368033095769346508e-01
-1.333258463499551426e-02
5.232118331012887147e-01
1.933856352286264513e-01
1.039956180540119401e+00
9.448088150432838450e-01
7.555600724664939261e-01
1.242862554941021491e+00
9.308060540601513777e-01
-6.683240441364534101e-01
-2.235495649175417709e-01
-9.097121767459984687e-01
9.398542812842799465e-01
1.417000221156855977e+00
3.496854905759614329e-01
1.111117635103922696e+00
2.046067100376309345e+00
1.716981799985840829e-01
5.921296500587203138e-01
2.515931732508404073e-01
9.034746146319956317e-01
-1.216427392841356037e+00
5.017391331921896569e-01
1.058735295961342748e+00
5.572686804352807721e-01
1.038832728396217320e+00
9.807462005136813321e-02
6.789007379648535068e-01
5.290942852551215880e-01
6.096639958994811703e-01
5.088489897676233831e-01
1.373589608277250074e+00
8.156894406143327947e-02
8.399567322810561620e-01
1.287127110416357523e+00
1.463370681464027490e+00
-3.420555442966918824e-01
1.306980048313265641e+00
1.147323560078408855e+00
5.883945835978863226e-01
1.490491042284666889e+00
7.680458668548205692e-01
-2.043929736931744678e-01
8.653386863483321090e-01
9.533554894859004314e-01
1.114031327614039002e+00
1.667557094035828635e-01
1.280394078529391466e+00
6.146614015581060020e-01
7.860100565634247083e-01
1.192779551562769408e-01
3.137849606557792659e-01
2.197184463958049006e-01
1.056090576516502955e+00
4.967619706091713772e-01
6.023285579975398152e-01
4.841454835915193211e-01
1.003602009721532795e+00
1.984493568673097175e-01
1.769888894868089313e+00
1.034117912124668637e+00
-5.794244413846588726e-01
3.499850196300383631e-01
1.401988709597884020e+00
1.127145847538467693e-01
7.236210092498270852e-01
6.370058273029036711e-01
4.019733214946211719e-01
1.904775413344138579e-01
-1.716471733394128729e-01
7.684342092294100812e-01
-1.906277040896258990e-01
5.064217756535978054e-01
-4.974126336787973446e-02
-1.529001942507448586e-01
-3.845168562116696442e-01
6.273956500353831123e-01
4.004442001511468452e-01
6.050979682803538928e-01
9.715130889959765481e-01
3.202919016794572027e-01
-6.038814986833072052e-01
1.033792156719765876e+00
1.033465770281121410e+00
8.325856247967857726e-01
6.809390689545804509e-01
7.553711394839568438e-01
3.384425242808453693e-01
7.452276935432491367e-01
8.365245890769552606e-01
3.174845587196886698e-02
1.645636542847118244e+00
1.273960392138911102e+00
3.949477635578579893e-02
8.889654644710264231e-01
-1.067034786775029470e-01
-5.449037121528221839e-01
-1.033151374729665700e-01
3.296862999402302430e-01
1.154186613572071307e+00
1.241186656691702472e+00
6.193298708545017656e-02
1.137420760255858365e+00
5.144469843532841757e-01
1.155511056653039326e+00
1.065650740479797909e+00
4.020959044690716744e-01
8.173534253679215489e-02
8.192136084144044927e-01
8.280758342589112919e-01
1.314178630973752426e-01
1.488129506807970737e+00
-1.751530355439442910e-03
2.431621994712953455e-02
3.073832088984114197e-01
2.411273888609812704e-03
8.733616146309338690e-01
6.690522379755483584e-01
-5.431424223011378505e-01
1.184687278537435828e+00
3.454156655923685815e-01
1.059161178947136683e+00
8.121814607017654453e-01
-4.022160954412201672e-01
1.111085007075485187e+00
1.352281656070987603e+00
-5.549772742776928197e-02
4.841897131798931220e-01
1.026206287875241374e+00
7.432417423465368378e-01
7.810102971315410203e-01
1.172154424207990431e+00
5.246555544948339200e-02
5.053720299162259288e-02
2.691022623206745235e-01
4.158350659685988160e-01
6.948393831057502190e-01
-7.475121642080151396e-01
4.643053174365365243e-01
9.145404610840388582e-01
1.346153015478974702e+00
1.473827988175403947e+00
2.442974543338008453e-01
9.104715918758331528e-01
2.011473953114725488e-01
1.689839626658758420e-01
6.831771476751457017e-01
-3.808910835478559465e-01
1.109508809544817343e+00
2.064105412135982531e-01
-3.567328696213534767e-01
7.345627361406399380e-01
-5.514833675575846195e-02
1.674515155689323409e-01
9.759864083016468739e-02
3.870838639486559596e-01
4.986335385529494513e-01
1.397370528278720547e+00
4.208744171876805384e-01
2.506195618208469367e-01
-5.745727405289433598e-01
-1.197037269516441904e-01
-8.349909278296202553e-02
8.741220022004506651e-01
2.304810329357841470e-01
2.301697029042160114e-01
4.799471793347684923e-01
3.963864966103350929e-01
-3.687107181154068436e-01
-1.375682062157752572e-01
-1.126610433777342490e-01
1.064350672879348231e-01
-2.349779476989165561e-01
1.468893414503146810e-01
1.070655080077841381e+00
5.161449706827130335e-01
-3.313025327039417767e-02
5.950562784233609515e-02
1.785138444799024837e-01
9.387212848273586152e-01
1.338952369641567497e+00
-3.956871968976266030e-01
4.537025611614414755e-01
1.395143330418104899e-01
3.054754230301476303e-01
-8.468882358105129793e-01
1.464781365979505035e-01
1.073274604409886757e-01
8.310492770743085345e-01
1.970443564159049255e-01
8.136491868147120998e-01
-2.298897413289944791e-01
4.575637150537227305e-01
7.116843716335020664e-01
1.499614454500137972e+00
7.529695203214469279e-01
1.005913866004030544e+00
3.540394117183922607e-01
4.519702038040617209e-01
5.912153621493624334e-01
9.646383520891418928e-02
1.094394291371936667e+00
1.055553896247264367e-01
1.299043850640517972e+00
5.275835156221717059e-02
1.158713887351696670e+00
-4.136787190863224217e-01
1.755857817840192237e+00
1.215545044972227595e+00
-1.498920663840148104e-01
1.533606720660514400e+00
1.691195523740512296e+00
6.322116415224741104e-01
9.822006559909166601e-01
1.089207340938431079e+00
-4.143793061826805957e-01
1.316478215794766982e+00
9.944430609249048647e-01
1.315148790387905553e+00
1.492411464774972440e+00
-3.451078158361998716e-01
1.388358236008524704e+00
2.522944137353024252e-01
-1.376178255265680384e-01
-2.272621839523880360e-01
1.571502009945926481e-01
9.569372769446224947e-01
6.478302024489593913e-01
-2.082955284142126162e-01
2.679427746509138175e-01
1.515517503072635330e+00
1.499322322997183043e+00
1.372324323933480583e+00
-1.508923492564559210e-01
1.678125860186240548e+00
2.046804543227943807e+00
1.361273416886029430e+00
8.720078949463901941e-01
-3.899560084929529907e-02
3.735342805538605093e-01
8.800876893311381233e-01
1.661213781199125661e-01
3.449108916016808690e-01
1.335380367133155000e+00
2.993125091032418361e-02
1.222907487512540747e+00
1.299362528292664354e-01
-9.866794767698949808e-02
3.002779979962733603e-01
1.018546315035947947e+00
-4.322342055486497747e-01
2.064931276934966198e-01
-5.948876766225478230e-01
9.653996151606254461e-01
1.149251344529137242e+00
5.954518666034807062e-01
1.046460377062696651e-01
1.121848533688101501e-01
1.613985616502134901e-01
5.290277959573489452e-01
6.137792265772553657e-01
5.498993931640214772e-01
7.277484674800724918e-01
1.800312224610852441e-01
1.000349867855646391e+00
1.016467455852355428e+00
4.429494904168497227e-01
3.788126742592635154e-01
-4.220286384329148821e-01
4.272090593944011250e-01
8.709058452273050754e-01
5.747170495213823616e-01
4.864679508109499007e-01
8.456063680160660345e-01
4.767398436028120190e-01
9.287496449813140709e-01
1.365919838709472645e+00
1.278969645419772760e+00
1.103139723065622357e+00
1.030755018756362773e+00
-5.317486395682728961e-01
1.010268637219951859e+00
8.952572601189950907e-01
1.405565356100738184e+00
1.755355404965364130e-01
-2.566823837686041387e-01
-3.781018207969307210e-01
-3.745973340065993362e-01
5.875859333097542547e-02
4.288477316836000752e-01
6.621249086829044117e-01
2.706458480037079450e-01
1.210311524403848482e+00
1.025212761812823309e-01
9.871369863075872830e-01
-1.086901721088663564e+00
8.361116330978127786e-01
8.590066409544732107e-01
6.033518924731158251e-01
4.782760141549382005e-01
-5.157944392861180116e-02
-5.439987291789476209e-02
4.629611687807185239e-01
3.967967254469662586e-01
-1.182286416644323102e-01
1.953863529956558986e+00
1.001214996744860475e+00
1.580281527193753144e+00
5.663600991556266839e-01
8.189150148469519497e-01
5.279754190573050510e-01
8.287489823957562285e-01
4.739610780740135532e-01
4.930864707160027005e-01
5.514311764734707300e-01
9.531080587735302201e-02
2.692905076896533467e-01
4.219132517811450267e-01
9.571302412867571663e-01
1.248970598106718954e+00
3.980226758840472168e-01
1.314695770921314733e+00
1.406102791541522956e+00
-4.393557301228145362e-01
-4.511669980980147210e-03
-9.345439824446851729e-01
-1.691586369443215110e-01
2.489787442071133561e-01
5.152620666236596980e-01
5.587111676985341280e-01
7.517796939339695950e-01
1.097684906976552854e+00
1.046397041543237760e+00
6.725406484742865731e-02
1.199688878569736161e+00
-6.905949799223880525e-01
1.146369321795161600e+00
-1.209728893359711122e-01
1.258783826031270703e+00
1.074161937864216876e+00
8.002489211990035378e-02
3.989430180904396384e-02
5.134556462887738260e-01
7.276334493112143198e-01
-4.186943637227729109e-01
5.606087389669296428e-01
5.203545651035699215e-01
-4.376192471747172852e-01
1.819197757684010375e+00
6.891562418930227141e-01
-3.330980843507285183e-01
1.749179186152078236e+00
6.756447684014600386e-01
5.355171259021904717e-01
1.453626593067496975e+00
-2.099889576141370784e-01
4.357904021980260612e-01
-1.572781648886966421e-01
6.968467191505136604e-01
1.272988279326412453e-01
1.070360960512152682e+00
1.089548166039310928e+00
8.831754010002021427e-02
1.022867436609355085e+00
-3.851662910907925341e-01
4.015257163547342190e-01
1.325269528759659643e+00
7.757036605058666989e-01
1.474312212082519835e+00
7.907548477650007124e-01
3.745846318428807664e-01
-6.287890726946763209e-01
1.952338295554017167e+00
2.741107980543209810e-01
6.349027347014772893e-01
1.066136675621061514e+00
1.580570003639598375e-01
1.033345707901788701e+00
3.528352856505106439e-01
-3.697946713395653395e-01
1.763905953910402391e-01
-1.579412633271023991e-01
4.426096192479643809e-01
-1.933212106058163626e-01
4.425528885812069491e-01
1.315693468959593826e+00
1.266511255128207836e+00
5.236185703940390290e-01
1.520637706090183006e+00
6.421958735495173487e-01
7.889838907836878024e-01
1.642839141654938828e+00
5.741054090250062580e-02
2.980472341191056640e-01
1.958046160880546616e+00
1.152526077448834618e+00
5.894257437335199690e-01
-2.903620305864882400e-01
7.187250551812449650e-01
5.082850542642428637e-01
-3.282713338472809106e-01
1.526219561374351663e+00
1.013527862070201735e+00
-4.443608405891949498e-01
-3.829465518726177242e-01
3.597444165196484467e-01
1.014530304782243597e+00
-1.347506148472566237e-02
2.551214793117921320e-01
1.027819297180559310e+00
9.766373072489960006e-01
-4.855057135978307348e-01
2.426924711127606549e-01
1.224282153589581590e+00
1.917157465519668536e-01
6.185309836786400117e-01
5.142815152005959511e-01
-9.333430545277153489e-02
5.372381229625508015e-01
7.581503262223692197e-01
5.297642750951563340e-01
-1.703943966064278698e-02
3.199376682009197337e-01
6.037169549811403080e-01
1.015352233834500684e+00
1.568391072475555426e+00
1.071919764741906089e+00
-4.864108411437457202e-01
1.481796853173122930e-01
1.855491815353191576e-01
5.938426168118152715e-01
1.502819215033486033e+00
5.503926809957164767e-01
-7.661274030109648248e-01
-1.406985739668731028e-01
4.545602887541548287e-01
1.197898260314146590e+00
1.167002789356815340e+00
-7.942149919901696498e-01
1.524833115581694987e+00
1.060635173359958161e+00
2.188505718071985129e+00
-1.491148346037634263e-02
2.099867085687479928e+00
4.792724600309711813e-01
-2.170783801081205833e-01
6.365777816621792651e-02
2.828314502669818653e-01
8.182567512057211667e-01
2.564469486556313904e-01
4.061845640446177796e-01
7.154846199279709662e-01
4.546173261335428317e-01
1.167029158606319728e+00
1.153377924668288479e+00
9.658221873311820804e-01
3.073610547224414624e-01
3.427971375046346969e-01
-3.142717818122723883e-01
1.037627862942415380e+00
-6.424625687261911189e-01
1.367277807852901872e-01
1.100324380781099176e+00
2.768689518519827364e-01
3.707011223026625002e-01
1.590752049191505924e+00
5.828866762137652202e-01
7.256961268043432556e-01
1.264813976470534174e+00
-7.897847776285225052e-01
9.349856992423841717e-01
-2.685991994223747015e-01
9.105706597075620135e-01
1.340697881975166261e+00
1.572210907255074119e-01
3.040918725202447215e-01
-2.847621263501099453e-01
1.155891098589716171e+00
1.172127396483422013e+00
5.183566520605077388e-01
-4.877142028195922269e-03
1.428071713499722506e+00
6.460765978717009084e-01
7.592702159074485868e-01
-1.055364440005609694e+00
-3.185078986150633451e-01
1.436374653789750100e-02
8.137687561080794163e-01
1.495136947279360751e+00
7.429647024153545054e-01
5.595862038057630716e-01
1.251225757679101103e-01
-4.236121214865309348e-01
7.968243601678701715e-01
1.326568625632079668e+00
-1.621077664280354269e-02
-5.276604795272904491e-01
1.324191399999492535e+00
8.461498851543626243e-01
1.227354363985572405e+00
5.681541219936925291e-01
-5.540468504016492490e-01
-1.969209698455731683e-02
1.341314200060812922e+00
1.691845992948161070e+00
8.661664544307339231e-01
8.639524109776199889e-01
-2.608518536953960965e-01
8.649408787338399573e-01
3.843666851002151136e-02
8.914598170520056097e-01
3.944417909368769237e-01
1.670356637662161192e-01
1.220749164183704494e+00
5.344048375224417224e-01
8.129203982163815123e-01
1.365211287666852957e+00
7.695034057195802024e-01
5.046907200226392609e-01
1.419242744254378019e+00
-1.420895682805596028e-01
1.897886623338377321e+00
7.776829313173839742e-01
1.355396856293321628e-01
6.360275499062516547e-01
1.925399544365376858e+00
1.034359189441817151e+00
5.545335590403552839e-01
-7.823241749811786772e-01
-5.708297623284829259e-01
-4.723877771860830466e-01
4.526832662360375514e-01
4.346943666470683421e-01
6.535295341785617440e-01
-3.677847657088523237e-01
6.362027312150420055e-01
-6.395901383813704655e-01
4.975295913139707871e-01
-5.617794296449589442e-02
1.906897689378800997e+00
1.432759995973745815e+00
-5.731397025336971707e-01
7.690862058521434896e-01
7.020665959125022004e-01
6.064909765128772001e-01
6.108744498042288917e-01
1.708155769221883835e+00
-6.445003372443172673e-02
-8.094555737612628421e-02
-8.051412190515441769e-02
-8.814124685491121491e-01
8.587308206528510013e-01
1.000426614814010184e+00
-7.702852845104922463e-02
-1.068741475610387147e-02
-2.253198890239204166e-01
1.758330760154779016e-01
1.606835238681226130e+00
4.428057337168521124e-01
9.009454393153712992e-01
-6.836380423074701895e-02
-2.998401596393882595e-01
6.158021714425320203e-01
1.060751149004298011e+00
1.206738847167424800e-01
2.719043182949351101e-01
7.216285476994828141e-01
5.514046134633896479e-01
1.527376488240607122e-01
5.479516878928799573e-01
-7.425962399100312084e-01
-6.984164621870456724e-01
-3.805100726191204541e-01
4.061977600583180914e-01
3.905479731140595323e-01
3.460718033340977051e-01
9.800620114351263901e-01
1.335894392424047616e+00
-6.903412972206319775e-01
3.438067821913592947e-01
9.801720336255878019e-01
-3.519990627116333926e-01
-5.123083705769401197e-01
1.372624578319062150e-01
-2.431116464394106891e-01
9.929096717696844765e-01
1.972321930884824992e-01
5.867411018931080191e-01
-2.853551737733397986e-01
6.271687123530560459e-01
3.232151221527032048e-01
1.066537584953169748e+00
6.521336135099543574e-01
-8.257563439935972083e-01
-5.496576110318822372e-02
-5.737930792432127669e-01
1.596536084089189844e-01
4.614524715218011330e-01
-8.590780182929491637e-02
1.503799639546562705e+00
5.140697274070886724e-01
6.897968207047938671e-01
-2.297313459195017005e-01
1.008402270344061602e+00
1.732835218119949339e+00
8.510927326419683858e-01
-3.751172316937010504e-02
1.326718757291142081e+00
7.438115079068817748e-01
1.286173546442748394e+00
3.220367865271399066e-01
7.013461338042590310e-01
1.258700217476406369e+00
-2.597380684842497400e-01
2.461460223153414395e-01
1.154435841915443461e+00
1.113948674687677221e+00
7.517714649687807782e-01
6.726060086453949927e-01
-1.303296167253334970e-01
-1.702582092618207255e-02
-1.051946490255127320e-01
1.425445482143366527e-01
6.313804745425328768e-01
5.647128411638898671e-01
9.307898218687339353e-01
4.237322804673935850e-01
1.187649262708144526e+00
1.013772225088873435e+00
2.674312295244037907e-01
6.765828350727964846e-01
7.792427641595491838e-01
6.297192683809530456e-01
-1.446317903359086721e-01
1.256362764453029746e+00
-7.297731407137583726e-02
7.997658724033791522e-01
2.919064596467350059e-01
1.290435354820905212e-01
1.265992811807205687e+00
1.375932323004008584e+00
3.416492233231143150e-01
3.874101446204666899e-01
1.072186000028080954e+00
8.395590704999223997e-01
-4.285339355803940431e-01
-3.290366449343950367e-02
1.073864987061252219e+00
3.398080251871944402e-01
1.274558365821223616e+00
1.435997450235301898e+00
5.748373202988317221e-01
-5.552367597717978998e-02
1.524687288951115161e+00
6.371416592425140912e-01
4.851966557455625884e-01
-2.075027302245342486e-01
6.735456735226130753e-01
7.406992762790127749e-01
1.554466128162860006e+00
8.885500120540181790e-01
5.443486471708311458e-02
-3.256936732471648055e-01
7.938587672925804251e-01
2.291257106807311761e+00
-4.154633400266350418e-01
4.850968640630058948e-01
1.750735702350282752e+00
3.953374297368518198e-01
4.918832826288872528e-01
8.593733254060130777e-01
4.459983254341821218e-02
3.503672879535031925e-01
1.650213219357628214e+00
8.934697201477848072e-01
-2.456162475747367124e-01
-6.187925246273247026e-01
1.009327476482001051e+00
1.495246503089117329e+00
5.996490810851425879e-01
1.584484805394894419e-02
-3.538661073373062793e-01
3.866984039702798803e-01
-2.868280015407981276e-02
3.805525781208922709e-01
1.712550064151781848e-01
8.869373773885267376e-01
-1.759848411844519844e-01
6.618043643608005899e-01
-1.432048822731017967e-01
1.769229508104784188e+00
-1.458661115562173149e-01
7.122647697624728824e-01
1.166450908545190596e-01
2.312795100868340059e-01
1.097719256452825753e+00
1.011688418875653417e+00
-2.340654151253125648e-01
3.434962372887823134e-01
4.462184315754557512e-02
1.007475480887945585e+00
2.543370280222123636e-01
-1.189752314875971162e-01
4.438470993963522515e-01
1.758485662219636314e+00
-2.819467436838055119e-01
-5.249826135152043660e-01
-2.878431348515635979e-01
5.323904694313478236e-01
7.514187810247884708e-03
7.032817975359613172e-01
2.515060874618600728e+00
1.430321619676271805e+00
3.058237791013165841e-01
4.203907200854132831e-01
1.346975342048337909e+00
1.260279943970141758e+00
1.338889266577486081e+00
1.022583032433675321e+00
6.824677797525459111e-01
1.689272108782448933e+00
-4.147138027027801876e-01
-5.587084025580910662e-01
1.314879169755598376e+00
1.337461800007471724e-01
-4.891695351732590069e-01
3.651619335687051882e-01
1.258747379682983558e+00
2.142554674027794537e+00
3.402093545623769977e-01
1.824989609406750146e+00
7.614129740610527941e-01
1.068959028834223890e+00
2.634341789147257584e-01
1.471255473772957512e+00
-5.176186006177375953e-02
-5.655862661287034410e-01
1.049445617648964379e+00
3.911256289101318340e-02
6.477530700515775619e-01
-3.638321542917563600e-01
-4.253443047013846234e-01
1.767896298579566761e+00
3.410252865347556672e-01
9.414731516534464717e-01
1.157624496879822606e+00
9.634680951952249162e-01
6.011244408549037965e-02
7.450304391162946294e-01
5.314866575630984302e-01
3.724431058515251247e-01
8.271370681996932372e-01
-2.430885912612692212e-01
4.111724928350461439e-01
5.156182453733739735e-01
1.091865919937203389e+00
7.780202025295168689e-01
7.108797772993589170e-01
4.001770934187663387e-01
-4.741796793385028574e-01
1.116483086951314707e+00
2.070657805040025390e-01
-1.724144203607528569e-01
1.535404022988989814e-01
1.001853771320799336e+00
1.382123958499295702e+00
5.963187983447714169e-01
2.037298978405013838e-02
-7.892161319311808976e-01
1.465159257429297091e-01
1.557855461871674674e+00
1.109667241271601101e+00
-7.626443898668255374e-03
-4.367310219656757031e-01
-1.491984292684080463e-02
1.045247053448638219e+00
6.222797855133835876e-01
-2.714990830701430879e-01
1.366018348940275240e-01
1.301555690147103483e+00
1.392632878100723781e+00
8.024298726939311788e-01
4.449877666857955383e-01
9.762614010432216771e-01
5.029511950457240532e-01
8.561026400168867401e-01
1.273605600600830945e+00
-1.444332464985277620e-01
5.869230889068371981e-01
6.459246840892610697e-01
2.266608203657381748e-01
1.212362450225252575e+00
-5.164506162708039083e-01
1.332800038231507278e+00
-2.496442600999451977e-01
1.261137560755510867e+00
6.458370122354357701e-01
1.161439843471216538e+00
7.286022871878158336e-01
2.255692133413476352e-01
1.249621957577109255e+00
2.616489359055917951e-01
4.976302876778788131e-01
1.014867037452485077e+00
8.728926312036048296e-01
2.290065884768215376e+00
-1.338424582406677610e-01
2.515226142647004171e+00
9.166910678488473518e-01
-2.293306530656520348e-01
4.576166511600356923e-01
2.669444728662465627e-01
8.617419682012071869e-01
7.889260083112891175e-01
-1.118916016594107277e-01
-1.398489126230234303e-01
2.813872193687353418e-01
-2.552891667371562923e-01
-7.036544703556579794e-02
-2.120696278556711833e-01
2.090442910066574178e-01
8.083284275511857242e-01
7.715867691815910812e-01
-1.137720013180114342e-01
1.143825886391737656e+00
1.163417407586367691e+00
-4.052630515305433168e-01
3.264149855687348278e-01
5.981037187604818506e-01
1.074566063496237067e+00
8.533679755285912272e-01
-2.691274937103429465e-01
-2.419900779255704931e-02
7.300447924602349037e-01
1.735318019934796618e+00
-5.021213677944385417e-02
1.131119780038647660e+00
8.731080212624326986e-01
-7.451098207306880994e-01
-1.321285455939349152e-01
6.640317175725030108e-01
6.503753488861836463e-01
-1.031222924224743237e-01
1.359951463997145504e+00
1.412460721759192461e+00
1.088554555997529150e+00
8.518292915012432021e-01
2.461267362262666292e-01
8.298776501542323158e-01
7.676080721904749993e-01
9.396882593557885910e-01
-5.664021402115804182e-01
7.181461865366274289e-01
8.025723796981185654e-01
-5.543665657650285183e-01
3.854138218593307630e-01
3.589242803031169049e-01
1.456177915307414139e+00
5.627435180294310113e-01
1.269780789133737819e+00
7.353542663050018913e-01
4.795771785958857780e-01
1.490908043235150693e+00
1.650282462003380968e-01
1.611263920911714553e+00
-5.277552629636715897e-01
8.714476805445000585e-01
5.648061689731013191e-01
8.651677635258444576e-01
-2.911396358283223629e-01
6.349915001774317780e-01
-1.302963974320934248e-01
3.870972377033622680e-02
5.578328058993542449e-01
1.372267659136713558e+00
8.914672562492670371e-02
5.258724043623259625e-01
6.564911732354358209e-01
9.992989946815561408e-01
6.824849491065708706e-01
6.675822508639756014e-01
1.210913431356197112e+00
1.887262660758734834e+00
1.387492913178784981e+00
1.195683164934525922e-01
-5.251279297526294521e-01
2.362358317772119964e-01
1.834505011474959257e+00
1.494158076205481134e+00
2.695339340710735665e-01
-5.857238369123943800e-01
7.555439539569192009e-01
-1.554706398703177561e-03
6.547755816171723087e-01
1.685835907412014389e+00
3.948129130766229733e-01
4.841438178448872476e-01
-2.551338608745878922e-01
1.045389736453939733e+00
-1.499982754409773245e-01
2.229106609280204210e-01
7.354271742454920879e-01
9.408289975303393837e-02
2.699476269855825006e-01
1.122862670998255430e+00
5.380698953640048465e-01
-1.921845752433756077e-02
-4.681180210677700071e-01
2.529359487986551080e-01
9.442149263226999878e-01
1.466680554994132635e+00
2.747078970101733408e-01
2.027349047592022391e+00
5.437200819232749227e-01
2.100817695707644234e-02
2.177204755988614848e-01
1.254466727582357888e-01
1.608599582748672985e+00
8.311600608541943602e-01
1.150907471536922300e+00
2.680276250920590742e-02
-9.050394884087176184e-02
6.560970082183220642e-01
2.987971095764646035e-01
-4.088611732791082032e-01
-3.015424415270488989e-01
7.401374232047586155e-01
1.277027882067729880e+00
9.591340970826854884e-01
1.001411774603408134e+00
9.040374163651726525e-01
1.174716271412205915e+00
-4.635161347369619600e-01
-2.232368413443925337e-01
6.063974268212061203e-01
4.932739874404667990e-01
-2.824085518408624984e-01
2.536330235607514028e-01
-7.286429112760026139e-02
9.588931420052686505e-01
8.389334019682599397e-01
5.521413458592534518e-01
-5.133031767521434308e-01
-4.296305462124132557e-01
5.898631096693732756e-01
2.674676271442631426e-01
2.542595464068723721e-01
1.546380766387576156e+00
6.163993410989134780e-01
6.139121577821148729e-02
-1.313249210122940935e-01
-5.901209283483555001e-01
-4.451048650320752614e-02
5.808575981584078729e-01
-1.910280296273410006e-01
3.336233312209413437e-01
3.101765973983280356e-01
4.098764556574945872e-01
2.812826779191326954e-01
1.418427091032034237e+00
2.981867442237765564e-01
1.021947280465552055e+00
-5.348831401740917757e-01
2.486915898940692260e-01
2.303695035686257886e-01
9.544989142793753878e-01
-8.563014761436691380e-01
-7.646978372233630139e-02
5.220757867008515296e-01
8.513199763748982019e-01
9.714694600290784132e-01
-6.060802707972211545e-01
-4.197541026978046097e-01
9.004453257563622692e-01
1.886684842131429729e-01
9.741731917214039305e-01
7.997485874461834898e-02
6.946848036757212741e-01
3.865335084248479602e-01
6.328202557037871934e-01
1.162733639547943065e+00
1.320105684713986482e+00
9.413183225540699972e-01
-7.919795217395213527e-01
-9.797702843258911942e-01
-4.046984755981284376e-01
-9.401157006190188903e-02
1.642563513561532629e+00
3.233180068684357589e-01
-7.497528345429469443e-01
8.250086603604858126e-01
1.144672551351708423e+00
8.355505748711364866e-01
1.350867990638295435e+00
3.066058496117030630e-01
4.431468898691428016e-01
-1.301326360510686730e-01
3.923789882570600240e-01
2.541231962706659298e-01
1.942724708526102129e+00
-1.956434191389365418e-02
8.566106358707785695e-01
1.076820517754388584e+00
9.436547156770251910e-01
8.508622468592508259e-01
-6.700460902944834762e-01
1.072630335631441945e+00
4.169757873456522712e-01
1.036485245270833411e-01
1.079173261553382002e+00
-1.541150992691728838e-01
-1.808615911544988464e-01
6.568065718512972051e-01
9.684315811256298812e-01
7.704597507801022038e-01
1.736823694856167943e+00
1.663715294839527958e+00
6.450193339367601419e-01
2.320456542213955239e-02
7.042504760360304150e-01
5.555984700708243018e-01
-9.441233713602605049e-02
1.242775505590366425e+00
1.046850923756650786e+00
7.521794932141709911e-01
2.064942656398196075e+00
2.122797160879546785e-01
1.360318067902910766e+00
1.859821699800410899e+00
8.498312509580076002e-01
1.762604732615582481e+00
1.736209102821774930e-01
-8.780567959259635291e-01
5.519074090496406404e-01
1.609147329959197847e+00
-2.983361687460072131e-01
-3.362416481579935112e-01
6.286548306735620928e-01
6.736512684239046589e-01
1.557218930136525570e+00
4.232175789608597083e-01
1.298879040454650413e+00
1.573322014864579010e+00
9.613200450830976518e-01
1.332431543220034820e-01
2.975389224324103132e-01
9.554841226297651202e-01
3.016782533849286518e-01
1.206736834780751444e+00
1.377203338608580463e+00
1.390514792920111375e+00
1.258043561543352507e+00
8.712481146110261365e-01
4.086918713520454882e-01
2.728767377584646603e-01
1.086911069043545508e+00
9.134407477968723432e-01
9.845237556458037442e-01
8.585501178206429440e-01
7.353394363354480712e-01
1.764624205670662915e+00
-5.212382045062103897e-01
-3.415072785890143070e-01
1.691320087784514425e-01
-5.774187902610120604e-01
-5.351320412053829356e-01
1.161248681580769881e+00
1.491204567416857807e-01
-2.684276486629026959e-01
2.081572559794852284e-01
1.026244683093353816e+00
9.376552301387013066e-02
1.389249100707508955e+00
-1.075129137714163352e-01
8.474399127501700546e-01
1.565782559009887498e+00
5.034533157340301823e-01
-5.757683239290597443e-01
6.355331255513285704e-01
1.153474752846199936e+00
-1.156947148195985875e-01
6.533037183505121526e-01
8.638837440773421417e-01
7.489871681893986999e-01
1.408120817657467772e+00
7.959349464294025456e-01
-2.377997837165495357e-02
7.244789842291924353e-01
1.534369042816233764e+00
5.746834117683607968e-02
6.536251213215088507e-01
9.392603823035710064e-01
5.567731148849526523e-02
-4.757977771890770091e-03
6.674434842175053229e-01
-7.337185312887870015e-02
-7.246323684791479425e-02
-5.853827301238475611e-01
1.079288816610340263e+00
-6.243700012841039149e-01
4.967878342360907418e-01
6.787056145696115372e-01
8.606619645660237294e-01
-2.609956523214670976e-01
1.770522082488279247e+00
1.202238241993021539e+00
9.390888967438214552e-01
-8.600565784423565285e-02
-9.509520356567634503e-01
1.547678090688981989e+00
2.287649019433828923e-01
3.411251164809799286e-01
8.609777071575450691e-01
9.022657062477786871e-01
-7.476962471931083432e-01
1.382760076963944762e+00
6.735397578607231761e-01
-6.703759094331717128e-01
9.450607412151565412e-02
4.364330179489570027e-01
1.221962846171330108e+00
1.572072135069179755e+00
2.513170144768636094e-01
9.830183396526839812e-02
-6.423454070243282688e-02
1.208420526714810261e+00
1.367620902402703731e+00
1.350838799739072060e+00
1.019561883290848847e+00
5.254164883141401177e-01
1.135777708851062995e+00
-4.767946138729121652e-01
1.739306928717403444e+00
2.311850254127684884e-02
-8.368000775538131375e-01
1.958530494772965369e-01
-1.917635003433019666e-02
1.524609399916649455e+00
1.324222810045471599e+00
1.653240015236838500e+00
-1.725136599040610896e-01
1.398423319819313670e+00
1.189823735885340739e+00
6.649322023149091265e-01
-3.680255215170404326e-01
9.410143577284556526e-01
1.727473279647798454e-01
5.843742167854362179e-01
4.393728131166486084e-01
7.577148124586963185e-01
1.035521147199205960e-01
4.703989629538239958e-01
1.219280064563785571e+00
-6.345129643974400935e-02
2.487255157237026615e-01
4.147707405427834559e-01
-1.699627197709732696e-01
1.409450013242824484e+00
7.770999852612742176e-01
4.512756201299742975e-01
1.192982496837047934e+00
-1.762257869326011583e-01
3.712224675664660967e-01
-3.953951734619459701e-02
8.431087098251577316e-01
8.761664693559187977e-01
1.269218932006140887e+00
1.213614640426065261e+00
7.487016148975912389e-01
-3.504093219602350678e-02
1.745936160558576589e-01
1.909401387570802688e-01
1.099233698416696159e+00
3.455178949556491075e-01
6.775309492194687699e-01
8.282632215008046694e-01
1.113481759533947457e+00
1.712022857154921474e-01
1.581729351110790383e+00
-4.583796569952978683e-01
1.260746758444323490e+00
-9.528544033089834109e-01
-5.771406854894390870e-01
-5.424260378371867919e-01
1.747001716827530471e+00
1.497134614516068440e+00
4.592169439935798320e-02
1.023468121707768352e+00
9.193283613222857920e-01
9.185748771100800125e-01
4.554739250081791813e-01
6.599931664129984332e-01
5.114248567275261892e-02
-7.656779583687216562e-01
5.882767183955576185e-01
7.912490036753552225e-01
6.455811627587122459e-01
1.810652585016727933e-01
1.632244362718859199e+00
1.280596248461993714e+00
1.130320362111999266e+00
1.269895370676968449e+00
1.430166819307884252e+00
5.049300690236526584e-02
1.092110795010806878e+00
-1.596974734049167177e-01
3.405693444864332231e-01
5.142531630747309013e-01
1.555453999957915778e+00
4.867520049235682933e-01
1.494964949416260902e+00
5.467110908136894043e-01
1.245258759004449489e+00
2.436701224775854047e-01
1.791366739895895455e-01
3.991190921244389123e-01
5.884154487347452722e-01
-2.340581548089895603e-02
-6.364772362220614266e-01
2.755824443298595175e-02
6.867437367434167106e-01
1.979040612805075261e+00
1.413908480214853269e-01
-5.078014597694211485e-01
1.102505572276285761e+00
1.734630749445257303e-01
1.740775825692351397e-01
7.738711637292398082e-01
4.635440097140340332e-01
2.770419528472485848e-01
1.488829444113086264e+00
-2.919979940709238053e-01
1.133290235548713554e+00
5.761194338139625781e-01
-7.070219557942422628e-02
-6.807766506445880883e-02
1.035964000999950230e+00
1.083868406512302096e+00
1.098568910551004585e+00
6.468935758464360308e-01
-7.645346891598264749e-01
-7.696552848280897585e-01
7.315952237276814873e-01
-2.514367965408924044e-01
1.246030278686077741e+00
8.311969757716418661e-01
9.165744628220666712e-01
9.604816678035772437e-01
1.321603627156404670e+00
-5.319363567568624607e-01
-6.081763560287947734e-02
5.737570560013187659e-01
-1.446856844842427103e-01
1.004320898675086643e-01
3.144504858109883338e-01
-7.312787202191348146e-02
-3.451402300061957584e-01
1.107869811100772983e+00
6.590348990695366060e-01
2.347426246108693104e-01
-4.625399244163653362e-03
-1.526124826132381485e-03
6.190008402792076536e-01
1.398304844865324026e-01
6.982189074042273180e-01
1.102883785997912591e+00
2.519111317095162200e-02
1.591471188054195685e-01
-6.837664714583330250e-02
1.267327612521043090e+00
-2.620589242984658340e-02
3.561740325562657850e-01
3.797956429637703302e-01
8.762007455513207699e-01
1.581787973207507969e+00
-5.594129438537512877e-01
4.929093044767956511e-01
3.629916236700567178e-01
2.781493027260737438e-01
5.365995620680186207e-01
6.450934388492061133e-01
-4.983495919901086424e-01
4.653213201643469077e-01
5.078107360479816590e-01
5.736944380082391604e-01
8.823981309526546246e-01
-1.389284309224592395e-01
1.839420468037916423e-01
1.553234460150908491e+00
9.289076738824035839e-01
1.023852496218538910e+00
1.726726633478381956e+00
1.341186640479789416e+00
1.785197592386931875e+00
8.120944311060352971e-01
2.926508695183482542e-02
-5.659932741205222495e-01
9.860504496377254791e-01
4.955529150028599727e-01
2.751242028935756978e-01
1.110486230370660299e-01
7.454700523784584254e-01
1.931778371510232406e-01
7.872515380528087858e-01
1.707034074370369359e+00
-6.917519547145636882e-02
8.770812661354245032e-03
1.549175029161395933e-01
1.382421326504224890e+00
1.212117945669163754e+00
1.455561118139407084e-01
8.140319158898469062e-03
3.808689768760474270e-01
3.472945783710061352e-01
-3.168054573917244987e-01
2.296787671759648319e-01
4.370628039301325818e-01
1.508901736199074417e+00
6.936011621114546166e-01
3.700879529152754643e-01
2.091990412404432786e-01
5.906021798383391808e-01
1.514461961860199102e+00
8.139861936208221682e-02
1.558801102546040651e+00
1.264883402353440989e+00
-1.009790281732747763e+00
-9.034303799756829290e-02
4.914269618805044981e-01
-4.374415645596100438e-02
-1.661913442712539546e-01
7.057570383648341661e-01
2.580136138895139375e-01
1.206681747684015482e+00
5.189741553102806826e-01
-6.493206095225282359e-01
2.346842636893888001e-01
3.887074234260384786e-01
1.856575473517003472e+00
1.151813483603217891e+00
-9.095211748900227100e-01
8.314759091252140744e-01
-3.495104511009353154e-02
4.141572258375296745e-01
-5.155714543140795803e-01
2.436789166622043423e-01
1.719098015712640648e-01
1.251321033616417777e+00
-2.954035230134045009e-01
7.563692375409711843e-01
1.237315754477391894e-01
-8.521064295718315529e-02
1.708974092256274391e+00
1.782079137968127780e+00
8.737603763430432657e-01
4.084588688123359512e-01
5.191509010545030112e-01
-4.282206690316187059e-01
1.093133986212093456e+00
3.033602430562012953e-01
1.001565079967352778e+00
1.390675011814931805e+00
-3.336960366706490100e-01
-7.156758995340454232e-01
-1.071901345476463097e-01
-7.924857870691784933e-01
8.653454565258944520e-01
1.249903005874979156e+00
4.608847571926577569e-01
6.237309540631099658e-01
6.144086512318407411e-01
8.649552827630797580e-01
9.394972879014811262e-01
2.665460656720884391e-01
-4.398864468513984105e-02
1.206735697149299513e+00
1.251429306385016815e+00
-1.969741388495866996e-01
-3.562995989613443881e-01
-1.019605641097193066e-01
-4.499615824844353795e-02
9.276678751638581799e-01
8.875343816671926733e-01
6.790443250135380637e-01
5.166704820739121962e-01
7.945016079770453876e-01
-3.134172433555786064e-03
9.436866172223251636e-01
4.841169041605873913e-01
-5.254827906170298490e-01
-4.301071749920596932e-01
-3.422370536820658615e-01
2.076055926598200929e-01
3.568697111690572465e-01
1.766901971833475526e+00
-1.677792936563736181e-01
1.398525463368651467e+00
8.113517586355386557e-01
1.548512962874730725e-01
9.157596306948204701e-01
3.735231726810132047e-01
-5.543405630866646838e-01
-7.362638163456974860e-02
1.501180597277253503e-01
-1.128546322024116116e-02
9.394202837962186692e-01
1.538262260958938699e+00
-5.564152987901030967e-01
8.193491846171397919e-01
7.230928620519802008e-01
6.397404755482476446e-01
8.341068245882523602e-01
1.124849307332285581e-01
1.029783118945202913e+00
1.631076796864031841e+00
2.828493084802909466e-02
1.680882030731598586e+00
2.121916871483485179e-01
1.578521734199958892e+00
2.978563190850371245e-01
4.783377083047088973e-01
-6.636661750316131814e-01
-3.388797253351508720e-01
6.286424426496187712e-01
-4.469785207478170763e-01
9.939648717905328335e-01
-1.683490068601474487e-01
8.214318265224668236e-01
8.353590631932157340e-01
1.606325674905508538e-01
-8.445895063624200838e-02
-6.747364268672029208e-02
1.210640117724455234e-01
6.131553613883944376e-01
5.230697146582279355e-01
-3.944431024644693418e-01
9.438092408699486624e-01
2.202447822298545521e+00
-1.523086730861799298e-01
1.747255636700020043e+00
7.398819353659229492e-01
1.597743021920073336e-01
8.063516525016894976e-01
-7.900025158591365837e-02
8.243388889260991892e-01
1.126182247771823075e-02
1.107376253817229150e+00
5.975639019048104572e-01
9.065078460239666125e-01
1.356338433332257676e+00
2.822607319299296202e-01
6.077697034807999499e-01
7.571728966042564624e-01
6.435487773045386328e-01
7.237148144986396692e-02
1.126691820867488314e+00
-7.057350614732285088e-01
1.159751920560426530e+00
3.738143138529482212e-01
4.399453132442470160e-01
-3.454418188948790158e-01
6.031763120976282311e-01
1.084946901344235881e+00
-2.365595937779067237e-01
7.889522346994025659e-01
-4.851654352703743678e-01
6.118816099827184551e-01
-1.654156765627211867e-01
1.196195605437610776e-01
8.028373950833882500e-01
9.582819026391047323e-01
-7.200636781307309109e-01
6.699907317156479358e-01
6.407552822708205698e-01
1.343697900048355098e+00
1.205729698080760803e+00
6.769457318887597275e-01
5.897873208865962447e-01
4.766543953021923907e-01
7.943608036029684571e-01
6.390537738797432699e-01
-2.511106367363586389e-01
1.470622277019815183e+00
5.544023020194182028e-01
2.616066370014774600e-01
-8.648215699361269659e-02
4.782285733385189253e-01
7.875989896991358874e-01
-1.486187268348465595e-01
1.436127046962893061e+00
7.520012440764507478e-01
1.285956108644783491e+00
1.204901418779700917e+00
7.561737763692629732e-01
6.039162255221330877e-01
-9.431184412793514049e-01
2.398553633199359825e-01
2.484495141787849970e-01
-7.866911918730917774e-02
2.914292716349038970e-01
4.048841003100097646e-01
1.380998962153659582e+00
-2.366589940246800750e-02
8.895224157490410066e-01
1.638658063658824604e+00
1.502339774742848189e+00
-4.794858173651022071e-01
6.807065984599331987e-01
2.399982380695732942e-01
5.509054789384033590e-01
1.987684657379034103e-01
9.191441522451861967e-01
-5.120552685129805409e-02
5.896225567328692296e-01
1.744176489225869320e-01
-1.177587465156055280e-01
-7.063382261426645603e-02
-1.063226452260185584e-01
-4.224489482907368143e-01
1.854548053372856220e+00
-6.990960493061991465e-02
3.940609767182997047e-01
5.417644179376325253e-01
7.307089062988554318e-01
6.198782711870748363e-01
7.534163745162111292e-01
-9.046269067183523305e-01
-6.719911553115620606e-01
5.573561854446862363e-01
9.309276891980861057e-01
1.370937773768732049e+00
4.582775523249165706e-01
1.605231737397605496e-01
1.547446303443384963e+00
8.264794691400538795e-01
-1.138447816763131643e-01
1.124108927413348002e+00
1.125299152620321763e+00
-7.638302485929934771e-04
5.289648580342670714e-01
1.315541379246290887e+00
-2.780337395388573496e-01
-2.354924807599226844e-01
4.363712051564764827e-01
1.307755755397174979e-01
6.454556637472789182e-01
1.041968295559752011e+00
1.415153970415475859e+00
1.056393455693837469e+00
1.077768756192853949e+00
-6.736321245805453051e-02
7.330656938279126456e-01
4.825826762819941940e-01
6.064169746925414106e-01
1.101509543147580483e-01
3.832524649202745382e-01
5.740325567324673361e-01
7.177861607781330644e-01
-2.864880660820696145e-01
-1.818557040403588621e-02
-1.419506597562157357e-01
1.133639385505236019e+00
-7.077776024647690623e-01
-8.188402310760551917e-01
-8.227292955265731733e-02
-6.670397973746351739e-02
5.350016927077535511e-01
1.495509920708691709e+00
4.423828131088604065e-01
3.840297554295571403e-01
7.752791967018668462e-02
1.402888490196402826e-01
6.822921846948484248e-01
8.282972986916697922e-01
2.582597599709475777e-01
-6.123366012806921166e-01
-2.629166390929765784e-02
-7.914968124453365395e-01
-3.126904412860651711e-02
2.571881117567841324e-01
-7.923723575589217694e-01
1.962736415358455611e-01
1.086739677161365991e+00
-6.905053529692672942e-01
1.229389247700838572e+00
1.119506352890086376e+00
1.125564368236297436e-02
1.075147207724153064e+00
1.269211333018675170e+00
-5.722899965814600559e-02
4.903539874990859859e-01
1.096207011324946468e+00
1.238174788878144694e+00
1.977714576768275223e-01
8.543614813071903624e-01
1.398088561311054523e+00
5.298904072871692961e-01
4.081206990753435404e-01
6.806120489292558640e-01
4.132085044035782584e-01
-5.055436982110231847e-01
8.487864557036705060e-01
1.728116778364517270e+00
5.747698236154523410e-02
1.388390733113332498e+00
2.962309717968247269e-01
9.411361062675708267e-01
3.221598453223309955e-01
-1.739053623842864993e-01
6.483703762613051147e-01
8.419280156303444729e-01
1.117500452352120810e+00
1.191439605673715096e+00
5.151894226173601155e-01
4.703201421014991390e-01
3.089889818402676847e-01
1.392063911215132732e+00
9.611080094888799774e-01
1.729075671331773201e+00
6.095825055945480742e-01
9.402201939360492755e-01
2.236216517433201600e-01
2.177336902854407175e+00
-3.243925242398845166e-01
1.808053878403690362e+00
1.406325199815410043e+00
7.008827239405766019e-01
-4.156649994121883879e-02
8.853794646906560928e-01
4.368701705970512439e-01
1.611666201163966861e+00
1.110168761043098140e+00
1.117262329048853919e+00
-5.008232535421281995e-01
1.632384910048132021e+00
1.637422035011851795e-01
8.058445326245115836e-02
2.908829795062629620e-01
1.299373507511372150e-01
1.364876813498648422e+00
1.010882530032517712e+00
1.147741609129169005e+00
3.675828679520404263e-01
1.108570969443137266e-01
5.193670242018818550e-01
1.482967859207895700e-01
1.270331281054763339e+00
4.095503892622581743e-01
-9.871309355324324741e-01
4.942524358882507962e-01
-5.566694981504969331e-01
1.351218329582378974e+00
9.976297278916731459e-01
6.962804915751487078e-01
-9.962448375450991267e-02
3.922184988075413381e-01
3.209282239398658088e-01
1.040908773344473515e+00
-3.226413443286079707e-01
1.041913609131901230e+00
2.857592530330050340e-01
-1.383680121486716430e-01
1.004125123885110549e+00
2.431194723345096176e-01
5.864054323463918639e-01
6.179938454156348460e-01
5.108858861696941034e-01
6.940927687204937468e-01
1.710934680166264821e+00
8.139164747564752167e-01
-8.320858691447531319e-01
2.572263483448492538e-01
7.276457266943006652e-02
1.308072337146223507e+00
4.652818895635821295e-01
-1.346286137972857455e-01
-1.513500821181569256e-01
1.666138260887674472e+00
5.023332061501519785e-01
3.804546772582272918e-01
-2.953362222169335360e-02
5.272579495690594698e-01
-5.404388441253861475e-02
1.333488601624118530e+00
1.373354022394429386e+00
1.322206877733216601e-01
1.690620200564219577e-01
4.113999629404811731e-02
1.447372815019057679e+00
6.184845925821742529e-01
3.392131030473135578e-01
6.263974797934371841e-01
-8.481368188023375998e-01
-4.243299872960174524e-01
2.685019893162202687e-01
6.216355066516136840e-02
4.859974882380435623e-01
4.051134203946114842e-02
-8.203695372190671353e-01
-1.170927572433291819e-01
2.966068422432636270e-02
2.078848456299263181e-01
7.843007000190150846e-01
-1.052444536129742425e-01
6.289603066181239654e-01
5.399368316368508003e-01
-8.159617025081256081e-02
4.592177142613708407e-02
3.477275038347056590e-04
9.949008897837295917e-01
8.238138155760540426e-01
1.505565766016391471e+00
7.157032117382100544e-01
9.787314792937975572e-01
3.492819256609057121e-01
2.739665026363695133e-01
6.355105579343557354e-01
6.785931007496968093e-01
1.855960040809174205e-01
-3.303056515920039793e-01
1.073297306631719517e+00
1.058463013538278652e+00
6.266243328142774294e-01
1.585882968080309707e+00
5.891241790182458749e-01
9.559063753110441652e-01
7.669212975414619882e-01
4.789971775296089640e-01
-2.539342782460325687e-02
1.291706104622504458e+00
4.026572509706909941e-01
8.668386107366905513e-01
6.734521784516708243e-01
9.721338669094851115e-01
-1.384819705604423412e-01
-5.247822704058097143e-01
7.718848158366879986e-01
1.860531379944596608e-01
8.410471268309704929e-01
1.255071833446319562e+00
4.986849857903888905e-01
-1.359198881657690955e-02
1.356749500913769557e+00
7.685296514961201808e-01
7.397997824391316923e-01
8.281924211593932883e-01
1.178245411635628903e-01
9.730107443507272080e-01
1.420704795686055899e+00
-3.114367240566632278e-01
1.585779418227662330e+00
-2.779182191397854690e-02
9.488935735205795696e-01
1.108457629874994438e-01
1.230190009013080621e+00
-6.149293183037446431e-02
3.472788233302707972e-02
1.149982524206223378e+00
-6.069094916516166727e-01
8.927801320554800135e-01
2.131375083846840379e-01
-1.264068134131314247e+00
1.508297251926391302e+00
8.529538548825716937e-01
-1.172621320329668482e+00
1.907382956562576171e+00
1.838597732677112184e-01
6.871672905370027618e-01
8.341803903516995522e-01
-7.163480766084658891e-01
1.161098876147392378e+00
1.120621353988451530e+00
4.309541087989940955e-01
-6.273854948663573627e-02
1.542918578002145269e+00
-5.344983945353685151e-01
1.252101597572439218e+00
4.643509030928579251e-01
6.026597522234469206e-01
8.992218858585449004e-01
1.381336149063969954e+00
1.286970089559186903e+00
-1.260540549049627701e-01
5.804742763543412065e-02
-9.161457968482952241e-01
1.292205027528753769e+00
1.132095858312412107e+00
2.077619239452359601e-01
1.257201424540173695e+00
9.932053923875708290e-04
9.888380634680381531e-01
1.409096263137161298e+00
1.383278502666504872e+00
-8.857865578482837510e-01
4.393275629338611599e-01
8.316559883198647585e-01
1.295409019757298053e+00
1.537431972762675347e-01
2.682969778963096852e-01
1.567978439338141738e+00
-2.050510971343807443e-01
1.028303518262350558e+00
2.373571421039481488e-01
-1.954285803007224098e-01
1.723437097989723998e+00
3.273359973079982277e-01
1.019174644797091078e+00
7.547057627140514313e-01
1.209829534374010640e+00
1.411499241132679217e+00
1.715167558605571185e-01
5.981314156557970829e-01
1.019005239394450646e+00
9.062374411098256255e-01
9.607740413672477553e-01
1.531505777913953203e-01
1.310449056386202793e+00
5.363959908675583477e-02
3.654303890217592277e-01
7.418741435262694583e-01
-8.588801791926780060e-01
7.060064500179629166e-01
6.118414329349139980e-01
1.643180183995018195e+00
1.173354673231589373e+00
1.206922318731166621e+00
2.236677415428374172e-01
7.226522403463612187e-01
1.705913713386069563e+00
6.828045713101098535e-01
5.785696709321527242e-01
-4.902945645888682757e-01
5.757559983780561469e-02
-4.412133994170479578e-01
1.114041657033594118e-01
6.438450406568072548e-01
6.776614972307315465e-01
1.970936807142324998e+00
4.317264164742234955e-01
1.651679118135945257e-01
5.329216985600832013e-01
-3.085559918940650737e-01
1.397389348672830600e+00
1.329081843849926337e-01
3.364435511658530609e-01
6.908188478291918955e-01
3.161231365861965070e-01
1.289033868446481934e+00
1.190546019976805175e-01
-5.600826507186266179e-01
1.702053475976865071e+00
9.085188902745430228e-01
6.329801552444372717e-03
2.389579954595318356e-01
1.760804618958549117e-01
1.091373625789038959e+00
1.292031500603209482e+00
-1.961051407591767048e-01
4.989801207572680530e-01
1.635064224383120823e+00
6.630020730846265531e-01
-4.449836140282496799e-02
-6.138946474278851317e-01
-3.339095132846654074e-02
7.845648491274409553e-01
-4.090127246520269821e-01
7.151862403085720299e-01
6.617145930654857455e-01
1.708100245182369026e+00
1.397966502066411820e+00
1.132469904745769584e+00
-1.017613235943485711e-01
1.108465906608609330e+00
1.546033888933686651e+00
-3.458961249998230847e-01
-1.461191025544718858e-01
1.099630901195819410e+00
4.444442203528010671e-01
3.809868385104849264e-01
3.973279822537613692e-01
1.054460461195899201e+00
-5.179065191685906511e-01
-2.752002192860491525e-01
1.228518879595627833e-01
6.294125862024859686e-01
1.450136897365121191e+00
8.414635004662535112e-01
1.685928149802937703e+00
5.021518890414053971e-01
1.004116160902060129e+00
7.297462843995385917e-01
1.615081209312227095e+00
-6.762441406317890036e-02
3.079296814629187695e-01
-1.886882062269150673e-01
7.974367937793552796e-01
3.295035973042976796e-01
9.013145153933546094e-01
1.436003929040482685e+00
-3.893996417183085423e-01
1.276489771572047127e+00
-2.482560369885077056e-01
-2.012756133700494554e-01
3.799877875496636692e-01
3.174058933121676751e-01
-3.995591622736529569e-01
8.443896064409192048e-01
6.096953489128115189e-01
1.573238617263231109e+00
9.732065951627564271e-01
1.991496547601125933e-01
1.486057700215603905e+00
-1.807864511886072834e-01
-2.226596901567432507e-01
4.848007760839754265e-01
2.511216295585734157e-02
-4.891749589345719684e-01
1.338955038944737996e+00
1.336044696613070570e+00
4.444414944443277893e-01
3.243065483176347241e-01
7.464466077363285379e-01
-6.504394797198745359e-02
4.358012367399952680e-01
-2.191702032816639223e-01
1.036845970067873379e+00
-2.770075321703579507e-01
8.746080143495293946e-01
1.165724584056560875e+00
3.951773529238743476e-01
5.582365049165752824e-01
3.627059685365546793e-01
-2.274007906893533298e-02
3.697470110320527636e-01
1.244282816837245953e+00
-5.150901734327751891e-01
3.066389083227489265e-01
-6.130472424493567107e-01
1.874253647230254671e+00
8.198753267069432971e-01
-1.025040698246505899e+00
9.541770990136877462e-01
-1.074871723850411021e-02
-1.243872394779006185e-01
2.632540213634497472e-02
-3.036580555791650871e-01
3.402810499485483531e-01
-2.028736917874580936e-01
1.406384807904286882e+00
3.916695594230283350e-01
2.625752878849599986e-02
1.372094804190015171e+00
-6.442681039805240317e-01
4.549802546020583205e-01
5.095057805452338773e-01
-7.545912257572693349e-01
1.064029764812666756e-01
-1.050595360035366521e-01
1.264014566346388424e+00
-5.455319088033688812e-02
2.817309045593158201e-01
-2.167730637054211817e-01
1.147241592912781188e-01
1.218799069687710235e+00
-1.829976657128159351e-02
1.151977895107228145e+00
4.275841434550310682e-02
-4.668665443355507483e-01
1.406251190748338153e+00
-1.840977531003509804e-01
-5.695865095000837014e-02
3.589867198861652620e-01
9.507581517409806615e-01
1.774004670404755180e-01
1.072112554583771887e-01
-8.369150212692275659e-01
4.517048783449950644e-01
1.333726743512342106e+00
8.645852101325440797e-02
1.188698448862701262e+00
1.113532303461846951e+00
3.970123673906533757e-01
-5.792482038515882614e-01
5.541330847661010139e-01
2.933362006083502505e-01
4.924215652481805927e-01
-8.526705035170812907e-01
2.525982586517631079e-01
-5.832591512461411387e-01
-2.490706844025474542e-01
9.959451536454149156e-01
3.437993800739375105e-01
4.510517848451879863e-01
8.069244661842872590e-01
1.609059065900830809e+00
4.370195453392167195e-01
1.200561835039572367e+00
1.253191174752730452e+00
1.063385770161315635e+00
4.655557155221501375e-01
1.656646577727906688e+00
6.038537267856560753e-01
-3.525921948350775326e-01
5.138524824449473005e-01
-3.821463109860734342e-01
-6.415940219754487361e-02
-6.281502868983670496e-01
5.486410116791770042e-01
6.678828045976358263e-01
2.904434932770315336e-02
4.733892562853476149e-01
5.737758961523490298e-01
1.271996815981327189e-01
1.140434676021357951e-01
7.814823688577021699e-01
8.726707204845474131e-01
9.113262946387921115e-01
9.882136092387129311e-01
-1.702490219612748379e-01
1.358694215102412173e+00
-9.835841112617579318e-01
3.074886276422879594e-01
5.309052687218253075e-01
1.399967862980244115e+00
3.837408392163615956e-01
8.561833957883594470e-01
1.796759014289925349e-01
9.511749822184086822e-01
1.355580318176968557e+00
6.580726860702218461e-01
1.239828814456964023e+00
1.374292205661448385e+00
1.346994606070889056e+00
1.241397388524796641e+00
1.768706747863509454e+00
-4.906614983140117903e-01
-2.564363696930908598e-01
1.722978879311816147e-01
1.309222539537687080e+00
1.608784116213020920e-01
8.552487657862356540e-01
-5.893414195080695639e-02
-8.504962798936686053e-01
9.391223531190320828e-02
-1.372085384713464806e-01
-7.838977511164148260e-02
1.102943902069873472e+00
3.257813234819766091e-03
3.600898946248561328e-01
3.294158812212490961e-01
2.059162640458973292e-01
-4.662305864895053831e-01
4.451748990937046679e-01
1.811293820858851378e+00
2.376395142619004974e-01
3.988454932833452871e-01
-4.324036175269568849e-01
1.423074851601927593e+00
7.555134887554344481e-01
4.996285135860101256e-01
3.527428210504023887e-01
-4.276320293663502525e-01
5.378981547327736923e-01
-4.620552186503656400e-01
3.527635903025961306e-01
-5.087343975951053032e-01
1.442279757074259594e-01
-3.230596999589947504e-01
1.172040446544263093e+00
1.100023542451388225e+00
1.136722580272361061e+00
-1.676372750275787471e-01
-3.625031081754577778e-01
-2.606040769236213639e-01
2.659719903111339434e-01
2.035149518866855023e-02
1.695033188299403193e+00
-1.462373286875321421e-01
1.927793079034833212e+00
1.086413140220639173e+00
-1.704102408194427265e-01
9.795522400752815217e-01
-2.071604096829065544e-01
6.125914256721126661e-01
1.222850196820858715e+00
-2.607033964786591440e-01
-4.859998646416160417e-01
5.402517543150832102e-01
2.173550901282176984e+00
5.417365036345903606e-01
6.343256960057758187e-01
6.865156021000391462e-01
2.193428988697533610e-01
1.187057647704400365e+00
1.387923471607635406e+00
1.216363700732434383e+00
3.406624803522502742e-01
2.577728763018228286e-01
1.250888101970195176e+00
1.469743709710857660e+00
8.779608071760495180e-01
-1.071018127654533095e-02
1.016215574291833956e+00
5.492732957575955366e-01
5.561322160957497124e-02
-7.960997060245894597e-02
2.100112441194773860e-01
1.516748971431775561e-01
6.338153867542599684e-01
4.527853458920633734e-01
5.441691738419459634e-01
5.646496112991384875e-01
4.598109729096384601e-01
5.560402625494593742e-01
-9.898597143463416792e-03
5.929854478515028671e-01
-1.123637321486420232e-01
1.857419880981109606e-01
6.406860718826925538e-01
3.963729607467118554e-01
-2.247582216163230562e-01
-2.643184409604533158e-01
-1.002976702908167234e-01
8.080175668890949847e-01
3.409649369297335086e-01
6.591358503621129739e-01
1.248036923818795607e+00
1.317807759409527435e+00
7.981706116770226345e-01
-5.194296208129686176e-01
1.161723871270815112e+00
-4.706087886702638445e-01
1.164223855778448558e+00
1.095635495230387724e+00
8.183581660801034774e-01
2.189946758556950090e+00
2.041142836741265815e-02
2.633568819307044451e-01
8.819585503314978370e-01
-5.740638638604506072e-01
-7.484172271201846582e-01
1.449559624489548781e+00
1.556982225190777891e+00
8.241465536272540859e-01
8.107181666390859132e-01
1.905882141924842399e+00
1.160073433305552210e-01
8.808188151934333021e-01
6.942643430547187355e-01
9.651848450875126773e-01
5.249799940946474619e-01
5.396445990033751361e-01
-2.044003321965947861e-01
6.091784663604093986e-01
-3.797694127973095246e-01
-7.737148600713754654e-01
-2.974165885977720358e-01
-4.356755905242205573e-01
5.809859135763466575e-01
-3.818148951171381755e-01
-4.163569239967482849e-01
1.175447640487440548e+00
1.679703560623428682e-01
-2.171858731031273138e-01
1.452624232783412406e-01
1.695483491748336624e-01
1.253871682115853092e+00
5.660389853521831105e-01
4.108836910111330343e-01
-1.594730180334205383e-01
7.576124574231868358e-01
1.078006465423469659e-02
1.284116798971059126e+00
1.158597355752570612e+00
8.502229161550096670e-01
9.946156002009272079e-01
-4.337283813507450403e-02
4.080279258813234583e-02
-5.774321851359847518e-02
6.917117993243557805e-01
4.987294038632299475e-01
-1.975721454225677076e-01
1.722230574760973409e-01
1.500801117427969511e-01
9.593702476295169479e-01
6.563195885042574229e-01
-4.379751437326607766e-01
6.461096408381200584e-01
9.525051447635400903e-01
4.163210908252058529e-01
5.105679857024478241e-02
9.081384588530976298e-01
1.140770997179103352e+00
-2.314502694071632338e-01
9.907468710518216315e-02
6.260733955694920416e-01
6.110778084453475367e-01
1.838465769915737624e+00
5.210403620075959585e-01
1.383542834729291737e+00
-4.134159382122640780e-01
-2.236232307379455442e-01
1.134249935114796992e+00
4.757143796553534587e-01
9.024867561549702044e-01
1.029646516503784914e+00
3.586974073425726051e-01
8.263645117358865422e-01
6.635863138530473382e-01
8.830148398788352226e-01
1.040793637073167410e+00
5.670164427959076825e-01
4.021387172839519519e-01
1.212550743109516160e+00
4.545358037518275052e-01
-8.000875116479792826e-02
-5.566232349967116244e-01
-3.783546532340242158e-02
1.194626726170898490e+00
2.001303607325308764e+00
1.255600916108417398e+00
7.945062378247551571e-01
3.238440738453086110e-01
2.293134398765345194e-01
1.694576596642173749e+00
9.470236885282957706e-01
-6.244631051447571690e-02
6.047392416464939524e-01
-7.392331407990557213e-02
7.224536725594805642e-01
-3.967162362783778484e-03
1.142756425771410012e+00
1.166974231481625823e+00
8.814817671917150044e-01
1.327952973300080552e+00
5.239121489456585179e-01
-9.298904416176131948e-02
-5.470458891245135735e-01
7.519656292998584401e-01
1.484603847531180465e+00
5.045725856648584084e-01
-1.639501453908060791e+00
5.016624940832232760e-01
7.710635845917485076e-01
3.633614585002568065e-01
-3.472057179197294841e-01
5.083141786558323938e-01
1.389483175055674646e+00
1.120645346339831150e+00
3.535888830868035848e-01
-1.767565565118194293e-01
1.518912583738781352e+00
-6.478372460319596626e-02
8.965244893845919494e-01
3.372576521991514364e-01
6.606430006525021437e-01
7.478165015083200196e-01
-2.449344702865272061e-01
1.175435022159320830e+00
-2.605029578111224819e-01
-6.072573769666811394e-01
1.203797213101777119e-01
-7.427150236978686815e-01
2.012820598698435715e-01
7.564742495221147278e-01
1.353551866303583484e+00
1.161435863232430199e+00
9.755144404788171353e-02
-9.184920826555330320e-03
7.566975543869088883e-01
8.322966747376193686e-01
5.598761996423835541e-01
1.230660651994806232e+00
9.939560073444460020e-01
2.072199755047022252e-01
7.921016169361095871e-01
1.224382496123149533e+00
1.313472863828392789e+00
7.099283352802781000e-01
-9.717894073196038374e-01
8.772461022093291927e-01
6.892737722390895883e-01
8.121158139801428755e-01
-2.544797149884170939e-01
1.181243177700131763e+00
1.348298740051897093e+00
5.166601303522663224e-01
2.503396831106110554e-01
8.249991841465050824e-01
1.096140932405958113e+00
-3.785794792814537457e-01
-7.635980718220537478e-01
2.263365094830768198e-01
2.139959866470327210e+00
4.315973132743210483e-01
1.313970912433682692e+00
1.501747517900554163e+00
-1.396560816040557929e-01
9.811754843285164229e-01
7.780576777705614511e-01
1.503451246380077322e+00
-2.133621315114884731e-01
9.229069780337286755e-01
2.188376300997735946e+00
-1.787709039210539086e-01
1.328094401397112545e+00
7.836653922522172078e-01
-5.253401009068309202e-01
9.236950033288697792e-01
7.302417777242915520e-01
6.449982517791492675e-01
1.014332335195554657e+00
1.451463539314024942e+00
2.899069274641166150e-01
5.864513862848003134e-01
1.057244105024940817e+00
4.820739935103429685e-01
1.040940213912786128e+00
-3.818841745009466382e-01
-9.035377055471809082e-02
9.338630353312823429e-01
-1.426130827996850148e-01
1.124601059071353104e+00
1.221970170349685691e+00
1.425770381527676489e-01
-5.627521690410317579e-01
6.537870133529410932e-01
-7.130936487008673885e-02
1.128770219967487387e+00
-2.891584938151611217e-01
4.438496829503346119e-01
2.889435921764526016e-01
7.109292185575508682e-01
2.684586377376596555e-01
9.805257967883800330e-01
7.405066633704268098e-01
-7.787941622521264984e-01
-1.084834672099389413e-01
9.567363551673624400e-01
7.046881847553189138e-01
6.014442581449652714e-01
4.006144856170605895e-01
6.312974297140747648e-01
-1.462625674886375293e-01
1.120188439089910171e+00
8.796162799183208092e-01
-6.997743828515193276e-02
1.867787186867664984e+00
1.226906114980143458e+00
4.396685326114563308e-01
1.013742068175671029e+00
1.614712036193303168e+00
-3.357014666720474216e-01
-1.043687125522234860e+00
-3.521742481055558094e-01
1.552197726517255738e+00
1.279033188508887253e+00
6.795154400671405970e-01
9.997523076670958853e-01
3.842664289836085212e-01
5.131266194301250527e-01
-2.626841937594548981e-01
6.844763205348015633e-01
-1.769473915940574793e-01
-1.177688290502964530e-01
-7.766589299722380380e-02
9.060714995169255603e-01
-2.663462701715326175e-01
-1.538539366720990953e-01
8.273936507024268749e-01
5.334814734834506522e-01
7.116165001939613877e-01
4.005345494923442384e-01
3.733978792270106761e-01
1.113902422202192932e+00
1.682380261543557076e-01
1.702131609117303879e-01
-2.128926314948934584e-01
8.520671235299754898e-01
-3.259731958159196585e-01
1.024563605821208478e-01
-1.376545165634134871e-01
-3.671648131738490528e-02
3.055667792032980001e-01
5.448589057905368904e-02
1.324337534915166259e+00
8.927700373693793212e-01
-2.165647569720381138e-01
-3.085177485281606624e-01
1.092204124783250352e+00
9.746800600085977484e-01
-1.286805543402230745e-01
-3.698625325552977461e-03
2.233162185069900996e-01
1.279080449312682832e-01
7.470256275002279400e-01
3.248316034001294539e-01
7.799148891880126611e-01
1.534724344244077665e+00
-3.409950621958247052e-01
1.698515548189704905e-01
2.724042524314451708e-01
-2.933301427943159068e-01
1.847586476491751839e-01
1.079819892954342553e+00
1.508471485462699047e+00
2.496284533076691819e-02
2.397084041543273425e-01
9.521402259920173083e-01
-3.592406914550508867e-01
-2.584121480323135489e-01
2.765308129573967877e-01
1.523142616457841214e+00
-1.539736516016170509e-01
3.167841312542712950e-02
-2.116956545096870257e-01
-3.087137790040606622e-01
9.741713107657464787e-01
-4.359591725219327807e-01
3.415133631210304777e-01
1.240928613703372374e+00
7.493452224076960766e-01
4.813393769828824276e-01
-1.035346775653983808e+00
1.184189311429304725e+00
5.905011147470039523e-01
-4.335806651297166581e-02
7.371132735139629411e-01
7.732510534127906565e-01
1.453281629725189372e+00
1.190199229978242901e+00
1.168715857258320723e+00
1.074490093713201366e+00
6.623394619387530380e-01
9.203866854598832248e-01
1.151501129879470842e+00
-4.397845303085251012e-01
-5.123803373905065628e-02
7.931732795629297117e-01
3.535459898569351944e-01
8.292782935137733569e-01
1.935004296321242712e-01
5.913322298704386526e-01
5.255670473589528768e-01
3.706773606305903690e-01
8.520123475692993331e-01
1.041661705551113704e+00
-1.368700787461481910e-02
1.147447062512876537e+00
4.725527948906166342e-01
5.196514451330929152e-01
6.200390806822924095e-01
1.261712615515151681e+00
-3.539117936880009085e-01
1.155011622668100202e+00
2.447311715838677570e-01
4.052278985021940394e-01
-8.083837831337536972e-01
-8.636851392967647145e-01
1.072029405797196855e+00
1.600729115943399616e+00
-6.271744732396448141e-01
8.764046267927730893e-01
-3.230288465268540965e-02
6.691736283718946465e-01
1.410498247751130751e+00
7.150617034735743394e-01
1.749978416075067988e+00
9.040662719334181530e-01
-5.303693645946514490e-01
5.938427978625743231e-01
8.282587184686022175e-01
1.356056472591191664e+00
7.628243861194540232e-01
1.142233929191133424e+00
1.112236774705458453e+00
1.210291527357713504e+00
5.968191453384823486e-01
3.731706406956675770e-01
-1.074157326225320952e-01
1.117746883974664929e+00
1.390148961342622780e+00
6.628290370803512355e-01
1.233752579328200705e+00
-2.550497461664141818e-01
7.791637075519525224e-01
1.383334553550457757e+00
3.321883404306532062e-01
-4.046530341005892817e-01
1.289583120247013159e+00
1.566665051699479561e+00
5.851222429833545791e-01
1.689130075230567352e+00
1.062195685578796400e+00
1.346711527477008952e+00
7.810719518356604718e-01
1.764769284288066675e+00
9.864250915735595093e-01
6.587420142386354316e-01
-2.690486689795586472e-01
-9.864477806909789648e-02
-2.085894679424940279e-01
-3.148058439298391242e-01
-8.803122406920280696e-01
4.128141289757066290e-01
1.142770042043625700e-01
1.473505987038658205e+00
-4.122424890585918988e-01
-4.351708658181894784e-01
2.289791204782109180e+00
-2.574765694717150444e-01
-5.130619921550780976e-02
9.728890747403476369e-02
1.262405810013023766e+00
-4.881587401623805889e-01
1.468836623195974855e+00
3.808335230158722551e-01
4.246530420570047148e-01
1.253044536450579560e+00
4.688338848412923476e-01
-4.280342616783259779e-01
9.229254492285854372e-01
1.108662809302282337e+00
-8.451070985482803666e-01
4.501547223942898301e-01
6.323291507637152087e-01
8.957096123753082173e-01
5.077282526944099095e-01
9.499740692040020695e-01
9.705565846000758778e-01
1.476015906474867467e+00
-2.896900349933558827e-01
1.650831747218470813e+00
-1.216956051988640430e+00
9.301782569393034494e-01
8.771116398595571462e-02
9.051428829681625876e-01
-4.023089289736602736e-01
1.261326905697910394e-01
1.177519616100294764e+00
-3.202390363088691849e-01
1.351589072046979423e+00
2.144023929662125794e-01
-2.845778642639283929e-01
5.492296238248501883e-01
7.443465100204722518e-01
6.969348354195238349e-01
1.523318234250995662e+00
1.092021907745734266e+00
1.918615104215699141e+00
1.760713744607329545e-01
6.251514610251484444e-03
1.680189834728052389e+00
9.624987861991621818e-01
-2.260279461302002468e-01
8.338077507624073181e-01
-3.872122052559557881e-01
8.699930583125614625e-01
1.512469796879492678e+00
-2.621731040089880782e-01
-3.231374536708325751e-01
7.215299135233027572e-01
-1.688575701575490418e-01
-7.033588887086800190e-01
1.534190831754410900e-01
3.722448489376762315e-01
-1.106492929242428369e+00
7.065446036532350149e-01
7.147595394481242037e-01
-3.591497415572355578e-01
4.259731687793664179e-01
1.677072341633043084e+00
1.306193083561958179e+00
-7.405320568445419305e-01
-8.623934820630868581e-01
5.754843753847512788e-01
1.678491649793892648e+00
1.109575174177205081e+00
1.192416133949578905e+00
9.526107710062670098e-01
-9.449038167195267235e-01
5.352355693826698069e-01
5.937011090956455517e-01
1.525541940834652666e+00
-5.167582093814914179e-01
-2.529688610176637417e-02
-7.309481296410450524e-01
7.930694892731096068e-01
9.289198856312923525e-01
6.556643674512283582e-01
1.971840001807070863e-01
1.302032972480772877e+00
1.787758098136251750e+00
1.314011473104038097e-01
2.270133476441664466e-03
1.504034441848889070e-01
6.201422689631838070e-01
-6.146340624934594210e-01
-1.113651013555417846e-01
-4.284931091988540552e-02
1.927031394755453764e-01
-1.681419868993178079e-01
9.394436179676569632e-01
3.107659057807192204e-01
2.540046420887943635e-01
9.083858525321669708e-01
4.017699601159836487e-01
-1.559710361129040823e-01
9.217508162377260339e-01
8.658577604832593533e-01
4.510130440715407474e-01
-3.843103312276514860e-02
9.599166161212147053e-01
-1.539480649766088449e-01
1.277706793595993207e-01
7.407436484385312436e-01
6.163282396296648064e-02
9.088538998671021885e-01
6.395252865578198165e-01
6.478961306703449052e-01
3.152796333548224528e-01
1.990883846735904683e+00
2.764405054821655883e-01
-4.011348835986182082e-01
1.023394741448049317e+00
7.873572815907072808e-01
4.904536280499087741e-01
3.179073698540200166e-01
-9.441558654107290449e-01
6.367725659464118504e-02
1.368571699678859721e+00
4.249527125827245455e-01
-7.123850382708344364e-01
1.294203116972871825e+00
1.052341673092671348e+00
7.711434290202052733e-01
4.223115612232172245e-01
1.036573714433967730e+00
9.002736192170772422e-02
4.842649740943331949e-02
8.667607885662365064e-01
1.856920200753076289e+00
-1.779231633999605322e-01
-2.808032092577296135e-01
5.408594529528147898e-01
2.219928401314648636e-01
9.588484774943576427e-01
9.770288225689612860e-01
-4.766828388277394302e-02
8.040498976324457203e-01
4.454529494363169140e-01
-5.061098264294753291e-01
2.939481866541120425e-01
5.574689719232873708e-01
8.522389096383173879e-01
1.410987227752578788e+00
7.931766015834639250e-01
6.633785112708473486e-01
1.227600231985036094e+00
1.457834343268950006e+00
1.753786786920482899e-01
1.268901420994274165e+00
3.650117436065389298e-01
1.213570473836599772e+00
1.886625015534935390e-01
-8.325326057556530213e-01
-5.026861438412386640e-01
1.000131627386777300e+00
8.197729424861898151e-01
4.065750528455053803e-01
-5.091328199634066742e-02
8.090292973787438502e-01
-1.901869373122546947e-01
9.270337600618557827e-01
1.280222243291432527e+00
-4.839653090299481097e-02
1.352289856295699755e+00
5.236545940788046583e-01
1.453189708567311333e+00
7.262073336254533107e-01
1.110559233992861883e-01
9.572052556890273678e-01
1.631325400264617809e+00
1.303158528163406826e+00
3.442357298003262400e-02
1.090221722184024689e+00
-3.892517012848111246e-01
-7.946736133580309391e-02
1.002204904895455773e+00
2.381259706511793250e-01
1.071700771761987081e+00
-1.871545398904985724e-01
6.926081113869705375e-01
7.363405067133729220e-01
1.428082989583050910e+00
-2.118199684155126217e-01
-9.301553038895547798e-02
6.461195334018395020e-02
-4.462714535173601949e-01
1.968471681295680953e-01
1.020318081512101349e+00
-3.355734014153843869e-03
7.271181982842007674e-01
1.143374401447668554e+00
3.441053129660616161e-01
9.988035822104810446e-01
1.127227392579338350e+00
-2.070742074732606075e-01
1.258967126232279909e+00
-3.178098691629354655e-01
7.842686487623705682e-01
1.473823973426529932e+00
1.757403069085866631e-01
1.447040738588111441e+00
1.488823800533049191e+00
1.087593601603544125e+00
1.105330065097613224e+00
3.680129745323716950e-01
1.488401946944748033e+00
-5.099714649123089361e-01
7.552378381297876198e-01
1.201550869765495577e-01
-7.894312887507803911e-02
8.906074806973743874e-01
-1.167476081629863736e-02
1.040563996184823981e-01
1.708313413478117215e-01
1.030025680715967118e+00
1.141817545584433935e+00
-5.998831084371328837e-01
-1.120746866888897575e-01
1.709526047506575719e-01
9.730566464419911910e-01
1.467735839072787041e+00
2.583400627312499864e-01
-6.768557831469530495e-01
7.598445179207635736e-02
6.374380790603869640e-01
4.876685333569653613e-01
9.471176270199708203e-01
3.327239180553143161e-02
9.010060145860878666e-01
-5.648007164051949830e-02
9.769527425034802981e-01
1.682751090811554384e+00
3.597487088446352788e-01
7.350244697355533263e-02
-8.351050002328018751e-01
7.442068686692978607e-01
3.026592717528455156e-01
3.877440471365882491e-02
1.725590996452303738e+00
1.129412616730144814e+00
1.797519433633484098e+00
8.945616218654218743e-01
1.132987413886286099e+00
1.689589950156496767e-01
6.974923272545210384e-01
1.010103451261226803e+00
2.510526465098898430e-01
1.224873899912567732e-01
-4.640442897519169163e-01
7.568222327673400640e-01
-1.146347651980677979e-01
6.692483092804504818e-02
-4.669594874387137384e-01
1.268002429233992534e-01
9.646761154876920541e-02
-3.502061650337209842e-01
5.472813338989393483e-02
7.568117833854117738e-01
1.374314756491580580e-01
-8.649922682699717758e-01
1.250044861914610950e+00
-7.960533451718512232e-01
-2.927135717189950359e-01
1.625146720899789621e+00
1.455685244433830183e+00
-1.159158515637087050e-01
8.321710795643261216e-01
1.353942510814118427e-01
5.472796492280737057e-01
-7.775573258981296476e-01
1.347252981865862224e-03
1.157355854347490887e+00
7.921129845768682953e-01
2.471766056516159216e-01
5.971997242056862332e-01
1.840292692500861416e-01
3.287491964803488376e-01
1.126982132997720543e+00
1.864563874536232069e+00
8.882891715222402951e-01
5.231078214886022426e-01
1.052847014692462446e+00
-6.938926066293762962e-02
-1.602543996121647552e-01
9.553614984710944169e-01
-1.060555053088145516e-01
1.201665060140484131e+00
1.114020714529379008e+00
3.700862115516774242e-01
-2.496499216588470571e-01
6.467552324919155493e-02
5.258441754526880230e-01
1.679506619627798569e-01
1.514730050701606601e+00
6.172385987672796004e-01
2.231056626627378192e-01
2.341971373123438449e-01
6.501804315807805379e-01
-4.634313716859808086e-01
1.519867582253421889e-01
2.028244958254831476e-01
-4.981814429401309335e-02
4.702581176199922830e-02
1.249170015800362465e+00
3.432291948804646053e-01
8.874157938731179751e-01
-6.514776096192202992e-01
4.377206140869653594e-02
6.924976071021955726e-02
-1.221298135284363540e-01
2.787278504123226197e-01
8.949807393965875102e-01
1.690224332433553522e+00
8.701253550136175408e-01
-8.197017651215994238e-01
1.415838067446531401e+00
1.358741625293644895e-01
5.793207421213718566e-01
8.070830590218689427e-01
9.680991310112813109e-01
7.505143304716200836e-01
4.814789174726920029e-01
3.284503250614461134e-01
1.811245372342246807e+00
4.129707816535710951e-01
1.018425900131839201e+00
1.374114824870418250e+00
2.124176060053114268e-01
-7.798016443841473411e-01
2.781712816874999938e-01
1.112260511829907150e+00
4.782869958884712336e-01
-3.092715394514575777e-01
1.327482326895340625e-01
1.184297913327901464e+00
5.984573254837192990e-02
1.940827868763670694e-01
4.752702846280906224e-01
5.884783780546007925e-01
6.492477545653856374e-01
8.519567760149863167e-01
2.546300043790030165e-01
7.108740269636185660e-01
-6.778706421363668577e-02
-7.084358333747599323e-02
7.327212680116358401e-01
-4.370653899022516886e-01
1.423400060622496577e+00
4.377663714551138230e-01
1.314905294363397870e+00
7.033488170806911910e-01
1.587753875891676492e+00
6.173151000655550114e-01
-5.513322314388227618e-02
6.531965314063917782e-01
1.025960470673366320e-01
4.594624015025423891e-02
1.318097995734296424e+00
-4.861204023233944849e-01
7.266496247661418106e-01
-3.890756493771263536e-01
5.646318036765211046e-01
-7.542118853005216894e-02
-4.733304094834910880e-01
7.387630129830548009e-01
4.248111146465168714e-04
-5.834115508686155138e-02
1.062626508649195944e+00
-3.462888339303796803e-01
8.507934501239583502e-01
5.602563616354250264e-01
1.652829907881194771e-01
1.594045072387716699e-01
-3.397299427917964409e-02
7.027738362231069624e-01
7.302436042694901985e-01
-1.083078496537035196e-01
1.004605072933445253e+00
1.165063465625345157e-01
-6.026803038786429645e-03
-1.777725899017226496e-01
9.701225784185466550e-01
1.620180904045472881e+00
-3.617615558066168968e-01
5.699632140734089969e-01
7.806935310762690428e-01
3.022401462588374388e-01
9.096359476524239485e-01
3.703079399874149580e-01
3.124847849758542462e-01
7.810733767627500157e-01
8.401731931259717179e-01
-4.604562843241329362e-01
1.163861359507174509e+00
2.669282156288748653e-01
6.546657153785111205e-02
1.226983741868252986e+00
-3.578275859998297781e-01
-2.989983990057244745e-02
-3.273690772886235778e-01
1.794328845999981104e+00
8.239105780748078312e-01
3.196008757935743794e-01
1.341092804767801239e+00
6.492990824241778869e-01
2.199701319135697886e-01
1.465330610017262947e+00
1.261750911064870806e+00
1.554631625031989373e+00
1.542697872020298011e-01
-3.826659845692362838e-01
-4.101777322243334023e-01
6.057593801539279399e-01
3.382226852382430593e-01
-4.334257313393307665e-01
2.238551285184143813e-01
1.460887772072859414e-01
2.367217558261652144e+00
1.196555136833821198e+00
9.031651525514379220e-01
3.756797938279305971e-01
-5.138383767428170712e-01
3.117801124212419839e-01
1.047365694150195869e+00
1.297648875878707475e+00
3.942165265821639952e-01
6.266565436183626492e-01
2.400459406772869619e-01
5.410202758988159610e-01
-5.705792734299200974e-01
1.077136451344046675e+00
-6.314842617052240925e-02
1.568865240049791776e+00
8.568876955830063702e-01
6.938604165784451050e-01
5.173882105168574608e-01
2.335403910938960714e-01
-1.026267656778775128e-01
-4.318369815315949989e-01
9.690983752698102416e-01
3.700782630988879163e-01
9.026347166930975829e-02
9.714059909707272178e-01
-8.783857948565236551e-02
-1.119610730303930435e-01
9.910293962878951035e-01
1.313943639346579761e+00
1.982539855972027087e+00
-2.943126673225450185e-01
3.258186159243344759e-01
-2.876292013548668591e-01
-1.218778293488409631e-01
-9.155338225182943490e-02
1.914376717499358116e-01
1.298840134149117573e-02
9.498024599744987473e-01
9.631376373857600814e-01
7.812691393821821206e-01
7.334517134527134274e-01
8.407325974261353752e-01
7.730131138782666556e-01
-2.907778988624679650e-01
-7.417284362369400696e-01
3.351945331066599060e-02
1.196728181015288772e+00
4.332229284290878835e-01
1.896409280628221117e+00
3.420245049442585117e-01
8.076602577835573227e-01
2.344326432426471207e-01
5.285035389098214909e-01
9.776689142562772217e-01
1.059075761823144446e-02
7.134608642554491897e-01
-1.270764862660273831e-01
3.108199611647223248e-01
6.584668595521838697e-01
2.812781904754957929e-01
5.504589064364980855e-01
1.096081896621554863e+00
7.133192192857017444e-01
1.521444520123758526e+00
6.963138261494257186e-01
1.440381017009908948e+00
7.325229438665810111e-01
1.045339272781711903e+00
4.301323723861734116e-01
1.144738918219671886e+00
1.454376911590752552e+00
8.578540315969733765e-01
7.577581318220473205e-01
5.534725655965035962e-01
7.833773787558828694e-02
1.795313570304033490e+00
3.213149360092268370e-01
4.245309893418919844e-01
3.401947335014469109e-01
-7.735740767521803729e-02
-2.797057071138377427e-01
1.259098140716691017e+00
5.394375997164392311e-01
1.141631386814096372e+00
1.871499735454177138e+00
8.988213839663390381e-01
8.195486165700791581e-01
1.403165931509688935e-01
3.302762105745655208e-01
7.455244867111399110e-01
5.659418441973423919e-01
1.375245420692737142e+00
7.971749534573601137e-01
1.703103120322454478e-01
4.148546592976131153e-01
1.286992058416797646e-01
-2.277347669598277224e-01
6.208734704054131859e-01
1.881194346909390580e-01
-3.859511700652951127e-01
5.032192982844642115e-01
4.971442219083047620e-01
-1.695326187207051860e-01
8.994023339176503429e-01
6.200153407213581103e-01
1.245157945286206047e+00
5.104883001775549767e-01
5.258360930242487186e-01
1.168030178649375639e+00
1.480785418563377975e+00
1.465236560876980842e+00
5.104876445478799818e-01
4.647113190660804860e-01
1.528144728232276872e-01
5.930366606169745758e-01
8.992127306932268249e-01
2.725601130273402894e-02
3.455169898861684685e-01
7.400977330994837899e-01
1.248232837648958621e-01
3.127060912238158741e-01
1.942524778690970372e-02
6.157105807706144684e-01
-5.116305327836444539e-01
-8.777531229590004869e-02
-5.686308577573346845e-01
1.720278962885000151e-01
9.220390191863434559e-01
1.205993719161259303e+00
1.330404118703823357e+00
-6.689199602366124875e-02
6.838895388686858645e-01
5.902575639410851949e-01
-1.779104230361678307e-01
4.685183851443338598e-01
1.050693319418951388e+00
5.184523059790170363e-01
3.540414206756286042e-01
-1.912733464946518858e-01
1.028318699908873146e+00
8.470513614904567889e-01
1.108199579878502705e+00
1.180887154726847355e-01
-9.596174418105606341e-01
-6.359989399492711470e-01
5.701945771696981247e-01
2.204462261336072315e-01
1.341084718664322106e-01
1.730847245980690896e-01
2.719195663603666269e-01
-1.286607855863049488e-01
8.344681806023853676e-01
2.526519496082000465e-02
-7.020307643686702903e-01
3.471883401013680648e-01
-5.053857314481909752e-02
1.722659436234848795e-01
-3.687210970322236658e-01
1.074040400280760421e+00
1.024074284508526972e-02
-6.241264846771207297e-01
1.163657847707967097e+00
-1.657037179526550941e-01
-1.394314241932783499e-02
1.377799093226123039e-01
1.627604427391992958e+00
1.256782583846588752e-01
5.812491839796490867e-01
3.756677283251375066e-01
5.149206933132639552e-01
1.301201392995419703e-01
2.032388302983200723e-01
1.705885252364996107e+00
8.304445573081884469e-01
9.593240560567746211e-01
7.827747740178845337e-01
1.398608277693102142e+00
8.365761144920199621e-01
6.066435162568611927e-01
1.098828499302330508e+00
-3.779616054082740595e-02
7.445559716274645634e-01
-6.972975614810069667e-01
3.560325654724254552e-01
1.002199210838352395e+00
3.474692755130035504e-01
-1.684660583457764926e-01
2.090366616344711131e-02
1.027274251297553453e+00
1.553657026103471672e+00
2.194737132360777554e-01
-1.729655572825066767e-01
1.359048376291441151e+00
2.722773749225798623e-01
6.652951924670443828e-01
1.249576162764111320e+00
-1.379733248773424292e-01
-1.288598276683958765e-01
7.481063410883632692e-01
6.113587456595539482e-01
6.642700571067864379e-01
7.537082629705267323e-01
7.154206416727765250e-01
1.384735369367980695e+00
-7.398146405060448960e-02
6.587229934744346371e-01
3.935713604519697900e-02
1.790199167349328491e+00
1.934136542842122553e-01
-3.246408507970970359e-01
-1.330909486001232156e-01
2.540572627097830716e-01
1.436392470197988436e+00
1.253117145556423839e+00
1.064921147577676530e+00
1.086618994814333439e+00
-7.264883058297204599e-01
1.364406592910296867e+00
5.764400054159463105e-02
1.029420327541291230e-01
-3.600290456732412880e-01
-1.080644431732476596e+00
-1.982630878941879504e-02
8.781268214326608534e-01
7.060017729975243128e-01
-2.435163909147106676e-01
1.216443808288323769e+00
1.177316750937964285e+00
1.423697611689132891e+00
4.435369428402472503e-01
-3.212475934491215157e-01
1.123460564175787768e+00
1.359167358877254317e-02
-8.696180398371874398e-01
1.478077270640106411e+00
5.653615856777808313e-01
5.613391854967189065e-01
6.582454867063286530e-01
6.864983185963953183e-01
7.850959186572218362e-01
-4.289050129230174979e-02
8.926582743837444545e-01
6.792153646974142811e-01
1.313899434614082540e-02
4.249769788716732943e-01
7.090057823209161558e-01
1.001187205524123769e+00
1.621315809094840521e+00
8.786216759200639048e-01
1.662963006174359215e+00
7.028215899476130124e-01
-5.370902782212730875e-01
1.194451601749436875e+00
6.491184457791793205e-01
1.350327128226380458e+00
9.984596866537098769e-01
3.508386795033499039e-01
1.007902787622191459e-01
4.815403282002502228e-01
4.972385304888067847e-01
8.677242466631264195e-01
-3.450778999641566647e-01
-6.730435785159591955e-01
-5.595118598873560778e-01
5.617683438703473531e-01
5.294046467798594335e-01
-4.944222968523416806e-01
1.546678540108154865e+00
-1.525195553019010816e-04
6.000962638890408041e-01
-3.831587518990673957e-01
8.165139464877407827e-02
5.528185523376654142e-01
-7.714661936226955286e-01
-6.991959660642431684e-01
4.252633089891851847e-01
1.351731976245815314e+00
6.136234342421538202e-01
1.287811220395981282e-01
1.186222998443605903e+00
1.714844694994816177e+00
-5.769905167821394176e-01
1.074794957794931616e+00
9.884652328561694956e-01
8.315750494055714759e-01
-6.462427216348212711e-02
-1.025885576201992500e-01
3.027275248523582096e-01
-1.105795243774263803e-01
1.522925595841229107e+00
-8.703791088782321106e-01
2.956476600064728566e-01
-2.662398282337101740e-01
-7.253787952332004796e-01
-8.511154761951303938e-01
1.519414017157163066e+00
8.007787729863480308e-01
1.460370306448585564e+00
3.517803040440973805e-01
4.203371579063470698e-01
1.456439398633537774e+00
8.445108774273635266e-01
2.288516948272079632e-01
9.352309648578652768e-01
-1.796543926970206040e-01
-6.280584052330005773e-02
3.586208801890533593e-01
1.010117179123771969e+00
1.031256817999098852e+00
1.046464980541375267e+00
5.449834111679493498e-01
8.541156100747681057e-01
1.753304136703565941e-01
1.612466519187787606e+00
2.734740809200573164e-01
1.122320204420397816e-01
8.121300847858523575e-01
3.186339345781750154e-01
9.376319338420738281e-02
-1.510971651917792369e-01
7.753248443622051678e-01
-1.172562641374075634e-02
3.107144719250696796e-01
5.827859723047927876e-01
1.197733042670009185e-01
5.393216158779686742e-01
7.191214167894965925e-01
-8.820744339569814851e-01
1.208930541302463579e+00
1.514353731798087743e+00
-3.698303656604525758e-01
2.778047266057801501e-01
7.639509356985314525e-01
-7.859866187588453179e-02
1.947315625522957616e-01
-1.241743403085062841e-01
1.216534308808435577e-01
-1.717546088144625560e-01
-1.253023650142316980e-01
-3.072132413673149265e-01
1.623838845217104421e+00
4.697920401095377896e-01
1.425817640265275132e+00
-3.394948351069722592e-01
4.637119992353384568e-01
2.737267761125581345e-01
-1.712358500446092280e-01
7.272435946536828788e-02
-2.921385209534645977e-01
-1.761576448973656284e-01
6.249369375871166588e-01
2.224682804894486665e-01
4.212400622958178964e-01
4.974655411718618137e-01
1.342952138820212582e-01
1.741588211957588173e-01
6.344031998888441937e-01
5.734859651420202153e-01
1.800845687832834385e-01
5.655374793296222835e-01
1.640838825184857575e+00
1.090796941932709041e+00
6.671568784740800062e-01
9.886860878987894230e-01
6.912378111657687674e-01
9.493609239814698730e-02
9.620617614114931326e-01
-9.275498715092495017e-02
4.625567607960018868e-01
6.639765535453034939e-01
1.355180244116103605e+00
-1.017762476303769870e-01
-8.088197824152942861e-02
1.543483667312515406e+00
3.689927497063872353e-01
1.627335488105093875e-01
4.699079489166292367e-01
-3.105889248552060056e-01
1.354679755482912418e+00
-3.897274877335920595e-01
1.899890392522770588e+00
1.929331152659382598e+00
-6.133075445593716424e-01
4.244583629347203901e-01
3.670640559004313408e-01
-5.383278612583425327e-01
5.674824349030305193e-01
8.901246738543140413e-01
-8.709822742342482327e-02
7.165100518397187201e-01
-8.732091028078828865e-01
-2.973634567617967073e-01
-2.187762672226640503e-01
1.382335638236380726e+00
-6.680995602145708423e-01
-1.216921820564255685e-01
4.889361207936934739e-01
6.455510362864417262e-01
5.153510837585272286e-01
1.016873107978591984e+00
8.034941249054140533e-01
-5.606346959396923957e-01
-3.003278459541440792e-01
1.479559508153512892e-01
-1.757411993141126949e-01
1.051255980155700875e+00
6.314956005805129058e-01
3.646120881549527737e-01
1.386227857054026791e-01
1.538229306661609286e-01
1.052420521626113548e+00
-1.042380642213196706e+00
-1.165952762985794089e-01
7.570612022623553206e-03
-2.996976578860295892e-01
5.617528369880420147e-01
-1.425040325920160778e-01
5.510036382949005107e-01
9.197831480169501583e-01
1.514158276249121249e+00
6.750760438203804448e-01
1.381524203052708344e-01
1.681433309085442751e-01
-4.201180601487050081e-01
8.379493822383624613e-01
-1.579992758770938643e-02
2.139448392487238726e-01
1.459413008178671811e+00
1.072341704233617188e+00
3.115610140751817192e-01
1.075718612924893680e+00
3.999971337994767673e-01
1.139643279041981483e+00
-1.990659942620828793e-01
7.140356743387429317e-01
1.264074799515753078e-01
7.266652723693571847e-01
5.179730107496443026e-01
9.868027032015763700e-01
7.126151815590104910e-01
8.920305320810207883e-01
3.647270201267012735e-01
-1.430060439747150580e-01
-1.292064465066649903e-01
5.955695791953923290e-01
8.844924783909016153e-01
9.887348443163713752e-01
8.936810923543759833e-01
-5.465637478554443707e-01
1.223721793654928058e+00
-6.773470419251884089e-02
5.268695255870023963e-01
-3.813230297433225502e-01
1.509231844179163007e+00
9.937125975611611484e-01
-7.666611986199450834e-01
-1.193335628296509493e-01
1.116579809494533837e+00
-2.857635987908888064e-01
1.564740216307783927e+00
3.265498226439101925e-01
-3.459382450606278692e-01
6.586741309279001699e-01
4.043813360296091286e-01
2.697336394593054520e-01
-4.174705251457325184e-02
1.392883154133817136e+00
6.017655049254352351e-01
-2.407088031808321538e-01
7.269679014430198150e-01
5.169777150737092652e-01
1.221868685532548238e+00
7.241653837074976119e-01
-5.269888030360857512e-01
8.804930115367606835e-02
5.235851341176627205e-01
1.048394826882731667e+00
3.199019235045741372e-01
1.796946929451300190e-01
-5.387577392908726726e-01
2.040464970638951492e+00
1.411056826495631134e+00
-4.174120937959969746e-01
1.103255686382410783e+00
2.459105221806828223e-01
3.251879834597222185e-01
7.780767418363906951e-02
1.518898381575885859e+00
4.774054863141796723e-01
1.437422264796871518e+00
1.181538501114437478e+00
1.973985331783284780e-01
8.625244872213422287e-01
7.854580393192827081e-01
9.087716368723325333e-01
1.299256461609153979e+00
4.387426298335472818e-01
5.382711549662562156e-01
1.157338953557886407e+00
1.320455502962695427e+00
1.136181490027946550e-01
7.648296451521010564e-01
5.738340226245699505e-01
1.332861017059810083e+00
9.160886586249261665e-01
9.177325813335299176e-02
4.712804905294333269e-01
-2.208439040972755563e-01
4.873322907938387738e-01
1.672399800996568486e-02
4.175135444856876710e-01
1.468455641112767496e-01
1.793091571987031729e+00
8.600791133574454683e-01
8.563884992372309268e-01
-7.142033438610407847e-01
6.614220515570858883e-01
8.368984308479235912e-01
4.783034719141046054e-01
-4.367180789702529431e-01
1.386732597705387371e-01
1.707277860566374539e+00
1.025972216771187107e+00
-7.198024363901435185e-01
9.906244823810976818e-01
-9.322059366555398574e-01
5.717890430452671202e-01
1.455992242452953223e+00
-4.053870039272021719e-01
8.626887016223148130e-01
-6.553154194198179683e-01
9.941988413166430449e-01
-2.093447757520467689e-01
7.074979941790628946e-01
9.274006307958994055e-01
1.385563285763625530e+00
1.236395353887481674e+00
9.488592287405915870e-01
1.521053069910845323e+00
7.234437117374121762e-01
1.118752835398083789e+00
4.970118504868146214e-01
-6.622753322756078642e-01
1.227653651739034624e-01
1.444690399025577943e+00
-3.789113511429204606e-01
8.800436834573710509e-01
5.467484641261242118e-01
1.005523869819252347e+00
2.116986626739644772e-02
6.676427052486734182e-01
5.318746164379999364e-01
5.801984302131190513e-02
-3.598881876756357401e-01
6.105935179641781563e-01
-1.788856677317148258e-01
3.683860965285379319e-01
-3.048608184525409270e-01
4.056042935007927452e-01
7.884236920081024724e-01
-1.692075271778816815e-03
-2.369777971792467741e-01
9.750683788481845360e-01
2.864638322494727496e-01
9.397196216066379115e-01
9.582483962999654992e-01
-6.827569708788422398e-01
9.998425513407506182e-01
1.133159540022692369e+00
8.507300041481309638e-02
2.516901640461930434e-01
1.086134961657418962e+00
2.465731236179954378e-01
1.047139935171104819e+00
1.045658905968503000e-01
2.593320913614727274e-01
-4.245479501414756163e-01
-5.018282319866740337e-01
2.684514956685552650e-02
-2.153467739061547537e-01
-7.769176073472715272e-02
-2.353166005187528886e-01
1.019395069027794642e+00
1.380947667089496234e+00
6.073683085006919002e-01
-1.585769008209020892e-01
1.124793728596432452e+00
8.680333653502745328e-01
4.945170405140051906e-01
3.830641705122423413e-01
1.400131159197431696e+00
6.766836825508663056e-01
9.225881859390232531e-01
1.029483123088256846e+00
-1.469052855784932499e-01
2.525642504771787311e-01
8.747327355705887264e-01
4.539439713437910529e-01
1.409091524889801994e-01
1.277619134358365161e+00
7.729241157400265072e-01
-3.510790696836298824e-02
1.638497671477451845e-01
3.747396054975800084e-01
3.481724212771263316e-01
1.055164559083854536e+00
9.466001779232857682e-01
3.901230249118451537e-02
5.455547300088141593e-01
-5.449914163917446430e-01
1.149831386632242269e+00
-6.055493918816004517e-04
-1.038516565671212311e+00
1.095838536360610238e+00
-3.286232732309866955e-02
7.514745286145277370e-02
8.432610796402728592e-01
1.763132866683548183e+00
3.184678432701847361e-01
-5.674920699127241480e-02
7.809405287934256812e-01
6.294432709765499512e-01
8.884328091341331390e-01
1.120269703073237366e+00
1.412125654764691429e+00
1.415938701866951366e+00
1.281322014728908831e+00
1.751140855654942818e+00
4.273602132115256191e-01
2.795969786076912822e-01
9.578920416909005864e-01
2.953771234276229563e-01
4.892209798980944879e-01
1.004503828131288801e+00
1.721459340997268717e+00
1.186387367876918786e+00
4.856249230400777050e-01
3.535520537287186738e-01
9.395349655711712211e-01
3.218198312935751648e-01
-3.874772245045185470e-01
-5.608150050436235823e-01
1.902866626585624776e-01
1.051765397102583766e+00
6.223383252164363943e-01
-1.787281155937052446e-01
1.058062158800083363e+00
7.817058736469556512e-01
3.060679326509021525e-01
-2.043617758477193347e-01
8.440059469917373658e-01
1.553809370411888935e+00
8.027566874474691971e-01
6.141603160765087832e-01
1.046531913172880079e+00
-4.878095499597560059e-01
5.065351415571679450e-01
-3.238290446346593354e-01
1.101728776033894519e+00
3.544573563159890139e-01
2.211698163298089076e-02
1.262991753528007965e+00
2.729826812172603812e-01
-2.217774136781845429e-01
4.806587469918406352e-01
8.770513047492589642e-01
2.776847070400782491e-01
1.129841231762359621e+00
-1.024789002717411801e+00
9.244290931313633441e-01
1.094865825046149599e+00
6.788260859345091047e-01
-5.611381548891940518e-01
3.903583715770096996e-01
-1.273223206329114343e-01
1.367485770480707963e+00
1.064417459722377890e+00
-5.441546948934070094e-02
1.510086409476335101e+00
7.119163481449939379e-01
3.213852616609242929e-01
-4.314022381386711791e-01
4.307871609004857438e-01
2.674114387993125619e-01
1.354329349397672910e+00
4.328448790636060250e-01
7.465624137528179549e-01
8.175838650035973654e-01
9.303201030340318978e-02
8.420128821697356880e-01
1.184940778063839906e+00
2.334932775999653543e-01
-2.416531026754577816e-01
6.968342669722335514e-02
5.477820393452877967e-01
1.322371333247582825e+00
6.348188742704354848e-01
8.304751866629243029e-01
1.175286345799081644e+00
6.778530704048411071e-01
6.557054160562834910e-02
7.588954687171776126e-01
5.066531159726006539e-01
-4.834527916745606779e-01
5.425712442801837732e-01
7.079738073622938721e-01
-7.400690490718694337e-01
2.499990338048038163e-01
4.094550353798185882e-01
8.263131836444028711e-01
-3.843617107642802733e-01
8.451178018077025733e-01
5.867107909171364044e-01
-5.232499818574820605e-02
-1.063833064056061289e-01
7.787487243908650658e-01
1.730683398156262376e+00
1.554482880019736113e+00
1.423073012250211100e-01
1.172486933925830144e+00
-7.190029810997646820e-01
6.391923310073436282e-01
1.186199823042226376e+00
-3.949019137046869687e-01
4.513092553255030476e-02
1.462310283874510008e-01
-9.578036435526747772e-01
5.480490191042077797e-01
2.110139323457311533e-01
5.743028456224872347e-01
-6.157101145896041183e-01
1.618761882359033288e+00
5.297171469635805208e-01
3.076934647764614228e-01
5.181782825772922596e-01
1.056082599903852337e+00
1.954339801065194393e-01
8.784198416007146237e-01
2.905033925099061443e-01
1.608923046378630151e+00
1.249431770639007483e-01
-4.001815651917031702e-01
9.286252696241328874e-02
3.444164919317377338e-01
3.890411270931115051e-01
8.361786976515175329e-01
4.648964995323295879e-01
-5.133393335273886970e-01
4.182632382531193960e-01
1.217178447079883652e+00
3.174618504281494502e-01
8.499551243310430326e-01
3.476681110148883147e-01
-5.491513121196235359e-01
2.159894232272917790e-03
7.495581520327445624e-01
1.121080047932253132e+00
3.874966753549483611e-01
3.141000018917202707e-01
-4.367309004550576357e-01
1.211679593198620619e+00
7.176842096161338835e-01
1.104241029879241998e+00
8.709750586234494829e-01
6.959025299676373510e-01
-1.103471150610279894e+00
1.019274767423288042e+00
1.262687364786029720e+00
4.078523074847650309e-01
-1.900900950478728313e-01
2.149165010387883434e-01
4.788602687025062532e-01
4.774626262396819976e-01
1.843588413313694829e+00
1.526979721355361530e-01
5.114261083472285696e-01
1.215967503607407130e+00
-1.099369579279447506e-01
-2.062754763492795698e-02
5.448409971309451372e-01
2.000422405964439876e-01
-1.440095318891684295e-01
2.078088373055650973e-01
5.184616700395250355e-01
1.385158310579268359e-01
6.850114691089563834e-01
6.036587583107364541e-01
-1.817067804505414358e-02
1.621557368049659775e+00
-2.612705473545817170e-01
4.272266840698955015e-01
2.996132372635109675e-01
1.654482268121757471e+00
4.707944994962320884e-01
-7.640351103532416754e-01
4.033093090639502942e-01
4.840020825454988129e-01
1.430972378287751923e+00
1.429048218183634478e-02
1.815062681395532840e-01
1.198382678058915518e+00
1.087360566227473013e+00
-8.055856172818258443e-02
3.760716204849294808e-01
5.345867788600972004e-01
1.895669938313122360e+00
8.407389746784019735e-01
1.099374140481970574e+00
1.667972829243633548e-01
1.295177697671295869e-01
8.920898615011543242e-01
8.299870097635921040e-02
1.395258377197607924e+00
2.191877394519785582e-01
3.348447820931760299e-01
6.246927490395884908e-01
2.307212572051319521e-01
5.567208237209158028e-01
2.315413595710295314e-01
2.810519584192210929e-01
1.173080115220056951e+00
5.530632231917347319e-01
-5.622667189750353289e-01
7.429751548920267012e-01
3.886862497099930619e-02
-2.502190922824337194e-01
1.113717179641345423e+00
-8.657147986212247737e-02
-4.370476560631342267e-02
9.256030493169417062e-01
4.247087860322100172e-01
4.437987230114845416e-01
-8.186622130138487829e-02
1.092882711042095334e+00
3.826329867151507386e-02
-1.095890439543912576e-01
-4.155659529871496005e-01
6.798505740692237787e-01
1.703255517154264265e+00
-1.930509777778373071e-01
-8.090879094434829666e-01
2.078150834024781624e+00
9.421266550920656124e-01
1.319205523874468655e+00
3.724401448303532591e-01
-4.649455377745375095e-01
5.143404327116086749e-01
1.336066166022836788e+00
1.075467983682069306e+00
6.904096055724532333e-01
2.190725982764083202e-01
4.510412723178232053e-01
9.045379203280552449e-01
1.046855734289120710e+00
5.375824928139497083e-03
-5.046441534419539021e-01
-3.445360558560888603e-02
1.551283111243141888e-01
-2.951029207257037101e-01
-4.777523831479121297e-01
1.587112783366572411e-01
-3.608752253690266643e-01
-4.600925752413489445e-01
-6.600923320974765030e-02
8.062154351454372536e-01
-4.504721430258831205e-01
4.059540780690008566e-01
1.259109299805913906e+00
1.526389292974505318e+00
1.550453730244033324e+00
1.523118192235434210e-01
7.934901006172819793e-01
4.282025794651841410e-01
-5.803898739001764895e-01
-2.435184199955693907e-01
8.112481666633245547e-01
-3.014709422048866272e-01
8.816907087071855775e-01
7.803920047224170986e-01
7.215059464848071480e-01
1.119382924121896439e+00
1.005940322301835943e+00
9.155897791740769120e-01
1.149360885327276316e+00
9.857690701037722381e-01
7.160390644785196157e-01
-3.535036987323199598e-01
6.683821389994761830e-01
1.655972076431334372e+00
-7.398352073519802730e-01
1.100910566694688786e+00
-2.815268094464203341e-01
3.430880278148540907e-01
1.673101753392439051e+00
1.249310170193251190e+00
8.115741000260378035e-01
-2.901754694814111940e-02
8.997377793998596607e-01
4.002657347952137123e-01
2.900947175341037076e-01
1.212220829701566416e+00
8.561570574952170887e-01
4.656508899920627220e-01
5.614508540725575703e-01
9.095542242948396749e-01
6.452103622518433612e-01
4.822759495933449658e-01
1.021004405768723311e+00
1.135725611240260946e+00
1.238200663569849036e+00
1.512289446904326207e+00
-9.373527391414713250e-01
3.089728722440513442e-01
9.981249241542232697e-01
7.428663141476041787e-01
9.374070153564274532e-01
-8.415266407235107160e-02
1.906565946206716100e-01
9.340642001695040886e-01
1.837995282683957121e-01
-8.712871362345248061e-02
1.181293266042211298e+00
4.886165866593454865e-01
5.537684110905113366e-01
4.176923023441306837e-01
-2.664061072589973822e-01
5.997451570416073574e-01
1.455965124661183496e-01
6.678353924154812882e-01
-5.030907637266878174e-01
-1.339837152739278836e-01
6.082279100432496088e-01
1.876065901038074468e+00
1.057506743047984310e+00
1.442806921694547384e+00
-1.250551212308699256e-01
1.012143809058840160e+00
1.622940320180554563e+00
1.414425700918543916e+00
8.312179259868308634e-01
1.627421094868250151e+00
4.295348009820060264e-02
-6.678083448204475969e-01
-4.890439026567829361e-01
-1.533888289107242509e-01
-1.532811678133505495e-02
1.333736945699828036e+00
8.526188244991729226e-01
-2.900338272014957308e-01
1.330372821849782561e+00
-3.901943127905806996e-01
1.188120706108624081e+00
1.119747751615343789e+00
1.420003904540990958e-01
8.346729517621472860e-01
-4.959257784342347986e-01
1.101007189703667288e+00
1.628100138196975077e+00
5.169388997412387166e-02
-3.282272091985979356e-01
2.221360540825972674e+00
9.411549486417289945e-01
8.817993079243870991e-01
1.675649824204554217e-01
3.601040101158065054e-01
1.292111429936517064e+00
1.146028128749002839e+00
1.107686415737086927e+00
-1.232065551740696603e-02
1.318147968051747609e+00
9.511120172751605928e-01
3.302971560941973805e-02
1.563293721351040499e+00
8.256766190104533054e-01
1.217570059859921505e+00
9.408636530003091636e-01
7.105743320707467170e-01
3.051459313985441235e-01
1.333013546613411038e-02
5.733631120628828182e-01
1.153473143020202096e+00
-2.407730205312299532e-01
1.323893035724730494e+00
1.003359378261725832e+00
-1.349628308964389567e-01
5.068926357704437446e-01
8.503028428236756309e-01
-5.086679046292263973e-01
9.384916000922102208e-01
6.124584599730797940e-01
8.926102405980390619e-01
-2.155714682480716071e-01
1.262198970476106297e+00
-1.229132694265015063e-01
4.339397006271650259e-01
4.291443734009793287e-01
9.154697568528854523e-01
2.036771139382627549e+00
1.726495361792122152e+00
-8.327558107695340328e-02
1.255632848158172221e+00
5.395326182775970203e-01
1.053002838543964481e+00
1.887359704731727539e-01
-8.217807207560946514e-01
-9.378347909731835630e-01
1.475848254960238526e+00
1.462091841240176882e+00
7.314008283858366433e-01
-3.250817285168454696e-01
6.153799929006062985e-01
2.278367604131309232e+00
2.710018790026776370e-01
3.728994469223472774e-01
2.130156973488583905e-02
1.081967663478949015e+00
1.461137866903606808e-01
3.493757053970419357e-01
1.060667274143614058e+00
5.238288830413442287e-01
6.631384413096156338e-01
9.683039503513640733e-01
9.167429574559228245e-01
9.245144110532291792e-01
-1.172963201820015067e-01
-8.918483620919883670e-01
2.744515457732417119e-01
1.406800906648655758e+00
4.285286586440109624e-01
1.638178987936524278e+00
1.365027836024074404e+00
9.488098210090798457e-01
-1.133152284134540666e-01
3.375123214766718727e-01
1.505296387780664435e+00
5.565082110768884149e-01
-6.901544388405139729e-01
-5.670629915961772349e-02
-8.460959659207095696e-04
5.362000942632338951e-01
1.332734112445164154e+00
-1.514674461365275449e-01
3.721391671051413885e-01
7.260773375317250977e-01
1.242662325365895049e+00
5.843510155488816915e-01
8.433049431686525654e-01
8.529873718971311414e-01
6.318511679737197628e-01
-4.895775239996130734e-01
9.632515495568860775e-01
-5.241395690164156740e-01
-2.231435366713060420e-01
1.582316990313317406e+00
1.006452430045202906e+00
9.700938686619725582e-03
1.098048813001239354e+00
1.534595350569676775e+00
6.422636109008249272e-02
2.764272858540236383e-02
7.964740158440670736e-01
1.475858618580307313e+00
-5.903773227241721627e-02
-7.694566197972451116e-01
1.485685047053251440e+00
1.669810810781360289e+00
8.027062413718879519e-01
-1.411973231269915419e-01
1.904140721358262289e-01
6.039772720444177567e-01
1.894423929553513131e-01
2.836810573831551885e-01
7.135945650326138701e-01
9.101059619663817157e-01
1.430238612863777625e+00
5.928700875765418044e-01
9.087903590464415648e-01
7.107297037826494357e-01
1.195950440972762596e+00
1.959707196512046334e-01
8.498962615065307480e-01
9.569496257779811499e-01
4.116346167831181346e-01
4.418162730548547135e-01
-2.984333443033168054e-01
6.527795834283681708e-01
5.460670212010310109e-02
-3.835080854591538801e-01
1.691226274128471596e+00
8.631902679950526069e-01
1.739585387953608009e-01
-6.076484949981619810e-01
7.374650968797008543e-01
1.284110245006875095e+00
4.906545302143637266e-01
7.428375609922152623e-02
1.152217940846723021e+00
7.036618476403866396e-01
7.064497477322280172e-01
1.086261308159593986e+00
4.480747792347630765e-01
5.986906880078672888e-01
1.417830850335756177e+00
4.082533662715683853e-01
1.558563641373770237e+00
-4.232091935547881434e-01
1.057857533382623449e+00
1.668745998596976587e-01
6.867507291186132345e-01
1.245925351000962245e+00
4.388019114537042853e-01
1.062094076140148058e+00
6.640625279287406535e-01
-2.076129696764659471e-01
3.383094703968836381e-02
-4.586724385355443467e-01
7.798503976074186994e-01
-3.132678819431967687e-01
8.859679420947770279e-01
1.284217068284462027e+00
3.662831958739009575e-01
-3.531403196513224763e-01
1.506058338585417600e+00
-2.064564792640375401e-01
-1.748500706268200644e-01
2.139894890694003793e-01
-5.785168923842821248e-02
9.154231352359185614e-01
2.017231576153715455e-01
-3.176856106691539616e-01
-1.032758951040190776e-01
4.149180554998335713e-01
-5.056470407693445246e-01
1.019696821604378467e+00
5.865741124839508602e-01
-3.792172971123181080e-01
-1.128911404142082686e+00
7.966794916506239055e-01
1.264267863855639717e+00
3.165839004883909680e-01
1.216646045269051957e+00
-1.368244168717650672e-02
6.602200738562881144e-01
3.637532407539073587e-01
-4.707895854277953374e-02
2.935129021767393098e-01
1.432943472204619706e+00
2.514351712773459369e-01
-2.848076047738574701e-01
8.108400214073852030e-01
5.949112920182911823e-01
-1.310090930310255086e-01
-6.940632265697639358e-01
1.829553358978491806e-01
9.767191704504786243e-01
-6.271282865987511945e-01
7.811449538890146149e-01
4.582213080057486176e-01
1.239413419156906615e+00
7.250073569147343910e-01
9.964749688888252521e-01
-3.327675117509826808e-01
1.463141755293900559e+00
-1.624149135660966359e-01
2.814283359489835878e-01
1.077552743796209134e+00
1.655022051009880979e+00
-5.066721701948543322e-01
1.407927176822908688e+00
2.151195684586493684e+00
1.381475552455733391e+00
5.097925500982634084e-01
2.078995071816438056e+00
2.958362880609536338e-01
3.678223863027282881e-01
2.331544816180933233e-01
-3.732399270133019420e-01
-3.102968133532680306e-01
4.331982478705063699e-01
9.661357412515209075e-02
1.273397522771904988e+00
2.689835729311292889e-01
8.871267196482066630e-01
6.597605658858136657e-01
7.697666010116427371e-01
5.272898922977772851e-02
7.849370939465892816e-01
-3.255890999487489612e-01
6.810496130080330168e-01
-4.537828956199084773e-01
-5.140072699535129797e-01
-3.842111364371432192e-01
-6.008643738999356332e-01
1.057892070161574161e+00
3.587797884330529152e-01
1.798979884262312257e-01
5.771671794152687385e-01
7.238172874376549437e-01
-1.552615356738999142e-01
-4.949129577734651675e-01
-5.349750585151551441e-01
1.890751800718456277e+00
6.090172414529015921e-01
-3.587111622862470539e-01
9.687149090059569145e-01
7.761310429677483747e-01
9.497273456333183983e-01
-7.602316466054526156e-01
1.637010359034069218e+00
4.762094645301846452e-01
-5.403429101116318245e-01
4.990012240885451922e-01
2.271909451832237192e-01
-8.403828277131158986e-02
1.316919951164614022e-01
-1.020703735462288320e-01
-2.755274188023654758e-01
-7.508355684528325025e-01
7.861450525951171331e-01
4.431015907895352046e-01
1.773462088624184196e-01
6.004485148790117410e-01
7.330726015764229553e-01
-3.944170672484360596e-01
-9.593776558077696248e-02
-4.035066777899398716e-01
-5.273217330240160816e-01
3.877011389837283772e-01
6.088032297786505342e-02
7.545972495297860183e-01
-2.856843894966220598e-01
1.602445256353835834e+00
5.753724728177569414e-01
1.648354780659390340e+00
8.228563725906600235e-01
-4.067639860009131247e-01
8.500392811846670948e-01
2.802528950972554278e-01
8.264972146146876142e-02
4.140715042276633118e-01
8.051435911398037160e-01
7.730797014184462856e-01
9.232721783610300936e-03
1.133868541280759423e+00
6.733957278995598150e-01
7.094125350638307292e-01
-8.723646359404614581e-02
-5.951244961294297475e-01
6.781345467852184505e-01
2.470426304124542782e-01
5.080276343072377410e-01
-1.924676973638456134e-01
-1.233041004121915307e-01
2.430280243634056203e-01
5.847498398743161685e-01
1.655150634642537366e-01
7.354427884064894672e-01
2.919269110787027777e-01
3.871031034389033065e-01
1.149833941815885163e+00
1.033538079044460600e+00
-4.585672415041319172e-01
7.025019532606164852e-01
8.973276912515408821e-01
1.123996514483529552e+00
1.217746688617350470e+00
-1.383264482414595098e-01
2.205594530880265192e-01
-5.051883211264877188e-02
3.575636563303752902e-01
1.393291772281023411e+00
7.692455031182343639e-01
-5.671322319556013625e-01
1.325868516493373450e+00
3.191990143795988555e-01
6.925742267658553664e-02
-5.977910540524611349e-01
-1.604570035548737172e-01
9.616749044610156671e-01
9.488434853649755363e-01
-2.897451447358701665e-02
-5.533540052331278186e-02
-5.145586425262629326e-01
1.022442352848214497e+00
9.392738587223371516e-01
7.105794333464257040e-01
2.675094037817093984e-01
1.846163395317390377e+00
1.147787582997062961e+00
8.918502890605379818e-01
7.859884823728510161e-01
-1.952612697738406178e-01
3.435089935494996249e-03
1.857516688402019112e+00
9.501070180466489878e-01
-8.463252723438486891e-01
7.835209437674779676e-02
3.909750727758634081e-01
1.062842894048567244e+00
6.957181614020744309e-01
3.229342376770992784e-01
-5.225225515940734589e-01
7.502904073211416613e-02
1.123934282666397610e+00
1.616026373940055438e-01
9.579666308622837578e-02
-2.869114278419165193e-02
-4.785131915370193223e-01
3.064179076944310021e-01
1.129148363530117161e+00
7.226277950643495984e-01
1.141495039145709933e+00
1.177038106764851433e+00
8.680770786460361155e-01
5.461284473492401814e-02
1.258230546318226839e+00
1.560368670165479310e+00
8.490935935798817891e-01
7.861318245735410271e-01
-1.052496321929176706e-02
8.386744394376054457e-01
6.567958470944510463e-01
-5.920204228272587521e-01
-1.476482414089440864e-01
8.736472675266035992e-01
2.117616709330584435e+00
-1.564711522066583038e-01
9.282439420480917969e-01
-1.771026931261135973e-01
7.023252785228097927e-01
1.507401085315208888e+00
-5.481615403880590875e-04
5.526527889677496086e-01
1.241347900384368153e+00
-2.230656488266960502e-01
3.727362251099459733e-01
4.530007329804716099e-01
9.892628566754144703e-01
3.709694519076226493e-01
1.061424597947656423e+00
3.127163636261629520e-01
-4.293328390919901039e-01
5.294302551998604223e-01
1.346398034067615823e+00
5.693492305899944261e-01
8.779217266349360616e-01
7.228243091611490367e-01
2.220249916331665518e-01
1.914759118150523021e-01
1.384367335150165967e+00
1.070035550849590011e+00
6.243125655056317447e-01
1.285572576391964539e+00
3.898403675565369486e-01
-7.754504443363116617e-02
-2.741289335671072691e-01
1.547137147479880070e+00
1.406276798789616755e+00
2.497552817078424470e-01
3.997690984562030647e-01
8.578345073292031886e-01
6.179497332480887034e-02
1.355405598843288373e-01
4.033955256900111364e-01
1.441458187427116622e+00
1.151662366071133148e+00
3.678992950349406765e-01
1.021195250246860198e+00
8.429738491329599182e-01
4.291495824869909770e-01
2.681442709953128500e-01
5.963612217557706652e-01
-3.790069973710415152e-02
-5.534959263943496355e-01
-6.311948335497499785e-02
1.593049332892081615e+00
-1.045728355814557586e+00
-1.593188254963014139e-01
-4.971911213611146518e-02
1.328501485680351424e+00
9.086290786134325614e-01
1.925061639407163572e+00
-1.968680020137949238e-01
5.026824785666047513e-01
1.681061554482608411e+00
1.113734062655670209e+00
1.403708625363915205e-03
-2.938888093229209963e-01
1.752177361353885743e-01
1.177224502437079767e+00
4.946375195435746552e-01
9.283603342859169105e-01
4.088793083241730186e-01
8.795153713098192716e-01
2.873899316345286392e-01
6.597500887807138392e-01
-4.621954886177880306e-01
1.656289042764619746e+00
-7.704914134363534117e-01
7.932319501857231225e-01
8.777543537308267751e-01
1.552327801946738361e+00
1.253011018938604282e-01
1.131356049024908605e+00
7.094073903434604533e-01
1.830957397904931838e+00
3.907918888522390888e-01
3.855690114978126415e-01
1.829969321975461138e+00
9.252333570351144454e-01
3.408372420355368915e-01
1.153947549607849732e+00
-1.647986470643798551e-01
6.737863199297831063e-01
6.870524746867305854e-01
8.206382955783528832e-01
5.641728994685917264e-01
7.842040131010279413e-01
1.719137086480833909e-01
5.388185731336244677e-01
9.194087055632526040e-01
3.639083721610825717e-01
1.169944720331795640e+00
-4.822933556492950413e-02
3.522651560901006174e-01
2.765353811145681573e-01
-1.877768177756228007e-01
8.284804342128885279e-01
1.364461890014451395e+00
7.595819733073618796e-01
-4.194698094411467015e-01
5.382258653263753967e-01
-1.639316152377269520e-01
4.060776098849965821e-01
1.945385204506749233e+00
7.829711469419389225e-01
2.730994266077530486e-01
1.336237767280779476e+00
4.639205869429534612e-01
4.059279311320217465e-01
-1.344141736640765417e-01
1.818882338951313127e-01
4.011349479675120344e-01
1.239448645427077667e+00
1.995727736460627399e-01
6.725452535216946970e-01
7.102790866020282090e-01
-1.085112558931393689e+00
1.590552172404227527e+00
1.650519056011238384e+00
6.088296024620388769e-01
1.531450381259346960e+00
1.639865729997176169e+00
-1.123203504419087589e-01
2.943029488996320442e-01
6.797714625018725920e-01
5.934049237405154553e-01
8.075465514831947633e-01
-2.673218806319810348e-02
5.578200308425274034e-01
5.906875726235150115e-02
-7.523353583248107990e-01
4.919572586312150331e-01
5.775871305033511982e-01
-4.039646574109260202e-01
-5.322578742215586800e-01
1.011008089223506490e+00
-3.734215308458510019e-01
-1.643724555223662342e-01
1.958099239510849021e-01
9.106593488639554146e-02
1.013600800088209297e+00
9.675666323314949802e-01
-3.841962672772327170e-01
1.471601835823121096e+00
1.967022298115941092e+00
1.073245273656193044e+00
2.051796275208931597e+00
3.315477406436564412e-01
1.984370135512530942e-04
3.452186567153944230e-01
-1.888341033367766930e-01
-5.403460993464184042e-02
1.660091080952785791e+00
5.859870861943454745e-01
1.824807045499369895e+00
-3.263771123241677174e-01
8.248468120024434747e-01
-6.233741730486941357e-01
1.072892631083562087e-01
4.236926779897702833e-01
8.874588587644642868e-01
3.281121080020485969e-01
3.884880253012807927e-01
-7.237748609992933346e-02
2.573760585115876798e-01
2.970687031955635549e-01
-1.337430402398256390e-01
-9.279532469014259433e-02
6.252807444017518534e-01
1.451692417592896467e+00
1.406121050902145564e+00
-4.975832427539262914e-01
1.128198700381185388e-01
6.606098515605042243e-01
7.515539613061010815e-01
-4.057306166484356824e-01
5.409008985147971682e-01
1.154177004352835018e-01
4.473298172931987060e-01
8.990187400570148757e-01
-4.679937262271501863e-01
6.545063430582436226e-01
1.132014870461287348e+00
5.170872102602301901e-01
-1.598514075411040514e-01
-2.402508513567067072e-01
1.115616448897970958e+00
3.939717460812909300e-01
1.748293748849159668e+00
6.829149212963403492e-01
1.646316186389557901e+00
1.223927248867318518e+00
5.664196846367787197e-01
-3.955074859864038395e-02
1.432817078536003930e-01
2.333795189454072883e-01
4.004766103033898794e-01
1.720467895746461418e+00
-4.500276079878013508e-02
1.581794845558668894e-01
1.477408006748197167e+00
4.732915634634251023e-01
-3.946127214445797060e-01
8.308093639704066113e-01
-3.121174346619664530e-01
-4.226807817085579955e-01
1.769049532868204988e+00
3.613903984456693363e-01
1.321760194738437422e+00
-6.934107339074482290e-01
2.249416312255413664e-01
1.254675068327757881e+00
3.412465358910656832e-01
1.612366225746924231e+00
-3.483052205970396664e-01
8.971914574808170784e-01
9.077772586773034114e-01
7.953447940404216876e-01
1.063643185295815474e+00
-6.973013739841184000e-01
1.141283097988735395e+00
1.215576603628247820e+00
5.460577146826710582e-01
1.023762994474667343e+00
1.072829947944841988e+00
4.413041160842677835e-01
1.402798540282944817e+00
9.162226971684857002e-01
-3.296846473963753188e-01
-4.939947836957005456e-01
8.252093015634930362e-01
9.092536065290384162e-01
-3.932604436931900205e-01
5.339085270276782147e-01
2.692122436242344041e-01
1.516826251189331121e+00
1.570977305615045116e+00
8.124202650501377576e-01
2.489102359283366372e-01
-1.443681546226820989e-01
8.764437668376880985e-01
9.719742610518892212e-01
-3.379847996516365249e-01
4.270978943991413090e-01
-1.984089094948557896e-01
-1.015406216294987424e-01
5.147560963335469086e-01
3.152590619169192698e-01
4.869016831361732134e-01
-6.169071283597965527e-01
4.697061419195429077e-01
-4.190507479862805584e-01
-7.312609349996178620e-01
7.617589166411097290e-01
-6.087291706385740131e-01
1.142102376953457510e+00
-1.668190565038206730e+00
3.126561908377414878e-01
6.592319039807861270e-01
4.308424968686685452e-01
1.506961818661070041e-01
-4.652077381645912113e-01
-3.174533017356264558e-02
2.980829172670180771e-01
5.252657939268956522e-01
5.079244841603408611e-01
1.127417226775638603e+00
6.005651697351824803e-01
4.395675516090136181e-01
1.229452103756276893e+00
3.760499540770126936e-01
4.553073680851552618e-01
5.551931135783423343e-01
1.984532108537188921e-02
4.337762572539488604e-01
-3.450481758700519874e-01
2.246084129107306371e-01
3.720459629524701106e-01
1.030313855250476252e+00
6.978512044485761789e-01
2.101819888712287643e+00
7.995667129646992499e-02
5.274989281322962631e-01
-3.235327127020027338e-01
8.610897048751703364e-01
-7.468838167558587982e-01
3.496249863474737984e-01
2.688220516345899425e-01
1.376502938533284703e-01
1.041686391750551666e+00
1.212018216037864082e+00
-9.219016841213309998e-01
-7.620732568312812982e-02
-3.433976167036620342e-01
3.644812665834087362e-01
-3.626104360500917445e-01
-5.294258565148371454e-02
-4.590259574455692326e-01
1.041607318698304807e+00
5.425091597468805205e-01
8.874974798343966409e-01
9.685513906896647818e-01
6.896987967382084417e-01
5.250664390149768490e-01
7.994143999489743413e-01
1.420694538108775662e+00
3.877915287415814038e-01
1.876348109563277106e-02
9.391668693605659257e-01
8.626815518155627194e-01
-1.723027201103754513e-01
1.781412441693620008e-01
8.232628904733386987e-02
6.899006387810743268e-01
7.005217125175290382e-01
-6.147351149658948355e-01
3.674343047802377527e-01
7.171733990031107231e-01
8.996262614785781597e-01
1.595181741482228022e+00
-5.106622674801308825e-02
-4.130380883803158598e-01
-6.920729190214673920e-01
2.494674724710650437e-01
5.996706848026318593e-01
5.481066382238919399e-01
-5.227338197092915029e-02
1.703443139221657576e+00
5.984691943214452969e-01
9.171605858114562082e-01
1.090237324117886430e+00
8.417820808488400974e-01
7.076076491740176388e-01
1.349670260804459732e-01
9.496047522732401491e-01
-6.901504252845400700e-01
7.289084217754246975e-01
-2.017561029322828547e-01
1.366842218283199628e+00
1.904891966636678424e-01
8.581452253971280641e-02
1.109301695971131041e+00
-9.366872172252172640e-03
1.848568844190208393e+00
-1.199877573663313823e-01
1.273878384372681971e+00
-8.848532581570460465e-02
-1.601934265772436139e-01
9.117002647262998360e-01
1.317660548706620194e+00
7.574501087620051365e-01
6.882401297259275186e-01
-5.731441186431596169e-02
-1.300090550967774039e-01
3.569790542129281929e-01
-6.444048444460485914e-02
-6.209120736816334807e-01
4.511455161805971170e-01
9.957694921375286334e-01
2.088469736160953882e+00
6.168440476679064588e-01
9.311541460716168395e-01
-3.807852970835311490e-01
1.802024393713171913e+00
9.274102636298534597e-01
1.360170523726667913e+00
5.840271002814111101e-02
1.362147034651212341e+00
4.804063950846919617e-01
-9.453594519820174291e-02
4.544765879267223530e-01
6.506079359507054016e-02
9.582649473921319716e-01
4.726978811318770513e-01
8.308940665972642803e-01
1.029440174270251473e+00
6.446608757974457982e-01
9.006533954117557084e-01
1.435570655353680003e+00
3.144414178685169259e-01
2.271228061246725272e+00
1.887346449522847580e-01
1.487285814304173837e+00
1.296792256098378004e+00
1.388957742203845436e-01
-4.968868030339331221e-01
9.280458315662732938e-01
3.366099434958462755e-01
9.218596277983273080e-01
1.538859188646483966e+00
9.914798242327936828e-01
3.495719323285959024e-01
-3.613989418448065316e-01
1.055777177535002949e-02
3.414786314663036393e-01
-6.575688578226149827e-01
-1.049485847255402948e+00
8.577399259646989460e-01
6.018056263367841385e-01
8.678085579601200195e-01
6.556200072307719617e-01
8.874922639557727977e-02
7.572513534092782939e-01
3.056271349935646975e-01
5.672664819273016690e-01
1.505533341930510360e+00
1.668544793194433273e+00
1.228972465190501184e+00
5.223443922666772821e-01
5.781212228753886961e-01
1.540046354406269247e+00
6.179386579060900386e-01
-8.297503326689083247e-02
8.087767662617972864e-01
2.841724644547824821e-02
-6.565349010481901226e-01
-1.721072204724065080e-01
1.341163862922428507e+00
2.973544762108938366e-01
1.208577207052603963e+00
5.848905061162550378e-01
1.324519709759776065e+00
3.655591542875510358e-01
6.004720747249312485e-01
1.133586922786747442e+00
1.085811885334078797e+00
1.026170856245520735e+00
-1.728953012433105119e-01
1.029628481394025075e+00
-2.739925716381426124e-01
5.106747634073665054e-01
6.324551950033910908e-01
5.350983910402612453e-01
1.575250149057585425e+00
-4.493411410764160951e-01
8.529731063358565457e-01
-7.877121318506202785e-02
1.320660930462558946e+00
1.134775068854392277e+00
4.346412830020952578e-01
1.233880461067510925e+00
5.328936669003212501e-01
6.402934981268098014e-01
-5.183932797729481207e-02
1.759137602058378880e+00
-4.690581245200379779e-01
-1.507192138332390297e+00
1.513141589566190381e+00
1.703154431002350755e+00
3.573414410262604202e-01
-3.311881278611849555e-01
9.520055681715567930e-01
5.855390860789080332e-01
8.304638861472837252e-01
9.344185294032958389e-01
7.604252219794231937e-01
1.196053997388788481e+00
-1.493596715772664563e-02
1.239320529175053753e+00
1.185164283711882816e-04
-4.771344180386916101e-02
1.514293775338469761e+00
-8.833933135798976988e-02
2.316354265550621960e+00
-5.521734477268642749e-01
4.027983139328110140e-01
1.081396171369141818e-01
1.391194061682647032e+00
6.619542258265060930e-01
1.603689974305636756e+00
8.444167780263699408e-01
7.400767748903912535e-01
3.234036499775304607e-01
-2.559945493628759672e-02
7.341241181963721329e-01
8.285366855600705405e-01
-1.654096587781780370e-01
5.376030535177088732e-01
5.858161803924248900e-01
1.063682294691694397e+00
3.307789109777130587e-01
2.439041958739349980e-01
8.244203991788011665e-01
6.726867949678234926e-02
1.329865045781043476e+00
6.408750696873853903e-01
8.100718490277333816e-02
1.938224389576023721e-01
-1.019749606623064908e+00
1.947282518002958207e-01
8.595851871853328330e-01
-1.494332420898266678e-01
1.927472849584912495e-01
1.306055038348689079e-01
1.337063091172406182e+00
1.407520335205236228e-01
-1.507063912664625416e-01
1.620252410113455888e+00
5.622137106196238854e-01
-1.163128407531306002e-01
-2.642297297776372011e-01
6.898985248767143252e-01
-4.252688651521178698e-01
2.120073067474791184e+00
7.537661138965680019e-01
1.200416775256951674e+00
1.091114773995883747e+00
1.847982418213585998e+00
5.626394630789535167e-01
3.766929761117524533e-01
-1.481157488586676563e-01
1.786367134984765404e+00
6.666967391405150822e-01
7.695203442100736480e-01
2.629616129503074828e-02
-7.319739280526005309e-01
7.110591385415037102e-01
3.390990056541487441e-02
8.979553023559067038e-01
8.123666009657951603e-01
2.806282545566912701e-01
1.893708940915351732e-02
3.736371945462235167e-01
7.879724037110534818e-01
-2.125901038657402806e-02
4.795967412404251173e-01
-2.819824062312743795e-03
5.548259635354554353e-01
1.240000818944102967e+00
4.672197686672047712e-01
-1.565199597637332019e-01
-5.534333365804140065e-02
-7.656109940477551223e-01
-7.990787323037813472e-01
4.195607098217816189e-01
1.511605264532293713e+00
1.127080129678113135e-02
9.158480940893043432e-01
1.316908812846615762e+00
1.191744835492793309e+00
2.063743960209799777e+00
1.268506702470424852e+00
9.676632806794224773e-02
1.581472062957815394e+00
1.677715130398672816e+00
8.672174004201093078e-01
1.987993029566364589e+00
-2.793083961367660017e-01
3.918804976184066258e-02
-1.182466742207486099e-01
4.491228702818809149e-01
3.435575750719028765e-01
9.708894587437281176e-01
1.003544500147297569e+00
4.370898637544259335e-01
1.831742456705513833e+00
1.152360666587326943e+00
6.600927839307582090e-01
5.305115372475738278e-01
3.494877270039897788e-01
-6.170344167167235438e-01
2.052398300937345876e-01
1.507244181833230723e+00
-9.994714092039141962e-03
2.741095334311201004e-01
1.247195941053997476e-01
1.077625270397077450e+00
-4.080936635914340083e-01
4.928565534128530046e-01
-5.078232409766993971e-01
8.558733604474275669e-01
1.247881833290151121e+00
8.191687416833153268e-01
4.906072053476802364e-02
5.644498152103812894e-01
6.770538616840905410e-01
4.857490374865355287e-01
2.089394012904517428e-01
8.912281412771291267e-01
-1.352250041060179542e-02
3.588916184881535409e-01
1.008803225603622025e-02
1.162462997970629131e+00
-5.939280481570561321e-01
-2.355492832199111153e-01
2.305272545041695542e-01
6.575448201724136688e-01
8.113126102456218458e-01
5.573295560716837738e-01
-1.936481101592733844e-01
-3.069685503293384521e-01
8.856919756855518022e-01
8.350318762856524524e-01
3.286985631847924028e-01
1.555072840946509494e-01
1.068235384244499153e-01
-5.464831590171738140e-01
6.062420400400564402e-01
1.044278478763620566e+00
6.830231931314962868e-01
6.040786303466096907e-01
4.913846820735757737e-01
7.936261526895563301e-02
2.542371784094284437e-01
-3.262965942165641509e-01
-1.823544862370789776e-01
8.738646926387036995e-01
1.187804032021935408e+00
3.516874832345101565e-01
8.162427517079434702e-01
4.784905815912889882e-01
1.086040787283677478e+00
5.998979150448860986e-01
-2.412100350184270825e-03
1.786147724900264966e-01
-2.857765855735228677e-01
-5.259709397566221245e-01
9.077779178463198928e-01
1.061804426537536150e+00
6.489353040668803529e-02
1.205485157622990133e+00
7.038526320198729147e-01
7.796910681482693839e-01
3.215884405174544991e-01
1.122524301355152243e+00
-5.245225570357219258e-01
-1.241221093721821322e+00
5.810340297653669994e-01
3.188601055959406350e-01
3.547113008622906904e-01
5.965979739820773675e-01
1.293345653888963387e+00
2.354666936881624206e-01
1.241583884049089814e+00
8.187658542396895056e-01
4.687054474989208463e-01
9.874377827749565295e-01
5.438801750692462411e-01
3.081147835931080659e-01
1.849127669794784712e+00
1.296870424571399116e+00
1.563851979690217942e+00
5.604101627421327336e-01
-6.492162804877553706e-01
7.789011805885116546e-01
5.702298050155831799e-01
3.565835321874885611e-02
1.286904945064794470e+00
1.496860733568388668e-01
-6.036827195391543388e-02
1.137413203604463963e+00
1.177525870470209846e+00
2.935007236747312898e-01
-1.420544094089673352e-02
-8.215231728189229532e-01
6.247934008497351144e-01
5.862880568044060992e-01
1.342442689762235686e+00
-1.902957297697419614e-01
1.738455657960865652e+00
-1.504874554465023551e-01
1.240991608191021722e+00
1.187655979534922579e-01
1.337093313511832804e+00
2.866303770447751198e-01
-4.474046879363536844e-01
2.146529299907268817e-01
1.785446297299412843e-01
1.600598803007453608e+00
1.888907245121408396e+00
-7.031234006951363469e-01
5.440378665833891514e-01
1.578812096886834104e-01
-1.919645259744220678e-01
1.395832713651522949e+00
4.620666528491410574e-01
1.044280363265310152e+00
7.189630315848445363e-01
-4.583134442306807110e-01
2.808765377957553322e-01
6.320995428275756334e-01
1.168876790447097358e+00
-4.851653974963384131e-01
1.080353298036407228e+00
5.129264061607122782e-01
1.147913318505311697e-01
6.246612208559209067e-01
-7.693108455212394059e-02
-3.662538399717208404e-01
-5.058225740258128766e-01
4.122854699020139235e-01
1.394358609041073116e+00
-1.856340726528675766e-01
1.134864809079236592e+00
1.054088448645678300e+00
-2.194071786573113803e-01
8.265224375631311515e-01
-5.236809638892950813e-01
3.435141015281648058e-01
2.413667851160916089e-01
-1.260070210705860339e-01
5.095023730720262822e-01
6.911273229627250547e-01
7.314655751388681182e-01
1.087741205414165524e+00
3.698067181451842877e-01
1.113222776631598743e+00
1.056166704618350716e+00
8.987531641655623904e-01
4.283535134295367586e-01
5.314079504933596487e-01
1.113319241234035584e+00
2.555852028908314644e+00
1.234382436450422782e+00
1.093086876518003514e+00
4.157355625314022585e-01
-4.771119740333264192e-02
1.404336082084060466e+00
1.082740388441001955e-01
-1.874807321970728691e-01
1.394733210528469103e+00
6.197602623019200785e-02
9.035076470146379268e-01
9.844913762043976391e-01
1.093779458628779455e+00
-1.078424195972743638e-02
8.095226100673773573e-01
1.856030656348738317e-01
-4.490030195402566204e-01
6.423828779224136643e-01
-2.824453917381353762e-01
6.418254681564343755e-01
4.190170331202290877e-01
8.206162680959519506e-02
5.447374724733768936e-01
3.895415722701316974e-01
4.199937859325783007e-01
8.853173462171762820e-01
1.245381360167967244e-02
1.243186658305875048e+00
4.933883739624548292e-01
1.688468431478851839e+00
7.883902881963198439e-01
-4.114574171070719544e-01
7.629807804680904110e-03
4.637341861066001103e-01
1.319476325366287561e+00
-6.901546440435035734e-01
9.512048986983729915e-01
6.708825009358146962e-01
-2.383104738148688617e-01
1.761323298106082458e+00
8.988777105507043119e-01
9.093321553877062868e-01
1.741723498042519358e+00
7.662205803643473701e-01
-1.935289796140529928e-01
2.822677725208194155e-01
9.596055985282133660e-01
5.815902075722455614e-03
1.153041362593352659e+00
1.428074114358751201e+00
1.874393232214137228e+00
-1.274998706935230319e-01
8.682017085815750823e-01
8.212854789968946356e-01
5.679429891885481307e-01
1.009631075748561813e+00
1.060386856910187081e+00
-9.745126108756700933e-01
2.319734221033445676e-01
-2.790886449710711648e-01
6.404800372944314812e-01
-2.423129939486720619e-02
-5.289685096832537348e-02
1.270684598122250764e+00
4.332870447184637430e-01
9.267229686495550567e-01
5.882999589743356239e-01
1.508333934438216284e+00
4.420903325898157266e-01
1.069525919909578349e+00
3.151712862161346052e-01
7.997163271200707912e-01
2.000910761443619734e-01
3.483184298078746410e-01
1.139642954815818454e+00
1.703407823406304367e+00
7.048410543599292755e-01
1.661241720383336284e+00
4.634710151364682673e-01
1.004904201024173993e+00
8.850153270338152467e-01
1.670627281564617483e+00
1.405883453047314546e+00
4.338060729469377930e-01
-5.942391457301210433e-01
6.696824951785893543e-01
-2.819482669045287881e-01
1.298165827397802286e+00
7.095424817241816617e-01
-6.040518021022405204e-01
-2.067654985519167266e-01
-1.628686892013291587e-01
5.864683764403898492e-01
3.129093809720357444e-01
-6.306210156875664552e-01
4.809413249306012661e-01
5.521503611476279438e-01
5.425509362930873714e-01
9.728701956293392961e-01
9.331053236774008441e-01
1.169920603370956824e+00
9.774393507612756382e-01
-2.125987163016632153e-01
-7.337005667071566650e-02
5.159396354330525458e-01
3.852688775619161898e-02
-3.164959678768758389e-01
9.402700300793371824e-01
2.965113212004821808e-01
9.491696868530914433e-01
2.212069539848656174e-01
4.080011641712841808e-01
6.679516640706795183e-01
-9.404696095959619306e-02
-4.687684765972380263e-02
3.248591152960347839e-02
6.208392239504144650e-01
1.738758591221766903e+00
4.117796679126767279e-01
1.104774144374210954e-01
5.784713942375726559e-01
-2.471117068906468484e-01
1.006542397919875986e+00
4.354067509908096101e-01
-5.883438005477762411e-01
1.887997363339916634e-01
4.904444808138091472e-01
-8.777287807134433184e-02
5.034162142165039544e-01
3.860478932823327436e-01
5.201147738247140911e-02
-7.048418607883509823e-01
3.611081247282457024e-03
1.026070001572470858e+00
7.908196106003460013e-01
-6.744786983989567442e-02
-2.071044703796331432e-01
3.741186292280023196e-01
-1.005115276666391555e+00
4.545380110997110368e-01
4.306007021291215486e-01
1.605103121645557462e-01
2.238962500790126486e-01
-3.558610413602154576e-01
6.250380748937189868e-01
8.256616726077862234e-01
5.461882790637405671e-01
-7.759203492572355199e-01
9.275438627649327250e-01
1.386965254609108689e+00
4.574793305338261673e-01
1.054231812483390485e+00
-5.219871485504132824e-01
3.488810731478305532e-02
1.220132094363692410e+00
7.521020764217088983e-01
-2.065599489446475617e-02
1.347076199186941547e+00
1.093195415442808960e+00
2.774926157723338616e-01
3.791619661977574385e-01
-1.193611866143006184e-01
8.775319004513835175e-01
7.480139602081035122e-01
2.285830078995820358e+00
5.715792196334241737e-01
3.248344439921667381e-02
1.736463371627226526e-01
2.504366680564658054e-01
6.221284011583483320e-01
1.037344471419168634e+00
2.037108576772244550e+00
7.308681391482635403e-01
9.586176152536990402e-01
2.948848624283155750e-01
1.036324980299299758e+00
1.544489558389887884e+00
1.222471013311605438e-02
-1.153099470839149265e-01
9.609475945612704351e-01
1.547357209533144706e+00
-5.894175345020984391e-01
8.943322575171399613e-01
2.666144213014912667e-01
1.173642168902916255e-01
6.321211590289881332e-01
1.123263554460826708e+00
8.649988154358541070e-01
6.786027828903827830e-01
5.168846129254850430e-01
1.657941803355165611e+00
-6.845835834102668993e-02
7.741390680820653403e-01
1.823501666172247238e-01
1.225117028527592966e+00
1.539684108447962885e-01
-1.743953174941687001e-01
4.906196581829377346e-01
1.068388462782839277e+00
3.085406973171171408e-01
3.786416614551204596e-01
1.010690708989949727e-01
1.404136020366524518e+00
6.232958962555041893e-01
7.230299183178769962e-01
6.357996391772662292e-01
1.233169466607961118e+00
-3.947153964119390346e-02
1.203338095059108603e+00
8.225162411261093265e-01
3.278691418004185953e-01
-3.596271935637861961e-01
1.305102030270588243e+00
7.068867722487730543e-01
4.804729739558163959e-01
6.140097468293194416e-02
1.246508530615924260e+00
5.064214939019701101e-02
7.422866103028907814e-01
-6.817420596873571825e-02
1.111845331758908539e+00
-8.760967112500568643e-02
-3.080311846898599604e-01
-1.857239213213745244e-01
6.730720581427500626e-01
5.881014099916583859e-01
1.629645879768937933e+00
-8.318745877648256459e-02
-2.854903809209267118e-01
6.413535842501957851e-02
1.054883332534631624e+00
7.997158149645859915e-01
8.866790947939456879e-01
8.615825511784548363e-01
-8.756284671976137801e-01
4.088077638950536885e-01
9.584770576805118347e-01
1.172325774575958546e+00
3.308084900550821161e-01
6.283299221694115255e-01
7.617659469793991445e-01
1.363519378703246243e+00
9.971937333089188060e-01
1.627507961157051763e+00
-7.990366932655944554e-01
-3.620220934268868485e-01
2.901732399019166589e-02
1.062518161848263532e+00
4.095453789714926796e-01
1.254470155447747537e+00
1.727192248748562031e+00
8.404906735876045420e-01
1.176663488700850690e+00
3.199115561508653061e-01
9.299937034613015019e-01
5.097384647894616094e-01
-6.582946193166642201e-01
6.891575179568640852e-01
9.717161290041574639e-02
-1.155037296481723486e-01
-8.418036485789230916e-01
-4.031945246467545374e-01
3.397298406696075412e-01
-2.010223996494647225e-01
-3.922125617272738674e-01
1.440451327671049206e-02
9.170670695264312444e-01
7.241335759464349875e-02
7.791373100472311908e-01
6.008902764251897732e-01
2.985630729088820656e-01
6.467121575869786421e-01
-9.272529524563447034e-02
-3.243188744235764309e-01
4.415772060210531036e-01
-1.990577056804284650e-01
1.166858008279884285e+00
7.721252913825598085e-01
9.928797180889419316e-01
-5.162023773202339960e-01
6.465149386654399644e-01
8.627535149758194244e-01
8.248331169368858240e-02
2.630640715997265566e-01
1.988846826793956579e-01
-8.003273732729440648e-02
-3.865120860524489110e-01
1.129551805443765211e+00
-2.235063202895718470e-01
3.319763371934160712e-01
-2.003862828392951601e-01
7.799205856540608606e-01
-1.065210685570300519e+00
-1.313588630059034645e-01
6.265357586016404579e-01
4.867144231461972836e-02
7.816068500884351122e-01
1.263325084227069350e+00
1.927062066922549943e-01
-2.639437453751388718e-01
2.504903371488901853e-01
8.022878514454631071e-01
8.015211518763432075e-01
1.074938357463362193e+00
1.373930328417048985e+00
5.531267986657554259e-01
1.008293124980881750e+00
1.570437470871589580e-01
9.226145047011934108e-03
5.604340784157453292e-01
-3.263147733248772386e-01
5.829638283301402657e-01
4.166028313686446771e-01
-2.758065884435519366e-01
1.332682233619780776e+00
1.811401212289552864e-01
1.130703881966454549e+00
8.864587899012188466e-01
1.090484944409620294e+00
8.813381084107692054e-01
1.019316268698084338e+00
-1.270256402980409483e-01
-1.590980067924717967e-01
-4.581952319182611699e-01
9.413451973943681717e-01
9.080248827614426088e-02
-5.577845754944157353e-01
5.123155191635724304e-01
1.390053751077003241e+00
1.085640546858156918e+00
2.379126830648564894e+00
-2.875316724653108613e-01
7.447193067756924245e-01
5.904105517206119647e-01
5.720761209696753058e-01
-1.016655130994085887e+00
-2.089297464727340459e-01
7.771749418208693250e-01
9.385156244798054104e-01
1.605607709151526619e+00
1.619217639996288316e+00
-1.991204432614228914e-01
5.535597191378709842e-02
3.791936767394620267e-01
7.745640050036136648e-01
6.622803764970414120e-01
7.755740334930611990e-01
9.968435832860595980e-01
1.789045978101681811e-01
1.654288810818232758e+00
9.670576781572423064e-01
1.444183851347671688e+00
1.270192838618292797e+00
1.598143521395717137e+00
8.246016500641398794e-01
1.870990783190442652e-01
1.411641476358074243e+00
6.697661281848310555e-01
1.287538300715036277e+00
4.670331766770188797e-03
2.434919631820258168e-01
7.969220636177530570e-02
5.081895580519726341e-01
5.142686937124123503e-01
7.243868428321367237e-01
2.071306208990922881e-01
1.071349992319586608e+00
-1.130695444683079004e-01
4.708068193330002815e-01
2.073941791858650852e-01
7.342985903583142404e-01
5.834770431656706169e-01
1.948157798693663789e+00
-3.044209607907270021e-01
1.386051275416650075e+00
6.105430294821426740e-01
-2.521218355653906049e-02
1.314494033806313578e+00
9.782723225927134614e-01
5.224489861790366785e-01
-3.905219630031799005e-02
-2.304218955111540235e-01
2.948675254660121023e-02
1.104733415089501403e+00
9.455978876016488677e-01
-1.323021775398301736e-01
-3.159877691072207617e-02
6.916792549655392808e-01
1.827136093229397629e+00
-6.186186646208766682e-01
1.152024486879111409e+00
1.456686680949570989e-01
1.574810962460400310e+00
-1.049112799884043268e-01
2.015473363455370759e+00
7.404174937522660649e-01
4.156007343290580303e-01
2.230392110079210122e-01
-3.721187124768755017e-01
-4.047866879457040490e-02
-2.826323411799251673e-02
5.592661765022974851e-01
4.272176887695331438e-01
4.830303121084452145e-01
1.011629433769130282e+00
6.862176403835184013e-01
1.154274785587157126e+00
9.654232679892361668e-01
3.580180454572045035e-01
1.336204636282195990e+00
-7.577605664159822035e-03
2.102455042303888466e-01
6.539893473732630857e-01
1.229617918712159863e+00
1.839525018238934717e-01
2.474984289232247392e-01
-3.104635704986383193e-04
1.324094268607072467e+00
1.108268476893252696e+00
9.893795233354941709e-01
3.464060825233170604e-01
1.187355046571976214e+00
6.902267058451821979e-01
-2.607506143254831876e-01
1.241317454912250318e+00
-7.717391140677108685e-02
1.364177125940983504e-01
3.629149008388458109e-01
1.666675727688732289e+00
5.559276431424041709e-01
1.783876244647913500e+00
-1.679400239096676128e-01
8.049712748931424633e-01
3.673517753551893694e-01
-3.785985457668434861e-01
2.779830020408848856e-01
7.692881661971827656e-01
2.064825420761517982e-01
3.552865222074580998e-01
4.871930411326366728e-01
-1.360448043239450566e-01
8.557687805553139404e-02
1.653139916778954888e+00
8.752236052833312074e-01
1.123455276412393955e+00
8.470348658859393476e-01
6.302983435400069112e-01
8.096802222932379944e-01
1.344614245855285217e+00
1.055105619360534375e+00
2.929469044692994961e-01
1.148900123511115590e+00
5.516680942492543371e-01
8.756313316964998705e-01
6.172870924910228707e-01
3.207336292656150500e-01
1.522226252538986468e+00
1.171003102273121765e+00
1.004939379688191581e+00
-2.553282751816888380e-02
-1.376012465257988038e-01
1.068748649749472923e+00
1.190050795662398686e+00
1.553689711727489264e+00
8.980541720428613095e-01
-8.411751520776599156e-01
1.207339564819617017e+00
1.704029373855174834e+00
1.533207883291159312e+00
-3.216773682444302174e-01
1.386412891917964796e+00
5.908383736733026081e-01
1.040111099403607353e+00
1.077114565005687696e+00
5.074704082740061351e-01
4.373246197313120365e-01
7.363428247997024778e-01
1.399293792448680129e+00
5.933621818287282412e-01
1.896184698624562293e-01
7.237079097477859824e-01
7.237804187367187225e-01
1.848524355335035563e-01
3.443756441336688345e-01
2.372933163386435340e-01
3.313688442121305866e-01
3.068022222578565827e-01
1.177571111484109645e+00
5.830373187523059109e-01
2.589639106871406415e-01
6.749978368923227334e-01
2.109905414649004829e+00
-1.102298613947208655e-01
1.956484214722793435e+00
-1.946047600764847507e-01
6.515179955133120204e-01
1.103602538229776941e+00
7.851224885961741173e-02
1.430546961961123076e+00
1.157913051539155136e+00
1.925901046016275930e-01
8.314748868718461194e-01
-2.992383333072118901e-01
1.472399625295760295e+00
1.040839797201063011e+00
-9.508854607762063926e-01
3.407029247497131985e-01
4.262771589667774808e-01
1.655606617803607739e-01
-3.571655267248227683e-02
3.563409014053630086e-01
-9.349296020988066003e-01
8.550475653601004034e-01
4.598756628794214985e-01
8.305165192742274272e-01
-4.693957736270087250e-02
1.864498805029202178e-01
1.224478636162298351e+00
1.155199057147190844e+00
7.752671425537641658e-01
5.107619506377063245e-02
8.636606554772654487e-01
1.601997514267828437e+00
-5.752834724424236296e-02
1.497907811734184635e+00
3.270480433446443791e-01
5.899907791143852442e-01
1.226538828143761473e+00
3.808575686091760781e-01
7.416009385901328743e-01
7.617863611807015323e-01
-6.496359811136737106e-01
1.897357789508365700e-01
1.064310725499564292e-01
3.289413601954945254e-01
9.564941623623955669e-02
8.977680767516551530e-01
3.331987359781726221e-01
3.600626330257614832e-02
-4.948227695368186407e-01
1.559813370220592965e+00
-7.229995430162180492e-01
7.424484264784488863e-01
1.103493911322899867e+00
9.020442774367821992e-02
1.835928328578252944e-01
3.265821068273198069e-01
-9.517180676277713358e-01
2.000076943481515990e+00
7.992620615002971052e-01
1.618307028667285596e+00
3.917425579144742653e-01
2.781681689481851905e-02
1.254849895306096030e-01
8.036338630762660529e-01
-3.668322717576152359e-01
-3.243233412634663471e-02
1.674933025780464435e+00
-1.002171524273468339e+00
3.225764588894908247e-01
1.329288411629376609e+00
1.602956315070517945e+00
-4.374219222841266297e-02
1.535194036673181439e-01
7.174374754561060330e-01
2.591624927840748827e-01
1.982839957189062918e+00
7.952792386704267136e-01
-3.414676685608121209e-01
1.372132398521338059e+00
1.726458945272435208e-01
1.461339362239765516e-01
4.416834182126845310e-01
9.439149054028307395e-01
1.096479173232484783e+00
-2.266682730339044383e-01
2.553900912573952575e-01
5.599531965606305839e-01
-2.767720387331403797e-01
-5.605600090379721234e-02
-7.739221726721982053e-01
-6.010426157611037379e-01
7.826476385553060577e-01
1.780143720219659498e+00
8.155974065852129584e-01
8.477879649377847993e-02
8.603435360398827836e-01
-3.243655263064916250e-01
1.856676500240391103e+00
4.117166621602837417e-01
5.761368628376504208e-01
-3.087728607218229171e-01
-7.066717152364587751e-01
-1.948788911169719584e-01
9.389343635624288753e-01
-2.702499384853295217e-01
1.305163498108873998e+00
-8.757698647665971281e-01
1.703187692490614191e+00
-5.159996344354125797e-02
2.432154502119075468e-01
1.571330768461358440e+00
9.035225460204421299e-01
9.596718655677297649e-01
4.846442043055358417e-01
7.787125528494159843e-01
-1.482291659729441727e-02
-6.826864593251122937e-01
1.388970870642874722e+00
-4.402646800261319493e-01
6.337675652532495096e-01
1.501971090056479552e+00
2.101921614167165941e+00
6.634677449076040734e-01
1.168538534586798239e+00
5.956179904327238983e-01
4.808144815468526900e-01
-1.729796561304982327e-01
-3.285226746737749393e-01
8.446155220565130239e-01
2.911984294520833516e-01
3.541870285523154305e-01
1.613771158405726380e+00
9.440414226305270384e-01
-6.951926735410676739e-02
3.728342400109652122e-01
5.927945964201071227e-01
4.591363630611847713e-01
-8.375468145934074071e-01
9.569867579365424204e-01
6.142014654677887542e-01
8.161478939402042609e-01
4.899134265489249462e-01
1.712175111855873233e+00
1.189782510561594675e+00
7.841321832391925373e-01
1.320573296552624357e-02
2.395235160497390381e-01
-8.075458975887310764e-01
5.185521996051027926e-01
8.749051953583294461e-01
3.060739117461803716e-01
5.360653664227954529e-01
5.033772486732687179e-01
1.061132508021042975e+00
-5.096954136513363043e-01
-4.485720274974743793e-01
1.251959324431581644e+00
1.197694181983253614e+00
1.245940372819424047e+00
2.349763038929407521e+00
2.881845134686615850e-01
1.224200689867424030e+00
-4.612932608588777850e-01
6.703383844854190476e-01
1.932902080886211293e-01
4.182553636517972739e-01
1.181061650069500091e-01
6.258384594074545282e-01
1.194657730320139777e+00
1.567598903208449190e-01
3.569656383644917441e-02
8.913407650975552210e-01
1.935314716551433389e-01
9.003008457491232797e-01
1.049728865309527581e+00
6.965282871024532918e-01
6.328691565300226252e-01
-1.834561024456861644e-01
5.756339386067109709e-01
1.341561500042929511e+00
1.491637797895848383e+00
6.684459201376808934e-01
3.086031432703247313e-01
1.069207054998803086e+00
-1.367495364061951657e-01
4.958185547074044908e-01
5.324047766500178414e-01
6.045462041372210438e-01
-1.469062992543091750e-01
2.517380233719848648e-03
1.135689923915594646e+00
4.527977746381013358e-01
6.611584392621645545e-01
1.162982887875050331e+00
9.811042133065298043e-02
3.996570203728436188e-01
1.213078893507334444e+00
4.578724427357715454e-01
3.888854028906377769e-01
7.865459478224313683e-01
1.469075698506065564e+00
2.723108005714742763e-01
-6.605328151789131852e-02
3.544684370936823647e-01
4.051907497933136537e-01
3.892045557490507734e-01
1.472777420325739550e+00
3.510269939659348137e-02
1.436073785904718181e-01
7.476540009923783592e-02
3.268034178407984713e-01
2.557148330549042781e-01
1.151254917021282242e+00
-1.703407459696931747e-01
-1.011168794962923556e+00
4.791142150316664572e-01
4.831712646147676149e-01
9.056694422489315333e-01
1.769611909799879146e-01
-2.204477170359880056e-01
7.713571735595962098e-01
-1.893381357275391030e-01
7.745842237063868541e-02
-6.106959562744314063e-01
-1.178869114906664350e+00
1.860710684401654103e-01
8.048066659828828628e-01
7.685518678790672631e-01
-3.445358319046147311e-01
-3.496155433567773030e-01
9.202828895126291542e-01
7.169016316571541481e-02
1.132448271694010966e+00
1.233196818932893013e+00
4.413913500093248343e-01
1.770861687505314030e+00
-2.438701374835527264e-02
3.931818135339492093e-01
1.443318314187538587e-01
7.702706925024535578e-02
9.497313684411977652e-01
7.681147736027971185e-01
6.758028148331718388e-01
-4.665243018491359583e-01
4.781460131266632163e-01
-1.543034480428724931e-01
-1.346178463030366090e-01
-1.168766740408253568e+00
5.467501762374511465e-01
1.082347865014396282e+00
4.039548693334006901e-01
-5.426946741360421100e-01
8.590052948302895341e-01
6.378183487112716321e-01
7.779451048055976425e-01
3.455763922254926485e-02
1.550032006733154777e+00
1.033312603799594553e+00
1.129033093782676467e+00
5.454780193892272422e-01
-6.964794813194694068e-02
9.203594293632667567e-01
4.346867725491720957e-01
2.581073572377340364e-01
5.184092435368494733e-01
1.151807334082788126e+00
1.115108691479063774e+00
1.841272376707475456e+00
-9.674906865455216165e-01
8.173857460471772862e-01
6.850702816086973179e-01
9.699725668113050592e-01
5.965067089732526417e-01
9.905901602167186404e-01
-2.782671846788561248e-02
1.277268604441233357e+00
6.658332070038797124e-01
1.506535219462414199e+00
1.722582341389238492e+00
-2.622700165689259566e-01
1.162579309741371247e+00
5.340136551216312366e-01
1.584340990212163014e+00
6.124645176676428715e-01
1.715406970566989431e+00
-2.252791396168349058e-01
6.239518869298629200e-01
8.616381471731112685e-01
7.706817342760261536e-01
7.568748744067588241e-01
5.612195307052575410e-01
1.309206901727384187e+00
3.409857101922763589e-01
9.160687762254398070e-01
2.483776219487170700e-01
-7.717813086403123579e-01
2.831182053930345610e-01
1.104018219852666016e+00
8.315368609247193454e-01
6.332733103220948845e-01
4.269658158729667807e-01
4.657513966980223463e-01
2.100785748281757404e-01
8.494769903325897209e-01
1.112603982376417111e+00
1.702688225007253642e-01
6.646917503761390345e-01
4.810681185798646453e-01
7.608658806658984419e-01
7.718155622642717262e-01
5.358209776543393366e-01
-9.424529055695012036e-02
4.393610510110164680e-01
5.731924786928527249e-01
1.718681393554987169e-01
-2.911154563706177534e-01
3.132956543247125136e-01
6.671946657683149873e-01
-4.628546644230200485e-02
8.285626111536535943e-01
6.446797835311186553e-01
8.827279300638262161e-01
7.089999068972471230e-01
4.689595548981084216e-01
2.847658635881838429e-01
5.774243616232427323e-01
9.815539982541646724e-01
-1.532768260854619480e-01
2.041320086516305476e+00
6.674164224892772390e-01
3.345509423422566853e-01
1.265435279977106253e+00
-1.977279068795571859e-01
8.922656592900419792e-01
-1.127127192063925865e-03
8.802822589679883958e-01
-5.208665681116596557e-01
-1.247291431197573019e-01
4.963205061737314960e-03
1.432260135136976587e+00
4.131474132078514772e-01
1.159957924593205014e+00
9.779198398821090654e-01
7.856482818866924456e-01
-3.447555657062573720e-01
1.034142898190493431e+00
1.183324821381446457e+00
6.853329022639402801e-01
1.377396120640905552e+00
-2.346148274725201321e-01
1.570264178282422041e+00
-5.755028016896188703e-01
3.227520552081821759e-01
1.652413711654094230e+00
1.876270101617939945e+00
1.628515198895002791e-01
1.169116294490596619e+00
5.210043886705695293e-01
-4.703232635678521456e-01
7.868464175215148515e-01
7.781860943809447706e-01
-2.205998542824728625e-01
4.910830854446892602e-01
1.038066805862946973e+00
6.363862256030636821e-01
6.680156579857754462e-01
7.748592685881220410e-01
7.115097009771762515e-01
-9.498392758999493757e-02
2.459212991793770231e-01
-2.563244151167155538e-01
1.637940527611882136e+00
-4.291267593128132440e-01
1.519460615657820091e+00
1.306487661541010148e+00
-3.470150377290163735e-01
4.173136747329245222e-01
1.202141671538404122e+00
3.444443552395792113e-02
1.965113179035581914e-01
1.110793583864733147e+00
1.286752838126721699e+00
1.009420995245226438e+00
-3.194002337394938329e-01
5.079532089575607978e-01
1.489853860595900414e+00
6.484547793344956901e-01
1.850405360073684724e+00
1.331098584962093545e+00
1.033049783298979479e-01
1.428501594635048555e+00
-5.508303684518429943e-02
-5.398132714290447831e-01
-3.018865149356188549e-01
-5.413011998008886438e-01
-6.554245847913964251e-01
-8.355663456410047374e-01
8.309057747673797012e-01
4.898310752133438473e-01
6.281604762412454912e-01
1.674454034234788669e+00
5.777563866647631441e-01
1.279993383104339300e+00
1.774871422773802720e+00
-1.078033241137176468e+00
3.253083109834126740e-01
-6.383975177766756381e-01
5.602568716157136919e-01
5.417157558364468217e-01
1.153109739649563315e+00
6.064036085639701312e-01
8.126505318218967266e-01
1.028594152813492757e+00
-5.692159537811593006e-01
-6.061926414705877120e-01
1.082557947987886404e+00
1.354016139589015566e+00
9.722492091206449416e-01
1.346272354244325342e+00
8.903256789704364627e-01
9.890430410702695241e-01
3.082453873735105376e-01
8.834822918951271697e-01
1.849262659761946592e-01
4.301368918014158993e-01
-1.250399577398702888e+00
8.741656329750483456e-01
5.094763888234634663e-01
9.464712429765709256e-02
-9.052163710317376322e-03
6.503976214870843542e-01
-7.351900403535513995e-01
3.457082117178471026e-01
6.381444238714968353e-01
-8.357114112700575470e-02
4.512731786883888985e-01
-2.625403005788651267e-01
5.316428269303932197e-01
8.267681976974505798e-01
1.586340296622307688e+00
1.463084165057472852e+00
6.920621549827993269e-01
7.837687167302224145e-01
6.267807952267451244e-02
1.170722227201925092e+00
-3.741023427326460316e-01
1.111241823191226052e-01
7.897671835204184143e-01
-5.731520047473774859e-01
1.102703796286182536e+00
1.149274163812744831e+00
6.138079039216277621e-01
-1.190395571490951543e+00
5.052499216187170683e-01
1.587652972302950216e+00
3.098488317926161861e-01
2.503404237953818501e-01
1.391927457129287449e+00
1.801218536468678355e-01
4.396888541491276170e-01
8.728563033014832273e-01
-7.106019744800814442e-01
3.452215420306259386e-01
8.294966049009667719e-01
1.600116738914318493e+00
5.894303784169394600e-01
2.328052423706045843e-02
2.118957076281413054e-01
6.610277099303112358e-01
-6.300338448099583877e-01
1.937978667486987217e+00
-4.090442964099590961e-01
-2.487769225540599483e-01
9.817446272770792293e-01
2.890837125673373365e-01
3.136434138688376505e-01
3.399457779279783098e-01
4.708640340284482306e-01
9.559278777277452344e-01
1.316741138886672047e-01
-5.359496103524717947e-01
-5.791019879760615774e-02
-7.996159257318405378e-02
-2.475397241118003355e-02
8.663393818055894480e-01
2.072784169241341790e+00
5.735337883161487627e-01
6.239681858022873284e-02
1.075336700621612573e+00
-4.222668163361011362e-01
4.055706880696337002e-01
1.657115255586877556e+00
5.138047530319582723e-01
4.938012313971799627e-01
-1.802639875699258987e-01
6.532003113655200366e-01
3.243291824865395245e-01
1.051419013291900573e+00
1.239642880259743229e+00
8.131614226087480191e-01
9.036457142780895957e-01
-9.231346946788392405e-01
8.453021631628292454e-01
4.979666272489002843e-01
3.219748826202752379e-01
8.735471170540991537e-01
1.543029302258953184e+00
7.428155467400307521e-02
8.714384975555489188e-01
1.021562693712108283e+00
1.355503889360020198e+00
3.816382821980293105e-01
1.384025609674778834e-01
5.323561093881454820e-01
5.669543448229090732e-01
3.979296415040763368e-01
4.332993246551618549e-01
3.952311225933659022e-01
4.480492392418335967e-01
-9.185592319296417285e-01
-6.901561329624639196e-01
1.262030993909506238e+00
9.480521765136811219e-01
2.650372347771765558e-01
-1.029019928634830883e-01
2.477062745787733111e-01
-3.572629598412521701e-04
1.086684593511676900e+00
-2.138808034127566426e-01
-2.180301780015875268e-01
-1.203929975689733284e-02
5.052065272122853168e-01
-8.524443781171644474e-01
2.355065109980236659e-01
-3.381728881820179056e-01
-8.337723602624981176e-03
1.543094396799800760e+00
3.387121127336591986e-01
-4.629064336913032984e-02
5.415841864036301523e-01
8.754087113654163144e-01
1.196476987367284472e+00
7.239351478419056019e-01
-2.824906868796129844e-01
-5.704291944880765519e-02
1.330488933695122222e+00
4.468732103591048221e-01
2.583375051831591218e-01
2.994125474528750441e-01
-3.778490270398894291e-01
-9.882917393597581146e-01
3.489068352535238393e-01
-7.714323188239329276e-01
9.357145015430372581e-01
6.736351623252414544e-01
-1.092969006945971183e-01
5.844631439435306053e-01
1.056557624109600857e+00
2.711094285611307386e-01
3.534654835738195722e-01
-3.136438332961314912e-01
7.117381788444540058e-01
-2.548537076225151354e-01
5.791764339895720815e-01
1.202896728674589744e+00
8.184184500497363457e-01
3.936746752717687481e-01
1.844014962024021154e+00
-6.882758523273737605e-01
1.268046608404965525e+00
1.342507758859287081e+00
-7.742225716080712861e-01
1.251004304433607883e+00
1.728576990002576030e+00
4.712889054489743379e-01
4.203510730566902831e-01
1.223012381616193522e+00
8.736737718048762646e-01
3.285012834859463160e-01
-7.951658338125527914e-01
1.133729140538212478e-02
-3.835242807418166588e-01
5.388594155533422692e-01
3.469468230727581481e-01
6.159774217768200222e-01
8.836164972837687870e-01
1.403842841620420501e+00
7.271538880033061591e-01
7.458338492482678994e-01
1.320231031713490433e+00
2.761151793841489788e-01
1.318496610915903533e-01
1.667771352989700251e+00
-4.952781207937304031e-01
1.144491888643686395e-01
9.526095126371383337e-01
1.522684608047028876e+00
8.344421859321825563e-01
6.808450335249385255e-01
1.764779950863604396e+00
1.373941251338097747e+00
1.352621565992259578e+00
-1.990091251478554590e-01
1.395507918541466719e+00
4.652950060840566615e-01
1.132744273936768575e+00
4.042053956764939115e-02
3.324899789109985737e-01
1.628275023615501027e+00
2.042083288424724419e+00
6.364321901658094305e-01
1.603966697799750762e-01
-1.716121108941220663e-01
3.610343412204279900e-01
1.126287938923868692e+00
5.233914093130415113e-01
9.561214009895773192e-01
2.381516757078508129e-01
-4.052653023840633861e-01
1.834060582480168122e+00
1.283564716845998044e+00
5.149314091263831883e-03
8.583102649486900049e-01
6.457300818177456048e-01
8.510043008707311729e-02
-2.536501513370849059e-01
-1.439827009963527971e-01
1.358422821648131107e+00
8.180415849382850491e-01
9.388287623922342284e-01
2.648985649211761939e-01
-1.203312506400748272e-01
4.573608700095811719e-02
1.212929571539754642e-01
1.724439664109012949e+00
1.081735977061599518e+00
-2.691510203329007256e-01
4.488902300786641875e-01
1.505815678527776758e+00
1.826731297076433225e-01
-9.298379802160222640e-04
3.662363772840784848e-02
9.259340760479529697e-01
7.633473849707685943e-01
3.562569934181424314e-01
-2.419415685673454441e-01
1.467201686227714505e-02
-1.544507870514773007e-01
4.362640376883666349e-01
1.368492166579888591e+00
8.452489400302404254e-01
-1.217084685691408596e-01
-2.057812871609964178e-01
5.088874935487531781e-01
3.944142269828506686e-01
1.240347314414974811e+00
9.683884568001399629e-01
1.239254988247994405e+00
1.580120497909580091e-01
1.015994742339417556e+00
-3.600285425469839096e-01
-5.630332715855825843e-01
4.768480020496624894e-01
4.934498838833570322e-02
8.616499782557052178e-01
-6.979820838861541255e-01
1.086789941314959096e+00
-4.256133361187368069e-01
-1.122291659064534874e-01
-4.112904522928677586e-01
-4.156815101886422725e-02
6.899365923100380105e-01
7.525548500680575570e-01
5.347537662755947885e-01
8.764712675653905105e-01
4.759996623605632915e-01
-8.119528977059751185e-01
1.282454508002528193e-01
9.101647975700197790e-01
1.576067220740072550e+00
2.201145382142836837e+00
4.067611011594239878e-01
8.142728821071658629e-01
1.542853790948631065e+00
1.393136731132026129e-01
7.478916641957789047e-01
1.052618283912966302e+00
8.010934520854430252e-01
1.299860949139000077e+00
5.602991873811643542e-01
2.768821007416068514e-01
4.369605778233773274e-02
7.978196605911470618e-01
3.561370266103094928e-01
3.181258475297196187e-01
-8.183709567660888418e-01
1.196239052368064520e-01
1.474296571402978095e+00
1.106458154604903488e+00
7.874672349938546256e-01
6.116918852910990800e-03
1.235001129151725996e+00
1.589321470835685313e+00
3.076015933318013151e-01
1.155221214748888059e+00
7.476709519746167487e-01
4.205120004110438625e-01
-3.866168040689983709e-02
-2.768315615069611990e-01
1.548354429125280873e+00
1.083417907967728411e+00
-3.830643343981684490e-01
-3.661250224903919159e-01
-1.591827072318159342e-01
1.058153862840097492e+00
3.949256910486373950e-01
6.165805913074128286e-01
8.453221700018662688e-01
1.418468335649291090e+00
1.105932780995748210e+00
1.255900151077548710e+00
4.478885584989723001e-01
4.800128055191401066e-01
-1.952343314556344578e-01
-8.976808522035510662e-02
-5.083082414190240872e-01
-2.832190020089704330e-01
9.989745556547373617e-01
-7.108118538751794224e-01
3.150639764768711770e-01
3.853748946925069085e-01
-1.560308595719187008e-01
4.799889486705156694e-01
-1.296180999822370838e-01
-8.900894850838941830e-01
9.513714415251616208e-01
4.688910665920758558e-01
5.535852080120572394e-01
-5.242954707919917912e-01
2.465163972095130163e-01
5.734342046094549339e-01
3.402774731603593339e-01
-5.211787868864153905e-01
1.707690173394348587e+00
3.534188416726115056e-01
-4.607210090130468561e-01
-2.299843323215139956e-01
7.709676883572373907e-01
6.579294332414364899e-01
-3.521534579688335304e-02
2.545371009368161408e-01
1.174405564211010500e+00
-5.191216785615764273e-01
8.279965903753024881e-01
4.112201066882139044e-01
6.052343377038637007e-01
1.534446588027505165e-01
1.398097717879122293e+00
1.955755220034322839e-01
9.996245390487129567e-01
4.983957332698171760e-03
8.782591041262106657e-01
6.579775891213573979e-01
7.895839169716459827e-01
-2.205463647136603200e-01
-3.741570000447965727e-01
5.488655671100961531e-01
8.271939062636678441e-01
-5.705880239453641617e-02
-4.816160313979730434e-01
3.214163461893740914e-01
7.409942863236841371e-01
1.614352022533890541e+00
6.053659945432950940e-01
-2.874703019330133724e-01
-9.188833148359248915e-02
1.532227396498436089e+00
2.744929385463018567e-01
3.028776332415054617e-01
3.720404939375469011e-01
1.072149205844917380e-01
9.368846477721979316e-01
1.430100247703330218e+00
1.221084279926083038e+00
-6.372871915730076164e-01
4.696339610195081615e-01
-3.482795126143359288e-01
1.307476522747146763e+00
3.794392588415321788e-01
1.108334537859792385e-01
1.236455488403868985e+00
1.086215317280873505e+00
-6.044480063732695641e-01
1.851866478953843875e-01
-9.941054210765648547e-02
5.127594832855437712e-01
3.887122955705072380e-01
7.713878310565926988e-01
-1.653493377058563030e-01
7.424766890458257551e-01
-1.225595564547745653e-01
1.454692710354068108e+00
-3.689417000896408338e-01
3.384969961798630633e-01
1.010776799208905397e+00
8.500430185439699082e-01
8.975334594856021475e-01
1.132275568830353185e+00
-1.591231799346295994e-02
3.867214789916689210e-01
3.046440307596961494e-01
-7.085176880381809372e-01
2.304349289710812265e-01
-1.381927762347345823e-01
8.665755487601416451e-01
-5.485970204090860891e-01
1.270363894851196385e+00
-1.018129890700396611e+00
1.131753109339483698e+00
7.812077337642482355e-01
-2.256527179911642089e-01
1.422999202008442821e-01
4.268361166950028762e-01
2.385724237992691066e+00
8.956846632346636694e-01
8.027626560212276496e-01
-7.672814020157189829e-02
-1.812196479587305509e-01
1.302178749728779561e+00
-4.784473403844325956e-01
-2.133514080543889024e-01
5.513225649282138541e-01
1.294959698710059781e+00
1.705201945116211482e+00
-2.282199947062633905e-01
1.642496527151162677e+00
-4.121807211820525119e-01
7.611540873633688697e-01
6.064284068295642260e-01
4.385517734515688715e-01
1.080293152962296332e+00
4.604751466878796995e-01
7.310969797748615440e-01
-6.612020696807087428e-03
6.967252647125081744e-01
-5.389333078675555555e-01
-1.812326581849311169e-01
-1.941256007929489380e-01
-1.660597939709442250e-01
5.940217767065357757e-01
-2.336152433728728162e-01
1.021688483990754959e+00
-1.440575773989778985e-01
2.207361179937289142e-01
5.441596473475396323e-01
1.507144616726202369e+00
2.621920206469826042e-01
6.484663350334858301e-01
-1.774320822837366085e-01
6.299511454673489830e-01
-8.324133735002708923e-01
5.137196455316409699e-02
4.051543772197279680e-01
1.319410158189623150e+00
-3.335873275901732327e-02
7.031906187254760576e-01
6.812656043244544879e-01
-2.398503965002402871e-01
4.135840030212671325e-01
5.040089304776629309e-01
2.589443347365730230e-01
1.115388517946280578e+00
1.654942962794021533e-01
1.752693213524100235e+00
4.994210607580373829e-01
6.573355613968386857e-01
1.571468868579893874e+00
-3.205213745136790693e-01
-3.605988319124271424e-01
-1.716441364318511964e-02
7.585552040425452835e-01
8.632698341635076655e-01
-3.777585688964967825e-01
-3.298357762968944229e-01
9.819027165649095723e-01
6.513231154339477191e-02
1.649082666736464420e+00
2.975536856527748464e-01
-7.484557937818385465e-02
7.738597138496591255e-01
9.907367233639324811e-01
1.238049724640968074e+00
9.408640328700615951e-01
-5.276249336001934687e-01
7.946925167536452728e-01
9.494656057233114010e-01
2.367365476293439852e-01
1.001387951562735745e+00
1.043186439933609710e+00
3.828461284630222533e-02
2.637739546537547913e-02
1.873763657553787487e+00
6.139462179533989872e-01
3.529169493973725591e-01
6.087278700666021169e-01
8.526949142179699459e-01
7.447202025779475765e-01
5.793090751708825925e-01
1.309078129047385408e+00
9.518252068150874212e-01
1.057419946036091574e+00
1.279528693367505854e+00
1.830551328161111324e-01
4.585620827621610940e-01
1.659090485989454411e+00
1.079528387051343019e+00
1.091983363865328460e+00
-1.019840020795854396e-01
4.764204422853273169e-01
3.666398144151017391e-01
1.419234829670622977e+00
1.179118008818216268e+00
7.545105085961208990e-01
1.273047761626489915e+00
1.155264810092074601e+00
4.587845792482137530e-01
1.166281621643634886e-01
1.112531000473978571e+00
8.395093903148531655e-01
6.939002470515718279e-01
-6.027025278906981143e-01
3.272527824669437257e-01
-6.483964914439405147e-01
6.015351581964781813e-01
8.165280233723045678e-01
3.889437665153325230e-01
1.864816223681478924e+00
1.252836108652940261e+00
2.124246670945173054e+00
-4.375032579980610570e-01
5.491321323703804991e-01
9.400411751601135402e-01
3.315236167046029664e-02
1.081438197503624465e+00
-3.492225775896111162e-01
4.636162108834465667e-01
7.909318250853430987e-01
1.125991261295664181e+00
6.131386557876203902e-01
-6.698088444576892897e-01
2.296013552974468519e-01
-1.073739554854710315e-01
3.055267605870790604e-01
5.396393321697182111e-02
3.382519012627829835e-01
5.706104846602857439e-01
4.457811628544654514e-01
7.764071780992016780e-01
1.659140677047700629e+00
9.193719183877943069e-01
1.337278930827628942e+00
-1.396262755623188245e-01
9.696106592836785110e-01
1.061760169377855278e-02
9.506330500315341991e-01
1.546743317692638175e-01
5.703462290244634136e-01
-4.591591973554114414e-01
-3.259315850935670111e-01
3.461279129743811134e-01
3.685727559528331754e-01
2.045111074507360849e-01
7.903269411796211008e-01
1.095772091952733174e+00
1.595180828868251632e+00
8.343567361143481298e-01
4.390635088728220281e-02
-4.850223429838772943e-03
5.427946240540902911e-01
-2.216067675875076359e-01
-9.515888793616390784e-02
-5.418406299859539477e-01
5.923778458663698787e-01
-4.524401339423431700e-01
-1.209166404983769427e-01
1.001327423119906079e+00
6.863647689275327313e-01
-1.614394126239814542e-01
1.056167029173081362e+00
1.256469537609841369e+00
5.041737697621027220e-02
1.787745981853869237e+00
-2.672515317419040248e-01
4.667211359043117458e-01
-4.011776270518687126e-01
-5.887498281047509607e-02
6.440649668886095913e-01
6.628389350796340951e-01
1.245717974022857000e+00
-1.258608265091659684e-01
-4.301437686754562839e-01
-2.792635449637540512e-01
5.919998900410744502e-01
3.759064088780104118e-01
1.360675130772343255e+00
2.393432018141661288e-01
-8.194790542602853334e-02
2.025638485020609392e-01
1.313022433779462261e+00
1.088965603537645377e+00
6.562665445673802056e-01
-1.440298673036904398e-01
3.989361144937414450e-02
1.559505278957707963e+00
7.731368076466039740e-01
6.508467558829024169e-01
1.828395861387341004e+00
9.850966098303062246e-01
3.853593452676729592e-01
-7.792889980163519859e-01
5.699710964620070541e-01
-5.865206134523659465e-01
3.001110397040285260e-02
1.343942202411890330e+00
1.788719002616272702e+00
-5.260759178677363312e-01
6.207001621931624857e-01
-1.496206667039389759e-01
1.802524348965058865e+00
3.845679955334103117e-01
1.044105584167276390e+00
-7.279112695700442615e-01
3.182171813619207867e-01
1.383966436431153801e-01
7.958899765356681755e-01
1.055311771677235777e+00
1.052552279305482674e+00
1.385181616757400702e+00
8.840464125296156050e-02
-1.356904146896333319e-01
5.598542096499345977e-01
2.974329473349723307e-01
9.756645044117778776e-01
1.539899354850875701e+00
1.746419840229437748e+00
8.770426401878304856e-02
1.235502564801242764e+00
3.513094679658692598e-01
1.114016449573320466e+00
-1.012599878784383178e-01
4.049663636172485814e-01
-9.009564332978566847e-01
1.930358179275249442e-01
6.060359202605243301e-01
1.582318400991797658e+00
1.408716691263162790e+00
2.685040644881092398e+00
8.235121598052640435e-01
1.430660610255582776e+00
-1.299266931240863621e-01
1.068700563498720529e-01
3.937040319478264383e-01
-3.014924825024612454e-01
9.001998815574510093e-01
1.307962804702036186e+00
6.399389118814874378e-01
1.362602199128122304e+00
1.471017585314128961e+00
1.510418893684435160e+00
1.948087431011027715e-01
6.477447378345700946e-01
6.190840612246029107e-01
1.315627205576861636e+00
8.208377000406563706e-01
5.366191610549502222e-01
-3.714263976690609370e-01
-5.488317956538733000e-01
2.401942536025830355e-01
1.315743901568025231e+00
2.128179283837627334e-01
9.339393969134067719e-01
5.791835535587538386e-01
8.556038341349404552e-01
1.056656806183070563e+00
8.845239842883243497e-01
1.075084510309117114e+00
4.699985666212180835e-01
-1.394354713888368014e-01
1.035845494417753754e+00
1.131607857736650624e+00
1.075036509290840714e+00
3.071632293118172763e-01
-1.124747783052056638e-01
1.680054486476955544e+00
7.432800872338405362e-01
1.664093212125262067e+00
1.766545103041713194e+00
8.425165686372553253e-01
-3.475562671260291059e-01
1.230072484976584501e+00
3.612310071901819186e-01
-7.745255472790976148e-01
-5.427562583896611281e-02
-4.112260636030931615e-02
6.418089428908124727e-01
-4.054318528921716513e-01
1.265818657415399340e+00
-8.131726190811359167e-01
1.454920435650593369e+00
8.113790702926371168e-02
1.506156947715161287e+00
1.058444304374744016e+00
1.081917142793481501e+00
8.456043545595286204e-02
4.965231253930209032e-01
2.619398182851169765e-01
3.966405115677973936e-01
9.546652011082773504e-02
9.494053203746108949e-01
1.131318533700775397e+00
5.909141053524237241e-01
7.928153343805677267e-01
7.738461215182436126e-01
5.236128782402355020e-01
-1.588133975521337921e-02
1.751616885900996179e-01
1.356630235596092193e+00
8.602017836516540061e-01
7.253775476461264970e-01
-3.194373452497052401e-01
3.327243660351270060e-01
4.234217567879094424e-01
5.320139023738617023e-01
2.326236246202930680e-01
4.248382386147223633e-01
3.077279608163780433e-01
1.405158162229405358e-02
4.352970659650913787e-01
6.720633791446555261e-01
-7.714555787049298674e-01
7.089790301996524713e-01
2.246452102695595532e-01
2.018153936348055844e+00
-2.564528210858883495e-01
4.674608338804430163e-01
1.809888750084232278e-01
5.643770353854075106e-01
5.213398529627884942e-02
-3.328714212341872813e-01
7.013503624660856195e-01
-6.203141827807082676e-01
1.199633522121055507e-01
1.187447682776475166e-01
9.159475653515009030e-01
3.870346453229983053e-01
1.428510718765235721e+00
1.658825138176834024e-01
1.300936378332916421e+00
7.767818331339655380e-01
1.254435358656204702e+00
-2.612845520477621516e-02
7.723579770456709959e-01
4.097727986200634942e-01
-3.155796826798833443e-01
1.838501428403823690e-01
1.840692312460102675e+00
5.172933907916830165e-01
2.139915299708186058e-01
-4.943366234934881698e-01
-5.169489551813639672e-01
7.239392594708369266e-01
-6.926267553613429939e-01
5.129288105529163921e-01
-1.363024822116455093e-01
-6.682713196997921989e-02
2.529631397072197974e+00
1.069720678381107293e+00
-1.014707510097788035e+00
1.216623993625298494e+00
2.018186357140300258e-01
6.996253896952128182e-01
-6.734888356174598689e-01
3.750336569260924735e-01
1.150148742221849707e+00
4.010446802011962131e-01
5.442064245607063366e-01
-4.177523106916351536e-01
1.093629262539294933e+00
6.683018765337507272e-01
1.276287787335382173e+00
6.490837508180176130e-01
1.049539850186464562e+00
5.571361296938756036e-01
4.800106483133431134e-01
-2.556898552763481325e-02
-1.991663863839152893e-01
2.376603707248731712e-01
1.043626598334929767e+00
1.174232135209015704e+00
-1.091633754678231094e+00
-8.412028332755701332e-02
2.697208236554701211e-01
-2.649173796404138415e-01
6.501801890879850276e-01
6.866084006176927934e-01
-7.162075046194134043e-01
1.617867339346046096e+00
8.358813915669743855e-01
1.123146105531573680e+00
-4.247266733984350062e-01
1.405617863015470093e+00
1.148846188048362471e-01
6.447196779861018578e-01
1.112648003936877794e+00
8.287428088645010238e-01
3.644396833738697827e-01
1.159387475080752905e+00
1.192035000364831676e+00
3.524042888097403403e-01
4.040470742843682017e-01
1.366680952251827730e+00
-4.979324811017531438e-01
7.786843578442995684e-01
4.902579486716400203e-01
1.247777507457496826e+00
6.975936526631785206e-01
9.010613126561767272e-01
1.720822767242927931e+00
7.506478107304642711e-01
3.863991600969510221e-01
8.625504180756933259e-01
3.366076983534877498e-01
4.304990935571776367e-01
1.167301419981308097e+00
6.017562485510270509e-01
9.222970159366056242e-01
-3.446802383748060472e-01
1.327470419437642435e-01
-7.135304892492401463e-02
-2.765523083327560694e-01
-2.917610080131333161e-01
-2.294972679904153656e-01
1.048744229005438289e+00
6.543181656197657320e-03
6.069377305162887426e-02
-7.475038349505015722e-02
1.828385141622905108e+00
6.259162598563940971e-01
1.708868049050910276e+00
-7.929635510684223121e-01
5.403667427390093092e-01
3.656951989124342939e-01
-3.686282059648137710e-01
2.160053003310976827e+00
1.611133521073541353e+00
-7.827999042303613875e-01
1.003743910612943324e+00
1.098690466064585092e+00
6.567589861947268348e-01
1.281699446074154647e+00
8.388012074044244315e-01
3.331473492332837072e-02
1.384721583458286664e+00
1.296204898435936226e+00
-4.378701636611254111e-02
6.498323067047533375e-01
4.656177909271007609e-01
4.778478723985111198e-01
9.269921977403127178e-01
1.284807742143746268e+00
-8.864987464800117012e-01
9.752514516933472599e-01
-9.561214693203258230e-01
8.582703726447113990e-01
5.713917123643456053e-01
-2.780961179626235610e-02
3.820163035125956341e-01
5.849809999135854310e-01
5.522407957387654998e-01
9.696933606717790255e-01
3.953089644152936177e-01
7.548776279694731084e-01
8.696523463644398877e-01
2.272529604746272858e-01
4.843421167660992843e-01
-8.156992056555470993e-01
5.330597930603310219e-01
-5.904289765916277410e-01
-3.416256790878785532e-01
1.263953053681469152e+00
4.861782941604509412e-01
9.963595666282958063e-02
-4.261336502390072334e-01
-2.751746778496527157e-01
6.748360347028607986e-01
-1.610002405066005560e-01
-1.466921453602214043e-01
1.479768044725317866e+00
-1.121221155872633990e-01
8.661840600135323198e-01
-6.479416017095440683e-02
9.582279788507241935e-01
-1.937772545353961401e-02
9.015275261210432545e-01
-5.226410008455648626e-01
-3.228326913357190131e-01
-6.897083675741376707e-01
1.024238097357830668e+00
1.205630469413770722e+00
2.332788279605856607e-01
1.600344694898274467e+00
1.193111416038713068e+00
1.390029652288304607e-01
1.153704019610857889e+00
-1.491372049245837383e-01
1.011953084680200787e-01
1.150776838092103738e+00
1.777405402749920177e-02
1.215100118566893456e-01
5.272489637732500345e-01
1.271258063409687611e-01
-8.203810294112533208e-02
8.081148111919669308e-01
-2.611134981385521137e-01
-3.173128982768766981e-01
8.085958294120619838e-01
2.198693524401342525e-01
-1.247361124126215581e-01
1.529136379702662030e+00
1.940705377900017181e+00
1.313406401546846958e+00
1.352411128510211391e+00
-3.262846823504566424e-03
1.223082278385537958e+00
3.206557743659201321e-01
1.832880261757011131e-01
9.723731286274461816e-01
8.619100634518439552e-01
1.192034056574687417e+00
1.062199378840460229e+00
1.361709259018963225e+00
3.951900121523789222e-01
9.592071175913794434e-01
1.416300807193976441e+00
6.382452522699301189e-01
-2.438204199561614938e-01
3.232632626063645653e-01
9.297881240022513039e-01
3.832768319732342555e-01
-3.017150039373359127e-01
1.300026792259801889e+00
1.458839068177999687e+00
1.143630957671790904e+00
1.119915376343828095e+00
-1.028484118255960533e+00
1.039106270621466210e+00
3.532467186581260132e-01
1.510889002925292213e-01
9.005159478492227310e-01
1.608701750765473837e-01
5.050369834315932005e-01
1.273214014310858122e+00
9.901243731083920752e-01
7.840993562443666631e-01
6.543888372852507684e-01
1.906607308694222847e-01
9.956723153060198506e-02
4.257693824634927737e-01
-4.422485346168827935e-02
7.773646607963121680e-01
1.424408332080805417e-01
4.030931053304263045e-01
-2.242780376877722137e-01
6.115692002341079070e-02
1.007391886458669505e+00
-1.326489716580028788e-01
-2.724441420687735427e-01
9.495357807393899341e-01
-6.591139657180845532e-03
2.762074205108142610e-01
8.151977516625839859e-02
8.809331913121901114e-02
8.985481111397630727e-04
9.762579069003515242e-01
-5.148568768546434304e-01
-4.392146899149186323e-01
1.953429093975839748e-01
-5.486124899319927417e-02
1.051056197585843899e+00
1.315690354202455059e-01
-3.561155294437992613e-01
1.283313649553935676e+00
2.723483751482437543e-02
-2.178958498856985448e-01
1.507254158529338361e-01
-9.793805862935681117e-02
-5.667438870856768285e-02
3.296341262675347994e-01
2.751766087345693945e-01
1.378999014096250475e+00
4.497554084006754604e-01
1.452668791550952188e+00
7.458368126114542918e-01
2.634634028375202885e-01
5.393485996699770579e-01
-3.128920130579624370e-01
6.826721681017862142e-01
1.228840249654526984e+00
9.873848557700614093e-01
7.997141405448535689e-01
-2.653430490800499086e-01
9.773633160015791077e-01
6.826801752528783851e-01
4.644689560817207852e-01
4.899451208991765228e-01
1.513692250483010371e+00
1.182212275444419092e+00
8.507852436946358177e-01
7.833006787892060618e-01
1.016854071620596045e+00
7.952757039294180430e-01
-3.795278075762549830e-01
-5.112132157908627628e-01
1.059674053418682593e+00
1.079329531088521810e+00
-6.070322208358626404e-02
1.638844028903857497e-01
1.704941851469378378e+00
6.670312053735080737e-02
1.312374190274540275e+00
-6.193637066908396216e-01
6.157203813666669578e-01
3.795941640179055776e-01
4.257623310724563126e-01
4.015289669040101872e-01
-7.472209808047998170e-01
9.670369699406030639e-01
4.857314600946334160e-01
1.291722495308756491e+00
1.237490192148986923e+00
8.693927415314816054e-01
9.112600015937427633e-01
-3.534489065514840461e-02
-2.213334365276943549e-01
1.227754064115713084e-01
7.627828444251327777e-02
8.374600595482355470e-01
5.880878686923487475e-01
-2.520342187318410088e-01
8.743458737741207631e-01
-1.165589754152266122e-01
-6.485978105801537552e-01
1.159897293247706268e-01
5.563909537434243158e-02
1.346347672955902297e+00
1.346267223577281846e-01
4.218028933565842742e-01
9.723037074424291729e-03
-1.929331925377977819e-02
1.462230865377078803e-01
2.450735785408504341e-01
1.018679253999834167e+00
6.501367705431335686e-01
1.449187456956735121e+00
-4.257140667848726689e-01
-1.413913533956719648e-01
4.546287589016616559e-01
-8.379086843881095037e-02
-3.537947590309264423e-01
1.621261217205617111e+00
1.997668592866822523e+00
3.086942981557714086e-02
7.090574582879833887e-01
5.600482974375592393e-01
5.384194402074070629e-01
-4.897150866252457380e-02
6.242654651316493775e-01
1.026449156900883924e-01
-1.927817827032642650e-01
-7.012314202828701104e-01
1.474668520818323003e+00
-2.943814634957641618e-01
1.242666232483168098e+00
1.753428988992576043e+00
-3.661441620610924597e-01
2.422341822997134408e-02
1.389824548998719322e+00
7.262609012592888824e-01
1.230797443053080364e+00
3.900132236408918041e-01
1.068300924433780580e-01
6.149836320728222505e-01
7.665617468465049100e-01
8.598279666506944974e-01
-6.812027445665765901e-01
9.933519932552856146e-02
7.191179625205235126e-01
2.418204268126627685e-02
8.488158628221500468e-01
-9.123046368542818418e-02
2.113044037313342727e-02
-6.966817622059165993e-01
8.535753588772871936e-01
1.197188010050185936e+00
1.532124663549610244e-01
1.383440460941396832e+00
1.320332212584134135e+00
8.786893162275095648e-01
3.819981471730565792e-01
-3.056335270739330978e-01
-6.292008171452265763e-01
4.339879292201243022e-01
-2.857909724942065965e-01
3.530073773285109517e-01
-4.122107524552168223e-02
1.696879560562821521e+00
1.029324856675326139e+00
3.931624102259124176e-01
1.546874589010250212e+00
-3.019451937586992707e-01
1.417329864363459313e+00
1.510438704730806547e-01
1.023542932902071989e+00
-4.806811986056118424e-02
-3.923947972582457755e-01
1.787593523458276268e+00
-3.621852660184806671e-01
-2.637482285554173383e-02
-3.831185761770347087e-01
5.165902933363084593e-01
1.364550992562165721e+00
1.042414754153299983e+00
-7.332459352145481724e-02
2.652629365826075225e-01
1.847786246408176514e-01
8.950373881959854394e-01
-8.814067190174704192e-02
1.123982265040559758e+00
-4.356913774354557178e-01
-4.872526240981910894e-01
1.549047013149770502e-01
-3.709333716018642368e-03
1.244339470714534324e+00
5.334044206502768226e-01
8.470612495259064456e-01
4.991094273425704664e-01
2.103007716958913975e-01
9.852153336351766599e-01
8.763875053887447697e-01
3.533909696532647748e-01
-5.616917646057858482e-01
-2.082099083989704877e-02
5.467868151382473396e-01
6.513212905851922807e-01
1.455432719828658072e+00
-4.894527256362474210e-01
6.800237517284505318e-01
3.189450683045708113e-02
3.411392706988547463e-01
-4.440882623916718730e-01
7.340509348724818528e-01
5.884475811645318855e-01
1.165005975097109570e+00
-3.830169015616658457e-01
-8.431035622886681180e-01
1.208985190646078456e+00
4.473055347513871238e-01
4.915642533487001309e-01
7.818222080636670901e-01
7.014779008785197723e-02
4.293631487783889367e-01
1.159107513290889235e+00
2.297267947333480609e-01
-2.702933406238489100e-01
2.926025448242703386e-01
7.257836280786887917e-01
1.173890012522881277e+00
-3.320021275851350873e-01
6.249250127820140666e-01
1.320026315171687559e+00
6.895319641377615216e-01
9.759581211605127260e-01
-6.037198106539765075e-01
5.641800613726526414e-01
-8.436404005760556046e-01
-1.324301566025896104e-01
5.083085412219611188e-01
1.014685256050878781e+00
5.198377923619270646e-01
1.991803191153243890e+00
6.826659658268705577e-01
-2.919617451494459226e-03
5.026651436315637822e-01
6.110292058891615419e-01
9.131359150481100917e-01
7.059903722392569803e-01
-3.833116756498884670e-02
1.707767246760546476e-01
1.320954284786403754e+00
-7.218705344610860664e-01
-3.233371529620170104e-02
9.553924920113252006e-02
1.053052988684134217e+00
3.204531628193995063e-01
1.226990220864183079e-01
6.729368635755701433e-01
-7.737441047474548084e-01
1.287958831037621099e+00
1.037381130724431832e+00
9.224348334834153729e-01
5.626274207849586428e-01
-9.099684626317813829e-02
1.926105375811539289e-01
4.602837371608927142e-01
-5.957940167083592975e-01
3.894123388294338795e-01
6.047549004371801651e-01
2.867996769403394208e-01
2.040900074759180449e-01
1.854214518318913818e+00
8.003950114109972258e-01
7.180545889718129571e-01
-1.122896652363593706e+00
1.233616708973902520e+00
5.700111201238273750e-01
1.424031063108171513e-01
5.590500232952978488e-01
-4.148785949111060134e-01
-2.556517394001450380e-02
6.295503456464602854e-01
8.279158093440829314e-01
2.355846074931140233e-01
1.239096868033219945e+00
-3.538055326477524409e-01
9.513861297156357422e-01
6.983611023578211174e-01
1.292551642917540988e+00
4.194949399230837872e-01
-1.651419981199660492e-01
4.668559425635581128e-01
-8.673857512535374514e-01
-1.623464071629563965e-01
1.198380589889802339e+00
4.094038942874638765e-01
-1.985363839847285872e-03
4.629096234062213822e-01
5.697992943604718308e-01
6.463828744313250274e-01
5.675294983067218357e-01
1.110508070874981268e+00
7.525597023056098678e-01
1.032894697342433110e+00
1.046113885607444560e+00
1.220452980234764784e+00
1.638020529470118669e+00
6.073334181549043809e-01
4.642509590659017471e-01
1.135584052229010377e+00
2.034953023563084717e-01
6.357844921449736786e-01
-1.198861068813950048e-01
1.211805128636552070e-01
-5.802430257874885422e-01
1.167923874053792277e+00
5.272097019266037687e-01
1.154304424852225619e+00
2.282534359604776186e-01
3.906248275850549012e-01
1.165693363030293472e+00
-8.278174269451157308e-01
8.113177790018368807e-01
1.116752918795981819e-01
-2.316700462555658646e-01
1.286978025595424402e-01
1.173982169172943291e+00
1.245936743737700025e+00
1.125575758770013701e+00
-5.957593440447420674e-01
1.284702809944734181e+00
1.303809940916964338e+00
-1.083125918027308510e+00
-2.180556551511323160e-01
-3.032079629919875452e-01
5.500146736913562595e-01
1.747237796034893931e-01
-1.547031121425496425e-01
3.660668540064536125e-01
1.192605931270528163e+00
8.744170281234555642e-01
9.832929330919688571e-01
1.729193035953413837e-01
1.289035689097200565e+00
1.128432863638094474e+00
8.085668279752076248e-01
4.029956749481864997e-01
1.336982431641388525e+00
1.016502462922268119e-01
-7.144255638676655362e-01
6.903224065309689905e-01
5.104996217069504016e-01
9.762111696179336107e-02
1.454561248990003719e+00
7.765457862702970782e-02
1.021312141455391481e-01
2.398655526384330106e-01
-3.797046327019660272e-01
7.353565891202522575e-01
5.734229700996787971e-01
9.507316440012195669e-01
1.318814579579082436e+00
1.205195643334438238e-01
2.004126034289533675e-01
-4.416287461917296486e-01
1.031616433363012453e+00
6.223825420370064920e-01
-5.357353670013860203e-01
8.066762902282333947e-01
-4.762746536122567931e-01
-3.207932038974564692e-01
5.338652021300626105e-01
-9.502100608190257036e-01
-5.281594369095246599e-02
1.264311909281736535e+00
1.517834734995386903e+00
9.467383358558930651e-01
-6.389980455666496306e-01
7.939297359707183643e-01
6.788554799009559604e-01
1.027856729700655780e+00
-9.025239525851227462e-01
-6.778896350542470972e-02
-1.678414296233360914e-01
7.827799027583461910e-01
1.728455418834405899e+00
1.719098438051870348e-01
-6.121339897807790420e-01
1.133044313966223710e-01
4.203903374049794972e-01
7.877182756672085340e-01
1.143976921045810835e+00
-1.159204567008234182e-01
1.507357858738408440e+00
9.201019737865931969e-01
3.497212517174126400e-01
1.363257260249470249e-01
1.828817534675094558e+00
1.371049564670371534e+00
-1.825501897843207488e-01
1.295299815250131159e+00
4.827192787886323000e-01
-2.278199145535503636e-02
7.464773558294721667e-01
9.599614215644697301e-01
1.663720890537901287e+00
1.987465514415738821e-01
-9.062058034613977853e-01
7.587265810090946250e-01
7.237860159788309655e-01
2.173751669908478845e-01
-4.763049066536943488e-01
-2.693384417289800270e-01
-4.437974954571592967e-01
-7.021162749799062519e-01
1.198437100155727464e+00
7.744346533439181446e-01
6.626389837764314894e-01
1.044646313108990698e+00
1.653688753862114336e+00
5.881634454728561501e-01
2.261508394394753818e+00
-6.528247026702448108e-02
9.374007615104387181e-01
5.016715199556379678e-01
9.489967535652558128e-01
-2.253408074462666666e-01
-3.587506691514491530e-01
-3.285538075648409273e-01
6.645966336248513295e-01
-9.005546987128513203e-01
8.706390697917960608e-01
5.869604456073128640e-01
5.788396941355948844e-01
6.623804959404218096e-01
1.332815433290245544e+00
2.278906050120596272e-01
4.886930444828012088e-01
2.205446627660072323e-01
-6.946258419998853073e-01
2.063705534424333521e-01
4.416014990777475391e-01
-6.937921984473460757e-02
5.671512494263828419e-01
6.446932679409925759e-01
-2.793659253265980968e-01
2.325865071711332721e-01
1.261197926522699353e+00
-9.868403809863930398e-01
-6.593120959197763531e-01
6.000682753652071266e-01
-1.674325657021696334e-01
8.651370854766005092e-01
1.434629590160201973e+00
-3.670245966864899012e-01
3.100354718318337754e-01
1.361887317791255603e+00
-4.332012535101858464e-01
-3.400924849494878499e-01
1.072078155086524598e+00
1.338198789611724893e+00
3.798564525434333650e-02
8.624517110931457786e-01
1.662039811341710638e-01
4.361108705477964587e-02
-5.517344276518242052e-02
-7.454918936243634109e-01
2.651136786904759735e-01
-1.075182565691168657e+00
2.059272964870481337e-01
4.044886641015332102e-02
5.403638314602262627e-01
4.619681842896750656e-01
-4.949048943658141964e-01
3.119127162240930562e-01
-1.226280364014348812e-01
2.104143198449031638e-01
2.782465728551200557e-01
3.744726318548296518e-01
1.171269231687017243e+00
1.355016072898255874e+00
3.813420905297187219e-02
2.701228021089865372e-01
5.529462831188490801e-01
5.863979113590350734e-01
5.954954061776716046e-01
-7.544754646371309992e-02
1.991737009157640292e-01
-3.180036859788364367e-01
7.950220703927345367e-01
4.665977242985060447e-01
1.759745975209852098e+00
1.265438523049002562e-01
1.582049830231578635e+00
8.814710349893577490e-01
-3.372887953586432008e-01
1.425409783061647007e+00
5.240767086096714822e-01
1.039998635479081113e+00
8.088734460239047630e-01
8.853739427407408824e-01
-4.228136168170937292e-01
2.891434118188753732e-01
1.053852172566210443e+00
1.223782245672339730e+00
-3.093762392230142017e-02
-6.509707592673076304e-01
1.313204140762939787e+00
5.759209008635022276e-01
-4.429270167541932146e-01
8.909863766974647215e-01
3.451706338589184409e-01
1.036912327598749961e+00
8.873914917004480651e-01
5.469343011742429095e-01
5.650910823443762165e-01
1.367479856351992429e-01
1.198043889717823607e+00
5.710688095160747491e-01
5.841236003720664538e-01
1.501898671664621543e-01
4.226365718576452490e-01
8.203192428114642887e-01
1.614366662711910483e-01
7.999703372750875952e-01
-5.128454457609706862e-01
9.791365387837763778e-01
4.007846129867392859e-01
9.171712918441281559e-01
2.182693261496177761e-01
1.325478105880218416e-01
5.723739555431720527e-01
9.363742425206643683e-01
1.298765395805162814e+00
2.334362890699473780e+00
-8.661412629465639057e-01
1.403194109025130976e+00
-3.136817918189762633e-01
1.288474813034068189e+00
1.814502141331285179e+00
5.489967091985451519e-01
5.518658852306891349e-01
5.829578275494295969e-01
6.568745518680736417e-01
1.505940656556000734e+00
9.026759052331506661e-01
-6.089640697724067048e-02
4.265767302903512581e-01
2.156777422449091819e-01
1.121398881791876967e+00
1.473394968798510840e+00
1.872030123355477249e+00
1.090765358727684875e+00
6.084571563091636381e-01
5.531011798168160576e-01
5.742691281938416825e-01
3.548982200424812827e-01
5.278038363741486272e-01
2.734129103262281091e-02
2.433299649047063973e+00
-2.644746906144108956e-02
6.865774184517486889e-01
1.066682309379590965e+00
1.000149699767927558e+00
4.441736450436004069e-01
1.319890161835233000e+00
-2.222530956791735346e-01
9.576391820603248339e-01
7.630787968665657672e-01
4.365155161257752714e-01
-2.131645758807151902e-01
1.403194017544954209e-01
-6.128489934451691878e-01
3.614755608951322058e-02
3.979034131573938593e-01
-4.693507506798769158e-03
5.312455972417370331e-01
1.625119158462515978e+00
1.243537283612888400e+00
4.125280565495251239e-01
3.396850065436350929e-01
1.794060589028756703e-01
-4.483772158254331619e-01
-4.558866814206159468e-01
-1.165571093971269345e-01
6.742574203108469000e-01
7.346087907650551418e-01
4.359829806421081089e-01
-4.069355561026387069e-01
5.814539575336354904e-01
2.373116405436803134e-01
1.423098269592488974e+00
1.098377749723799646e+00
1.153525951770973501e+00
2.006232649763398657e-01
1.418209838024903524e+00
1.062537080419937441e+00
1.399803658037790388e-01
6.189426242399103106e-01
1.006507635120316435e-01
3.422935966448347189e-01
4.116098746401053443e-01
1.803836532656952762e+00
6.670371436170107193e-01
6.584608373167544215e-01
7.717592896466998198e-01
1.644541565608331479e-01
-4.143980888960580589e-01
7.853939580875588522e-01
1.723455840069973766e+00
5.551370594986556606e-01
1.326788101119233731e+00
2.652693389009462832e-01
1.092702358744384261e+00
7.247042797601972453e-01
1.265642734203373365e+00
1.136431830675506793e+00
1.035915886345396109e+00
-3.773236683779492839e-01
-1.999179931036274005e-01
6.093633803708784491e-01
6.379960719656914414e-02
-4.534840360547933158e-01
-2.340817564254377148e-02
1.217879351995441617e+00
-4.574874032747391350e-01
9.071254981444686338e-01
6.621538927538483943e-01
4.668080561488471836e-01
1.087759937623957590e-01
1.056110745272421658e+00
1.659337761890069540e+00
-5.257189711174020674e-01
-7.821992509705050223e-02
1.111380876310914090e+00
3.897319652433936521e-01
5.756499983677549892e-01
1.438520941340731829e+00
7.557844207560049377e-01
1.655512376784761541e-01
1.533290637642418464e+00
1.212651052009311170e-01
4.502903700973845402e-01
4.671231367060760253e-01
2.282960886006388523e-01
-4.837913167395296310e-01
3.629278635118250440e-01
4.207410588296554566e-01
1.000045239765976035e+00
1.082231570877354887e+00
1.175408068468403178e+00
2.529336299545129063e-01
4.192074093629879483e-01
8.110706040330334377e-01
4.949337158605570663e-01
4.781502157752787752e-01
1.019557732564407626e+00
1.628429054465463155e+00
1.495308006031751402e-01
8.172353389776537691e-01
8.843919272493507844e-01
2.608787840365306976e-01
-8.592713186429488115e-01
7.086891447928730381e-01
4.855504071661390086e-01
1.368983541879976062e+00
-6.331700709084090439e-01
3.340263915656942473e-01
8.728885788704079385e-01
8.901310121519282470e-01
9.514576536857913824e-01
1.062838436709548695e+00
1.464621693897701638e-01
1.222453016121131553e+00
-5.658647714383484573e-01
1.253861614314858153e-01
5.545075578423686036e-01
9.303577744408897399e-01
7.739085882953994355e-01
6.263203964254011602e-01
1.601746601087953303e-01
8.265146905857636561e-01
8.125523028276440130e-01
-1.522006099362346182e-02
4.782621086412489064e-03
8.193519869759610108e-01
-5.297300608067245786e-02
-1.021120794534583709e+00
-4.907197780322477554e-01
1.404944930316241569e+00
4.796079246920186279e-01
1.267849386763485464e+00
1.303987944784627651e+00
3.271551379261285475e-01
1.056821909104423973e+00
-1.419419456164517646e-01
1.153258943754223997e+00
3.760505299823267977e-01
8.057576870236871081e-01
6.160115598854741803e-01
-1.882082307864290371e-01
3.841277382743631119e-02
3.593629066863027743e-01
1.151962168726473390e+00
9.108476172090114176e-01
9.374021716525317016e-01
1.275765198904100506e-01
-1.524059863227295308e-01
1.210501322850573214e+00
3.170890527667080128e-01
-1.069154380847825436e-02
1.189682246282328659e+00
-6.565119359524529408e-02
5.990523199049658798e-01
3.324653999257276560e-01
5.700817766339495440e-01
-7.063855643657285244e-02
7.377662795648755045e-01
3.622886114743055219e-01
1.399109324394842480e+00
1.253541966298600707e+00
2.747365155384936530e-01
1.147846526056076621e+00
3.489329858099307069e-01
1.265950300650934501e+00
1.661320188248326168e+00
8.067405059276899770e-01
1.882440845345957903e-01
2.619855458485748634e-01
1.060999760981837348e+00
7.450477257197932746e-01
7.336458480060045195e-01
-8.242081754291636919e-01
1.146398667913436809e+00
1.328491326882146550e+00
8.982279355854603242e-01
1.227573508208508413e+00
2.616926369344534375e-01
6.243672583851891389e-01
7.800173371837277880e-01
7.686706485787715426e-01
-9.246248331645077201e-01
1.138448057054992635e+00
1.676806354024114487e+00
1.043326668308622640e+00
6.784290832821813222e-01
-3.848794674651574432e-01
5.746629493272762401e-01
2.661288117974310863e-01
1.194305321932260244e-01
1.719191060615102407e+00
6.246696667651409074e-01
-3.568400596076152231e-01
-2.043169251409383269e-01
1.114949817220564521e+00
6.316574451688259373e-01
-3.965579862520410281e-02
-2.233510183152692119e-01
-1.138126948258610105e-01
1.105022142553932829e+00
2.334986718026931529e-01
1.883917924022767421e-01
5.392587385709588510e-01
2.516007677440359469e-01
9.419162369523810252e-01
2.661753433499960408e-01
-2.356136556551400862e-01
-6.369984287032097736e-01
-3.710719831868260488e-01
-5.090095522405406747e-01
1.074409904761245205e+00
5.439875842264952494e-02
-2.182166927859055527e-01
6.065150944214645623e-01
6.844759000293050288e-01
3.134099300886220019e-01
-5.785881644232825083e-02
-9.277425420516767496e-02
9.969622622700557990e-01
1.130895726846017357e+00
9.226462933360510821e-01
1.332089710701096053e+00
2.481398180504766349e-01
-9.131323268763144041e-01
2.103409398747277059e+00
2.559023757813017608e-01
1.606815191390852382e-01
1.565327526325136054e+00
1.004314122273585463e-01
2.986697713296289081e-01
1.354134796897600967e+00
2.103722535991637832e-01
9.338826587676721247e-02
-6.576885250465092092e-01
2.789295653734761293e-01
6.171502047919116274e-01
5.314738685769163640e-01
6.543123508798778243e-01
5.908524081134360895e-01
6.742532300681957080e-01
4.344291282591393744e-01
3.557273830835245287e-01
2.643823486087739094e-01
4.780641785144225664e-01
-5.132340195652479453e-01
-6.266362425608749120e-01
1.802030542121321188e-01
2.204388499369953069e-01
1.170514242028690255e+00
1.331362291168735279e+00
7.334908191749784923e-01
1.343387578073311668e-02
1.036495791877072747e+00
7.600700962931820071e-01
5.543979881432973267e-01
6.810483929486167431e-01
2.865164053156109558e-01
5.858844623901188209e-01
9.137363373212440409e-01
1.479567273046216380e+00
-5.787417535248852440e-02
4.564753814286782729e-01
6.839227633456175237e-01
7.713894697234263687e-01
2.480237092983575420e-01
8.649433738959202422e-01
9.658768926210579142e-01
2.096567962824656739e+00
1.888329938343705550e+00
3.890282933569992330e-01
-1.176210033055651027e-02
6.288358810374327090e-01
3.553299979518729779e-01
9.301919197628298885e-01
8.188528009454942858e-01
2.349194447574139422e-01
1.534115501892736183e-02
1.339703456934740133e+00
7.910120459279358363e-01
-3.921028399313625235e-01
7.962815639842547588e-01
-9.428285962369702400e-01
-4.928281048050871943e-04
-4.790669118021494421e-01
1.120495010836328520e+00
8.736023998140142188e-01
2.968914448240568271e-01
2.565278366021974676e-01
1.620749447339796312e+00
5.866469031941733414e-01
-5.896614995700516504e-02
2.226363393990016259e-01
3.107074782095937682e-01
7.679039445718057744e-01
5.258025545388662625e-01
1.218394315050774779e+00
6.354778361488105931e-01
1.551855574661772819e+00
4.368562665272727186e-01
-6.366677363516446420e-01
6.416772584186936079e-01
8.613256262310693412e-01
1.509684648613057956e+00
1.102912877547942205e+00
1.015413402200270321e-01
2.796402940481247379e-01
1.353855728660559921e+00
1.903248927682071212e+00
8.316502313263565149e-01
1.493046069917930874e+00
5.430369075259314782e-01
-3.210162120159038013e-01
-1.550218291940137494e-01
8.437396467403177613e-01
1.340898236128050813e+00
8.327988861221292671e-01
5.755105727603164745e-01
-5.877110240817330633e-02
7.501372214364399049e-01
1.523390241839884585e+00
9.615854451907264178e-01
1.133447155257286010e+00
1.575259610216881212e+00
3.795075724006831130e-01
5.609002210664617571e-01
2.067517617701728039e+00
-8.325914564560599196e-01
1.271212703618231910e-01
-6.387767779532518286e-01
1.578653711253966918e+00
-1.466024901420188431e-01
3.479126597704704227e-02
1.225959918150899552e+00
9.710743934647402265e-01
-9.212378795507801532e-02
8.863189395439891038e-01
4.044802897318735546e-01
4.832377358267749279e-01
6.475877124453842670e-01
6.479538323007890677e-01
-2.402876049201065345e-01
9.842257930781052044e-01
1.733650148294647808e+00
1.076809005365308769e+00
-1.442312672700581389e-01
8.381663415052114097e-01
-5.613824699319489575e-01
2.433728417583884973e-01
8.720587568440816284e-01
6.132565048024026799e-01
8.521728202053975298e-01
4.567779309382023478e-01
8.303303901509484497e-01
1.092768625628069534e+00
3.200035424496115444e-01
-3.815279298004857766e-01
2.090788997180353270e+00
4.464505822206394914e-01
-2.781921409831488168e-01
7.268060087836782923e-01
1.027300392357448411e+00
-2.667050946348913376e-01
1.749524005049218234e+00
7.063614605003105673e-01
1.109398974242315206e-01
1.503318394459683294e+00
-3.200758008361377638e-02
1.538148171628604288e+00
1.432287748866811539e+00
7.267896448500494877e-01
7.909832991174979844e-01
1.081429600573425853e+00
1.068292031304752809e+00
3.487636764094103059e-01
8.012308740510902805e-01
3.651942123481556335e-01
2.985968448608942172e-01
5.752082609306350403e-01
1.743004402980321776e+00
1.086870667578954119e+00
1.223992650564224460e+00
1.025615218208063562e+00
4.529212972387000047e-01
-1.968533016618475018e-01
5.378750552210902480e-01
-4.138716124914864070e-01
1.133562882986262510e+00
1.314780587658607391e+00
5.266143796322441117e-01
-3.813730350208092978e-03
4.321264174847585515e-01
-7.879558045278073353e-02
5.445331706321997478e-01
-2.298586101254200265e-01
2.845543681727057406e-01
2.622554952887201640e-01
8.913367021022234882e-01
1.125392721710232635e+00
9.472802938875029000e-01
1.798433545035261760e+00
8.676690996600802119e-01
-1.726891754891929365e-01
5.658799128826264013e-01
3.764250474459046591e-01
-2.302077829494069694e-01
6.994169612738561081e-01
1.318152568447183759e+00
8.934059950540395034e-01
7.214677517838209431e-01
8.934157609283707724e-02
-7.491054341178341458e-01
6.115106486809997188e-03
1.635330080936878039e+00
-6.602087746998119844e-01
1.691824364761528976e+00
1.183662083842724755e+00
1.012071292278352797e+00
7.547399246478544432e-01
6.934426891959210026e-01
-7.615525551309872965e-01
2.585758496530636830e-01
1.337353903452373149e+00
-2.962061114385749344e-03
2.335282508531233148e-01
1.435349115494597427e+00
1.062385091166968998e+00
-4.572913380911788894e-02
-1.845405570716494026e-01
2.154056839380887878e-01
1.916648743787683629e-01
9.520134786648645764e-02
-9.592168782248669534e-02
6.519037963561845617e-01
1.091039409604387167e+00
6.075639885020670677e-02
6.993425302212126216e-01
7.708121472757792914e-01
-4.238599623180016457e-02
1.751236898589277613e-01
2.080820536143435096e-02
6.260533280096364228e-01
8.776240425487715768e-01
1.405151882855448342e+00
5.776109748551416789e-01
6.847054399610161823e-01
1.217293304958815714e+00
-4.713154823796276705e-01
2.303209247478101296e-01
1.277296896948672544e-01
8.757970710817317705e-01
1.016292829286893129e+00
1.611276961870765634e-01
-1.406378262692319803e+00
6.914983962591522149e-01
3.442618618507777284e-01
8.150512608831690653e-02
1.088076818911934751e+00
-9.344360196047563072e-02
3.097902675300666653e-01
-6.161539855803770394e-01
7.951152105285617111e-01
1.969322011866896927e-01
5.992657147657524108e-01
1.484444268715873871e+00
-8.216854813663081458e-01
-2.046693027961458272e-02
1.103100281124216764e+00
5.393885750076772290e-01
9.372377138365991511e-01
-3.734545292567908459e-01
6.985683761790772994e-01
5.505937132933390599e-01
-3.563145058103354967e-02
-2.321714745983229911e-01
-4.373823533541869590e-01
3.407241952004955721e-01
1.096827496105422961e+00
1.157809785619926757e+00
7.458323614474549057e-01
1.185366564349317864e+00
5.712738714144212082e-01
1.223410963281681418e+00
7.428505646789972383e-01
1.150099168113083437e+00
-3.414389897331897572e-01
8.953411895477072502e-01
-5.209157655595607617e-01
1.353321683328414071e+00
8.166096727055621729e-01
2.308428988266664900e-02
1.016527518365755389e+00
-7.382518158014826914e-01
1.487545742230393264e+00
7.655389690160451233e-01
4.862731164222880431e-01
8.760503745186546398e-01
6.503649758375384948e-01
-1.704465773471507961e-01
-1.953611964201304729e-01
1.714966179988666739e-01
3.745741788459636123e-01
1.568708814194287593e-01
5.929351846717276775e-01
-3.224449385232058818e-01
-6.288174515229298933e-01
7.151020222520295677e-01
-3.183625415536158604e-02
4.909803621391503614e-01
1.121679281391631866e+00
1.130663294091682980e+00
1.422665115202687014e+00
-6.175061750349341017e-01
-3.720815943951223392e-01
8.588870116825219059e-01
1.040648816486194006e+00
-2.354051574293298255e-01
3.525269981359259175e-01
-1.602886571789650660e-01
1.145761995967104152e+00
1.137578022714617054e+00
4.967875354574435853e-01
2.428258829720430778e-01
-1.235619095880540058e-01
9.164079095818832288e-01
1.434464120986871094e-01
5.108962659363136538e-02
4.301639118640750992e-01
5.261543060199762589e-01
-8.666243377317622149e-03
2.950761640706766054e-01
1.181988466389307879e+00
2.735780444142582035e-01
1.669770431409044020e+00
-3.320889820770061007e-01
8.296200927312666895e-01
8.079169283764915388e-01
9.504551181203757526e-01
5.759281314026643006e-01
2.258756044067654845e+00
1.785365433970137472e-01
-7.465416517994001577e-02
1.006830505880929261e+00
1.496401119975029781e+00
-9.415284709533797702e-01
6.490743970199959190e-01
1.636081359487550513e+00
1.648776088131698403e+00
1.676517059524596232e-01
1.146876044607149758e+00
1.264740020442816526e+00
-8.995626155185519890e-01
1.174157203482452339e+00
5.046865842680694492e-01
-2.556333984240387602e-01
7.679638114537079563e-01
-2.690721702841610274e-01
-6.892738455477219472e-02
7.502367594570182874e-01
-7.309638303029893924e-01
2.643057444543532863e-01
3.178692318878396095e-01
-4.414884457657627381e-01
1.225369828477964385e+00
-3.036722436827064553e-01
4.272005541601833767e-01
1.075274218630283940e+00
1.854598222354948422e+00
6.786258886284974867e-01
-4.400894895622432523e-01
-1.659651513711321580e-01
1.357021271284649000e+00
-2.066935980790006178e-01
9.329574976730026226e-01
1.223073555754441211e+00
7.915969443298118691e-01
-4.272565559096228038e-01
-2.386020205147272033e-01
-2.855896342265296650e-01
-7.375201576860104802e-02
2.710919367403776259e-01
6.872944275954528948e-01
6.784398224404657451e-01
1.373464167398472657e-01
2.675781853767915108e-01
4.866690304686702717e-01
-2.328725806916653041e-01
2.528062806425539488e-01
1.738348754981426936e+00
3.103295790692667255e-01
8.700681437237300919e-01
6.084766206332293814e-01
1.423377829335491951e+00
1.019218935434540035e-01
1.870171963234413592e+00
-3.833805898713636418e-01
-4.256977619748658626e-01
-3.904658270151015187e-01
-1.367148893279737654e-02
-8.031175219560646728e-01
9.374545306262295208e-01
-7.045343223446491887e-01
1.631254053746391097e+00
1.125277763836354250e+00
8.270209623029944890e-01
4.713242615355957288e-02
-3.604324688896908269e-01
6.163068562049128091e-02
1.620585924465076211e+00
5.387537294447447556e-01
-3.714046025798053430e-01
-5.361996360852613330e-01
1.267012120083083948e+00
1.272563681504725430e+00
1.533243643297167669e+00
-1.846943279608669053e-01
1.796489358857002172e-01
1.376841067980383748e+00
-3.866554106072732644e-01
1.303092437998010222e-01
9.406154563246267308e-01
7.289437173132237158e-01
3.449399794965516408e-01
-3.457851776734403859e-03
1.167361511906126914e+00
1.475503935389497867e+00
-1.357009005925794709e-01
6.005770434426801474e-01
5.926015032926965631e-01
3.328329393536569314e-02
1.167460344407352579e+00
-3.175608870551318574e-01
1.705334414831472523e-01
1.218109822143090160e+00
2.561206168298519881e-01
1.125654468424282406e+00
-9.132324295625580957e-02
9.424416951480482085e-01
-5.307954062170812115e-01
4.140739989375122332e-01
1.046714845010185413e-01
-1.747530275698568891e-01
5.787292535410639704e-01
1.052574307946828158e+00
1.429658056938884592e+00
1.811513706669777735e+00
1.899877864132951399e-01
1.832442677261297836e-01
8.236322186586103600e-01
-4.639176210072074591e-01
-1.611293944797682620e-01
5.699635296427260078e-01
2.540070202452485160e-01
-3.460394139909886424e-01
1.645065258933855024e+00
7.642031903336621301e-01
9.483352868854848516e-01
2.688480033874762198e-01
-1.618179938790176020e-01
7.580732503693906610e-01
1.266888905023556333e+00
2.115300748400851805e-01
1.678985135066888845e-01
1.433185729131915442e+00
4.632429552091111846e-01
2.342749095948225557e-01
5.790763583400219128e-01
3.632184775234478247e-01
1.012698277916146417e+00
5.326445142694915535e-01
1.011511210897852453e-01
1.585620291669018078e+00
1.903458466006964223e-01
8.776833254935250128e-01
7.246139390940613545e-01
2.154068945773449095e-01
1.683022298295011820e+00
6.299409286012120912e-01
1.974285800710859240e+00
5.462321065721715829e-01
9.250253689982683714e-01
6.513894048181447793e-01
-4.723519084440065685e-02
1.854644387486666046e+00
-2.313978461998380531e-01
-3.340272509215923002e-01
9.466096481330715795e-01
1.495044993521909227e+00
1.520303076752610227e+00
6.023288152584138633e-01
1.265988757461827263e-01
7.018048678292928555e-01
8.251085951994673040e-02
1.473431097571258785e+00
1.326642426612719916e+00
4.251858176052814575e-01
6.430562564232874534e-01
1.234640902050492484e+00
5.470223961145430636e-01
-5.472907228935334212e-01
-2.943752335183226210e-01
-1.862458164699563601e-01
7.470250650627080491e-02
7.681145799258282114e-01
1.632806411481079412e+00
1.563287340315913321e+00
1.503683078576768084e+00
7.754774862876280261e-01
1.366495789375655467e-01
7.330621118252217405e-01
-8.275104688915041473e-01
4.203621134227823464e-01
4.434290027888008190e-01
2.648815034518423595e-01
4.032818503032131185e-01
1.084548802622654184e+00
4.086845190916397752e-01
1.032155689442038504e+00
2.450654197396183731e-01
9.765689144626573670e-01
6.193124527049547606e-02
1.365913130498685124e+00
-1.957244274398580453e-01
3.877219440436569520e-01
4.913797363314086342e-01
1.245691349705706719e+00
1.332234398195765390e+00
8.151221222449440695e-01
2.291896156173729437e-01
3.393861533098995187e-01
-2.240251592304676187e-01
1.024498721970457105e+00
4.873385691789030028e-01
1.811165582607670688e+00
7.856814346090261747e-01
5.089938401011141478e-01
1.269901802822312797e+00
-1.682585282285446182e-01
7.944003466357513199e-01
-8.498814139789430400e-03
1.049060405339409252e+00
8.373400162636353006e-01
2.988571795147175747e-01
1.057276035934195724e+00
8.909194092129475440e-01
2.008092467216215093e-01
8.175033834174873226e-02
-6.534431685189667771e-02
1.156506181595113869e+00
9.116059287460799299e-01
1.099291309764102387e+00
1.335647381802132827e+00
7.923182253979873524e-01
5.122680097037775049e-01
2.115707524662542860e-01
1.277406081134951465e+00
-2.098123906453187859e-01
5.587694029518592842e-01
1.024062573374237006e+00
-1.758036333867899481e-01
-1.627695330179561306e-01
-4.705487082980380764e-01
-6.374200189313235232e-02
1.003187659613153260e+00
8.544403750616623716e-01
-9.021799261715576224e-01
8.956348755334261336e-01
5.874355452305496383e-01
2.804232983427962789e-01
-1.716920439213431404e+00
2.168843233050165853e-01
8.550293398034712888e-01
3.431651494549979864e-01
5.828612151015089005e-01
1.122748754411917904e+00
2.724535808012497062e-01
2.750478614748719242e-01
-2.532040956095143458e-01
8.473338951880378112e-01
-5.504645123554616770e-01
1.233237707754283097e+00
5.827418293666013493e-01
8.155263506194089240e-01
-2.491891239322577833e-01
1.393581934388320176e-01
1.228494606326641980e+00
6.023134848890142612e-01
1.026720208783075267e-01
8.727544691036789870e-02
1.407861366749687093e+00
1.084098026181404384e+00
6.981545918052455280e-01
6.817143857697172127e-01
1.445413481976572934e+00
-2.955179718650564613e-01
9.340757106903565532e-01
1.204329512202093166e+00
4.602464602738144950e-01
8.937403558166785444e-01
-4.121426993708642295e-01
3.409266864639888261e-01
-9.850499708135806998e-02
3.996861788691882800e-01
1.185414223430153235e+00
1.050216078529918162e+00
1.546215625612338940e+00
5.128413449520198286e-01
1.183713347241899028e+00
-3.540522809523127812e-01
7.263558096383464502e-01
7.594333350403321692e-01
-7.580884083801960882e-01
1.092481138776586702e+00
4.493228234914748986e-01
1.328555919102302862e+00
8.961408524221083916e-01
7.203765154404184745e-01
8.163544197167876826e-01
1.287752721479507256e+00
-1.523665713855572312e-01
1.191080818597501256e+00
5.811891897703279630e-01
1.444489309293626622e+00
7.027086107724628272e-01
-1.047244129621454745e+00
5.299125709705058140e-01
3.032932967569186289e-01
6.075231137172822926e-01
-8.622620125801286339e-02
7.406085830340918275e-01
1.131066152116229073e+00
-5.824941297971856224e-01
1.393570157274012011e+00
-4.807463054428050275e-02
1.314990494327984205e+00
9.464668099128443757e-01
5.734820535035106692e-01
1.439978026112493481e+00
1.057427013823746265e+00
-2.080142061130533793e-01
7.063151714923486812e-01
5.276532503687008102e-01
-4.871634355046479126e-01
7.209305370169939720e-02
8.422123523561306779e-01
-1.130144396429371284e-01
1.034963889961843631e+00
1.030060487241235112e+00
1.450347747660109210e+00
-4.035490439341363200e-01
1.011046651551402276e+00
6.146839345307606450e-01
2.735007297257667225e-01
1.792713804788620635e+00
6.939149768721050715e-02
5.389015571640622115e-02
-8.937306796110411344e-01
1.240859513636744182e+00
1.009714681615904386e+00
1.333374020443435670e+00
-2.955957400776367261e-01
1.273279044801155224e-02
1.116748498525797217e-01
1.638731880043347244e+00
-1.035612472307989862e-01
8.031387688238812439e-01
1.787304530797848567e-01
3.985783368713167185e-01
-1.307232529199926219e-01
1.086666424057092656e-01
1.644497697283002990e+00
5.197083997951768009e-02
-1.084448169016734159e-01
-5.257673594294426378e-01
2.131454615516162665e+00
-8.573082771859763529e-01
9.658740716890612532e-01
-3.529614507989967814e-02
1.117009898511112764e+00
1.559003496105551223e+00
1.750109890402438584e+00
-9.002935052048481879e-01
1.995881152441547624e+00
6.254893604058346934e-01
-1.500367814714380077e-01
-3.117497402741005175e-01
-7.958561239676646970e-01
-3.966192131044019575e-01
2.805380696225524551e-01
1.956456465137015044e-01
-1.711906361520591779e-01
3.913169788022181628e-01
1.256071337263436005e+00
3.338222487975919250e-01
1.265164294846408577e+00
3.305594685820307799e-01
9.383175169305281171e-01
8.515501252081834060e-01
-1.507866054193736649e-01
3.197117843363946887e-01
9.585111703658819593e-01
3.837298762932390694e-01
-1.383236231505829139e-01
1.278979683946358747e+00
9.298385219446350103e-01
5.297678139481617476e-01
-5.696125203175148588e-01
9.213811345841417255e-01
8.739295708981921207e-01
2.293980719631925347e-01
6.979289799290945284e-01
-3.336921013462738617e-01
6.163428063712420579e-01
-2.762319542506590508e-01
1.285874308483982098e+00
8.806491181168688565e-01
-1.348164360828516262e-01
4.408857319176763823e-01
5.321395813316900369e-01
1.500298002703851719e+00
-6.151320814677222470e-01
4.136041496799293116e-01
6.402179698892254134e-01
1.369685586372322295e+00
1.006714213148196313e+00
5.967360468617728397e-01
2.575765272270555961e-01
4.239818579644379359e-01
2.798636465970261167e-01
1.812814831246719827e+00
-1.309865467429184582e-01
-1.892475776920447827e-02
-2.427491886622096251e-01
-1.380563191765019349e-01
8.369478799781260303e-01
1.570310963950108940e+00
1.998837518531104140e-01
4.403845904364922514e-01
1.992135455855977622e+00
5.706348373765600668e-01
1.753258888708289609e+00
-7.114131504655042681e-02
8.730244089386866024e-01
9.761319146064497687e-01
8.887487136144714417e-02
1.571990144309166837e+00
-4.768926172320163692e-01
1.251402774885745028e+00
3.117843314034519087e-01
-2.864968594301779969e-01
1.147828468776252331e+00
1.640134191821789877e-01
3.367086163558100642e-01
5.524313820650642581e-01
7.713353634475501597e-01
1.396613597011046592e-01
7.587482259209916702e-01
1.685713664108266507e-01
1.157659555613922420e+00
6.464683070076370219e-01
5.494156351251487935e-01
9.797281216508336721e-01
6.600065036655456963e-01
3.186797673484667581e-01
3.891565657759510910e-01
8.858669486023484918e-01
1.028689164236264553e+00
3.007851630599140888e-02
1.899955363296082389e+00
-3.559728124523114379e-01
1.269914657682674308e+00
3.153561010965304501e-01
3.450298158298560902e-01
-8.924852666176511518e-01
2.993796610710562356e-01
1.865150221241505202e+00
-2.321381387556123999e-01
6.027114888986739860e-01
1.140907801014719558e+00
-1.257122320082223743e-01
4.464937557472496432e-01
6.515022656454891314e-02
1.333125425758932225e+00
-6.921371420840338740e-02
2.928433466687427322e-01
9.163672713166648442e-02
6.001626446291001837e-01
-4.853131703570230659e-02
-6.303079678956574616e-01
-5.916791552699784962e-01
7.306493017868571638e-01
6.566159855835158599e-01
1.543666452524348420e+00
5.874436146911072854e-01
1.048442609816501836e+00
1.087081390474581744e+00
4.868561227378629952e-01
1.206571550686724059e+00
1.250753801094539375e+00
3.079600305788038894e-01
1.038864437266085350e+00
1.211813264893467412e+00
1.062690962267986761e+00
-1.072434649158388043e+00
1.028770271648912882e+00
5.522630891206711246e-01
-9.134082420340283726e-01
5.656614406951627760e-01
6.794281056085511583e-01
-4.906544831966542786e-01
-2.050384245816683770e-01
5.617175824003599605e-01
-1.154207988516443795e+00
1.067893805403580920e+00
1.379389286423089445e+00
5.115726738851328337e-01
-5.705444581054460729e-01
4.648446060349955555e-01
1.301884495569642086e-01
4.774989139242137304e-01
1.025393215396974006e-01
7.377436124896999958e-01
-5.309359207350428100e-01
-1.817059577969294126e-01
8.499379067531810383e-01
-3.626363204625058789e-01
9.360553377479238213e-01
8.407255723276156889e-01
-8.471947785500767436e-01
1.134924816427356209e+00
-9.358080183634182037e-04
1.538715911599177755e+00
2.210390205932880048e-01
7.500757994327407197e-01
3.630274267497416996e-01
6.755524374918140396e-01
1.586176307707492239e-01
1.133219341292006410e+00
-6.523559116840469407e-01
2.029928242807509942e-01
-7.589027217144814208e-02
7.713093363087230037e-01
3.746884449233671144e-01
1.297613391444904840e+00
1.362215823620934185e-01
2.784829298561183886e-01
2.299236467099153303e-01
2.343230216806400534e+00
1.751732289573582957e+00
-4.988502343932298411e-01
-3.647221133858463693e-01
5.094353883315951848e-01
1.021187485994939026e+00
6.548352906198855461e-01
-7.079343433677064146e-02
7.917037642257273439e-04
1.289830176369408665e+00
1.252584714224739715e+00
1.669642627189326545e+00
9.287645315822787850e-01
1.414717901866730632e+00
1.702870131830574174e-01
3.100395492587615931e-01
-9.178726378981427736e-02
4.953633409860420944e-02
1.375635738720496715e+00
9.290696135452121140e-01
-2.180364751461543460e-01
-3.854316903107628534e-01
-5.031902780686287047e-01
1.209656413998706936e+00
1.767926799783940961e-01
1.123463021123689343e+00
-4.506565717271173582e-02
1.830596888057344884e+00
-8.276070069931037998e-02
8.876619042949471794e-01
3.664975880974063460e-01
1.561389595602489730e-02
1.250623745359285277e-01
3.615398344693082633e-01
5.605205125801861893e-02
1.909056347003588838e+00
6.798850749872071830e-01
1.544577519980604441e+00
-8.511954742359011030e-04
1.259297834159180507e+00
4.274170485274442766e-01
-2.636880865112642761e-02
6.384900869144576330e-01
3.801867743401392552e-01
-7.591253859125082770e-03
1.104135620004035312e+00
5.447992237195899978e-01
-2.619042980291361525e-02
2.393399600312700604e-01
6.026582770050084026e-01
3.503513172824525568e-01
9.715031304554535563e-01
2.435492547093440763e-01
3.469249606335901848e-01
1.145774713733498817e+00
4.040497248432654565e-01
1.014082408185510431e+00
6.795181756141118745e-01
8.584771691214502232e-01
5.691431471828948402e-02
-2.314188646866003340e-01
-2.733845331251175681e-01
1.495217030337969266e+00
2.678609217536433995e-01
4.793626230907063746e-01
1.026015200105147462e+00
-1.063239132684814792e-01
-4.895260664803849360e-02
1.063238895333625367e+00
6.888644561181975212e-02
8.764520857234011642e-01
1.295621698000160249e+00
-5.303911360029702760e-01
1.079065645482453872e+00
3.647009956204135817e-01
8.744750991769456583e-01
-8.307855206953093652e-02
8.891803071605344222e-01
1.193221382262206198e+00
-2.966929172845065854e-01
7.629245444466592474e-01
5.666293318625647002e-01
1.367224947186303385e+00
1.198597547725628987e+00
5.735964671021731576e-01
3.631920170593431196e-01
-9.446543751157621127e-02
4.973240078328614033e-01
-4.509653557627134601e-01
-4.952204985227241785e-02
4.309295225259074380e-01
-2.442499792565858696e-01
9.706226008461924515e-01
2.492277188690519840e-01
-3.363052097905362414e-01
1.152796978320085319e+00
4.661765056408783137e-01
1.178376630023079130e+00
9.329064970829570314e-02
1.623189342633057253e+00
1.587249947280225060e+00
-6.600159168127733844e-01
3.682210896844316794e-01
7.691551515201613398e-01
8.198674793289768559e-01
1.277262253758115751e+00
-5.824757260617241528e-01
2.145358698081272664e+00
1.185008062620501068e+00
-2.007961347445582079e-01
-2.677387513133585584e-01
1.553374708057316811e+00
2.753156819580029890e-02
-5.379199472860038966e-01
2.623442210847225509e-01
-5.936538382738901221e-02
1.177103385449028775e-02
4.143155622071201805e-01
-2.937385923319478787e-01
-6.985111630854394793e-01
1.335023596800299917e+00
7.921307682724771926e-01
3.714458007033360487e-01
1.367020413502083365e+00
1.569899823253113391e+00
4.777054145854862655e-01
7.666061735778144648e-01
4.712409753135314849e-01
9.966544745003451666e-01
-2.081410168085192636e-01
-1.745026850379238770e-02
6.515747223065894156e-01
1.352137163332642444e+00
2.750544725490985942e-01
7.472243581815581903e-01
1.999256711399647612e-01
2.089929763971287713e-01
-4.478199140106667309e-01
-4.817520316609831543e-02
5.281104270954893876e-01
-5.224579372044451109e-01
1.622299771105057076e+00
2.733900935647526342e-01
1.432711191605527401e-01
5.942900748439072789e-01
2.886030102362546201e-01
5.535427537532947584e-01
8.551990501567252601e-01
1.305845633230601655e+00
2.831077777665755302e-01
-4.750295067275965843e-01
4.649390357248032180e-01
-4.654698882927174597e-01
9.405623463779226590e-02
-4.840465267314726372e-01
5.967919326234893962e-01
4.011497177677246784e-01
6.539409571870907767e-02
1.196215937381009287e+00
5.373780170745716678e-01
2.041391051223251721e-02
6.267193997157387564e-01
-2.781917028933698632e-01
5.483289678110295773e-01
-2.158969664008862643e-02
7.910671859051552346e-01
1.129241775777359985e-01
4.742464643067225150e-01
6.806291551279926022e-01
1.346365302077589421e+00
8.468737660696035174e-01
1.615638495578643363e+00
1.813970930026665707e-01
5.967272075376034435e-01
1.135895481962747589e+00
1.915308470831376564e+00
1.139365937400638629e+00
6.606423635899579816e-01
6.444731014655454837e-01
7.700849142551132731e-01
7.001680500004104912e-01
-2.647187411865767892e-01
1.663599575269329778e+00
2.789753501734389962e-01
-1.090858335349199904e-04
1.277459920498129176e+00
1.581778734713318757e+00
7.355474182664030192e-01
-3.728733354469064842e-01
-5.820385600163914264e-01
2.689244765405954252e-01
1.135978539163828405e+00
4.355346701458955860e-01
4.858014916738485067e-01
1.354787058610771977e+00
8.811193766021568896e-01
9.506083393333807363e-01
-1.589929833813836790e-01
1.806036254254289597e-01
3.998172362428148441e-01
1.087084344607643471e+00
1.489150334560624733e+00
9.003699362191692757e-01
7.792661007447112542e-01
3.040052392738367137e-01
1.336752771062024170e+00
6.049608743076196893e-01
1.030723522631686206e+00
1.677897103085911334e+00
-1.692729165049041418e-01
7.600891314253930275e-01
-2.771403783513956554e-01
5.465381697371749503e-01
3.390401462531341670e-01
-1.643279246296577845e-01
8.286692913804538652e-01
9.254196697769110358e-01
6.623887545817008782e-01
9.145822089779659381e-01
5.918018569750956859e-01
1.153084378514179109e+00
-5.050791255908295696e-01
1.106657562658093674e+00
-1.908064352746470238e-01
-8.093115355584848958e-01
-1.116743189562613425e-01
-2.474230413022358577e-01
-7.050238647680582282e-01
3.632876957529733164e-01
1.681884867470121003e+00
-1.257177603998890003e+00
2.327767214829885023e-01
9.618161814606210891e-01
1.044888277840458235e+00
7.366869835598024441e-01
1.403856663428820761e+00
9.897093901889767453e-01
5.117303049345340860e-01
4.565559664924504490e-01
9.185703900805710642e-01
5.908938604302084174e-01
-3.485832597106390818e-01
-7.374140756969849164e-01
-1.299909996111915822e+00
1.154294602667778502e+00
6.757678557499156025e-01
2.913405481747174397e-01
1.150842658156867371e+00
4.161485365257325819e-01
1.275680445779949990e+00
1.005734014552489342e+00
9.779935301542769244e-01
1.842166674162806217e-01
1.679558970382251104e+00
8.216261840777255854e-01
-2.628468019335669648e-01
9.964767131922900312e-01
1.120216698362138441e+00
6.291001390613815136e-01
3.518302541093892843e-01
1.357938177197496765e+00
4.566362956358875624e-02
6.352487461014685310e-01
5.293089514395845629e-01
5.887134917965984870e-01
9.241610808874495264e-01
4.827600845261936224e-01
8.778702498213118988e-01
3.689916211497025200e-01
1.385124283139235413e+00
1.234297398075397734e+00
4.269324622314921158e-01
-4.263528114951932457e-03
3.885077999744786514e-01
1.534871682744511245e+00
-1.980963406738344423e-01
1.256505416696712896e+00
-3.168769127388391948e-02
-7.857421991806299300e-01
-3.249611085580756953e-01
1.506874432715782808e+00
1.387087451926695358e+00
8.913234853396465596e-01
-7.323644708820511995e-02
9.725627860308421191e-01
-4.868385733848437091e-01
2.050435170231528215e-01
-1.968778421128562772e-02
1.007891673093529727e-01
7.378670815822456763e-01
4.519551797204383048e-01
6.066765960687973136e-01
-4.540729869238022132e-03
-1.548678071135533851e-01
7.919300102903755745e-01
6.035666593433470783e-01
-1.906245095397497147e-01
1.724073892196438251e+00
-3.052125664648496772e-01
2.392247007716870322e-01
1.772605575552087975e+00
8.445183650372560802e-01
1.625180365552857165e+00
4.541346563989784313e-01
6.730065878905209242e-01
1.235434193202780806e+00
6.006369598015242062e-01
8.259914854439130705e-02
3.122516755971823654e-01
-6.907648507705969054e-01
-4.709371032966053194e-02
1.088099325820384378e+00
2.203112126693503592e-01
3.972310486031637167e-01
-3.002162074075519493e-01
7.248462326924905996e-01
-2.445569970721066522e-01
-2.153969094117122451e-04
-4.564334530195492956e-01
3.264010448755232940e-01
1.326692741965869449e-01
5.880470374298950587e-01
1.162823608283151788e+00
1.141900818020995967e+00
9.741303053241764376e-01
3.677180892636280340e-01
5.198232425400350909e-01
-2.385079882717514033e-01
-5.323906227132303437e-01
3.974138071098282099e-01
3.938567815000003358e-02
-3.707977882924315405e-01
-9.473761821753213797e-01
-1.990286670155284043e-01
3.950425302562093899e-02
1.045573675287628124e+00
1.116408173806180959e-01
-3.229012519730422581e-01
1.627545721033020476e-01
4.881354355333024087e-01
5.616720762916668219e-01
1.604450697260942471e+00
4.843909391973317269e-01
1.079835290778371260e+00
2.560240419015473445e-03
1.046803795521498576e-01
4.430198448656377797e-01
9.235646734270254177e-01
6.804636275401632073e-01
3.878679095984085001e-01
2.706244421121465904e-01
4.096257010112247521e-01
1.375943270824232789e-01
1.032735172511161981e+00
-8.007213412512549366e-01
8.688141942307645582e-01
9.321373454137487080e-01
5.033498864283381113e-02
7.066730736277491154e-01
2.141541678953792771e-01
8.814816882779938911e-01
1.101599809673314390e+00
1.129525579889124387e+00
4.361592226640172432e-01
1.962490628727568132e-01
3.532342697427036660e-01
1.008675964715569640e+00
8.668393405565349985e-01
1.117082671424077134e+00
7.562842242795425607e-02
8.303604857321080779e-01
6.994387664631647183e-01
-3.037487821587759873e-01
3.279902080040761336e-01
6.019739979347810133e-01
-1.589707973434796029e-01
5.315132805629720902e-01
1.114449872341191972e+00
1.031133258594243207e+00
3.749919501585231019e-01
-4.308604439604648562e-01
6.032598579511176951e-01
6.585287315773505901e-01
-7.829600574490347409e-02
1.555125535396630454e+00
5.141999092102274016e-01
-9.422159492978973705e-02
6.474705410503505121e-01
7.302311507646460156e-03
4.729699940409965997e-01
7.191351254807211157e-01
5.669159498488559601e-01
9.126406842815207865e-01
8.742017318813658511e-01
6.816818710485761379e-01
8.050684931729438221e-01
1.157545000458033213e+00
1.189093245922788311e+00
1.518813249922442155e-01
-2.323516326941441335e-01
3.627651304648473185e-01
3.534120902194479164e-01
9.562995472505448902e-01
9.507111858094196011e-01
-5.620026487635415569e-01
6.888649841968536025e-01
1.634313873327790434e+00
-2.198203751129071959e-01
3.994499880285277138e-01
2.755400287602643439e-01
-3.869652423839905486e-01
1.055934880121475183e+00
8.978525512025398170e-01
-1.084809204095246393e+00
1.121337604774875540e+00
1.423254281311585601e+00
-1.081121933249138412e-01
7.390232233238658299e-01
-3.080043906325855008e-01
7.533839105765894884e-01
-1.178624502415563241e-01
-5.869693668456948954e-01
6.330940287556765522e-01
7.091499152473902390e-01
5.019640897470244445e-01
6.485014615530347859e-01
-4.960828288706279898e-01
6.022226736752845921e-01
7.501096322603718614e-01
4.268393550709512207e-02
6.860373616191145496e-01
1.175244907167025676e+00
6.203740715193194477e-01
-6.832344525657911838e-01
-1.763399899951561267e-01
6.675823907779570021e-01
4.117430151181792897e-01
1.540821889233114028e+00
5.528404773370516612e-01
1.669733765058526997e-01
4.738173897689640368e-02
1.548457202984337977e+00
-4.995551538058529140e-01
-9.757774076873354518e-01
1.073484555095672588e-01
9.659093618349701149e-01
6.778972975306287729e-01
1.070756299368608389e+00
6.476118823253479428e-01
8.714060534217749066e-01
1.489808803186755570e+00
1.757486905605268324e-01
1.553172779758978495e+00
-5.612611472158230974e-01
1.013158313176822256e+00
1.365180827068549929e+00
7.837721200840481739e-01
-1.978975529949699719e-01
5.909223164130115169e-01
2.651729328850884956e-02
6.228422392411455677e-01
1.377421207861591612e-01
1.290667942015469416e+00
1.171004704779398109e+00
-1.404248475688153197e-01
1.940928550704225097e-01
5.525720261306685810e-01
6.741864208573058459e-01
-3.203974739135959648e-01
4.854433428447476051e-01
-3.750708342503308867e-01
6.884776684867914831e-01
8.967679190909562115e-01
9.206829707302929267e-01
1.400057249226279721e+00
1.276971898721988685e+00
5.197088191178367289e-01
1.042459112422944312e-01
-1.873086023822580493e-01
4.665606273391348924e-01
4.975754457826775945e-01
1.288515412948360250e+00
-7.132352484528951819e-02
3.954603335264743613e-01
3.108274410832058687e-01
-5.400517900548336137e-01
2.525253933929524908e-01
-1.500905478018513539e-01
1.238639690065228338e+00
1.444048982795416158e+00
1.441889618530721728e+00
8.581912624635444908e-01
5.872499724589832493e-01
1.297355903720112669e-01
1.190076963056519332e+00
7.802714638137432379e-01
1.058323294399341696e+00
6.612850544693267552e-02
1.490591142846082295e+00
1.429604897752689840e+00
5.531227317758090622e-01
5.875925537781385710e-01
-1.785297829489372046e-01
-5.295044333340930276e-01
4.369128299488508893e-01
4.594065747204961747e-01
5.317023960761795287e-01
1.286590323385066181e+00
6.236533012764092776e-01
7.725942870613171642e-01
5.459404583187349447e-01
4.997181106802315309e-01
8.892621606362638431e-01
8.516182169122098466e-01
1.436944475159630530e+00
1.076819249208873064e+00
5.952288387620895405e-01
1.132276220891851981e+00
1.094858278117357697e+00
2.193922175893923687e-01
9.696805828593352272e-01
5.674666535939538736e-01
1.253021204801108013e-01
7.622389320557293457e-01
1.171370742267896947e+00
-5.417644394517359130e-01
1.705272654379379249e+00
2.235112782395204944e-01
2.174050349667071835e-01
2.475560116332262139e-01
7.171292701669698122e-01
2.053032831101643918e+00
1.220078760812619845e-01
8.601350727504681881e-01
6.298856475952955281e-01
-2.427389304376735557e-01
4.909511964945036944e-01
9.865903589898056270e-03
1.247280409494632147e-01
1.132343882239721156e+00
-4.432750642056854651e-01
2.890428651206847221e-01
-1.135607398345540447e-01
9.813314276868558839e-01
-2.916769184231273737e-01
7.867687787876209704e-02
1.255362492153632381e+00
1.064169356538395173e+00
1.821615902767497630e+00
-7.929147380831484682e-02
1.617715315944273424e+00
5.566940696438923281e-02
4.624025443884496878e-01
1.320877932790507359e-01
-3.686652768456166046e-02
3.847442987140375914e-03
1.195170169618455791e+00
-4.045870858828223143e-02
1.251095368059907953e+00
5.862797690264568429e-01
-9.439987225348231425e-02
1.111675150525163469e-01
-1.575737112998360223e-01
-4.992423799730669187e-02
-2.107887293774874174e-02
1.179501432800429683e-01
6.528000955742013778e-01
7.115358795360999800e-01
1.577904311393492298e+00
3.125579699268745126e-01
3.670538418394872493e-01
5.906531458566958159e-01
9.339736552477952147e-02
8.528929423030506829e-01
2.391694240568730812e-01
1.530131679371611986e+00
8.729499573647153676e-01
-2.072701633382795922e-02
1.317009278244261505e+00
-2.182913552693663828e-01
-3.096376654806189954e-01
6.592938249775690540e-01
-2.873834191660005200e-01
1.120479760974607830e-01
-1.761810018889468088e-01
3.725627188653986011e-01
-1.035967948612162459e+00
1.037962769373977245e+00
-3.556360939013249456e-01
-3.312629980416384456e-03
1.404665691332565469e+00
6.702323834563643778e-01
1.322274958667375433e+00
1.462867739514739140e+00
6.337758097493706444e-01
1.599272684174248393e+00
-9.571890857714412948e-02
1.084491299722402102e+00
-9.432622681382792085e-02
4.473289782288208394e-01
1.223271107965845150e+00
-1.764145699770127695e-01
1.579469310407678462e+00
1.553085812301764901e-01
-9.372678812768561185e-01
-1.125298377442579406e-01
-4.766858838573679313e-01
8.984629212838292356e-02
5.059433699895748981e-01
-7.297721537663515168e-01
1.386277771195797426e-01
3.088800745236074952e-01
1.950438872257525436e+00
1.226245971356236364e+00
-2.357165112061610224e-01
8.698801316914214210e-01
-2.236279110726054897e-01
6.091621189302923733e-01
1.426346391447043782e+00
1.145311483115103446e+00
1.633738016758572442e+00
-1.843456826601596321e-01
9.830867281964627002e-01
1.120506190623034914e+00
-5.338955205376852975e-01
4.876899238149569049e-01
-9.440296183339864644e-01
1.238878840293218486e+00
8.166506480410962165e-01
8.198312970431217428e-01
2.593268821600772100e-01
4.966585231340983064e-01
6.879691504073601749e-01
-2.203268625400667258e-01
-2.601714408070699425e-01
7.968246885965533099e-01
6.828136900560277667e-01
-6.026476445822488426e-01
1.002010295271808626e+00
7.035091832375239829e-01
-2.888066935998338108e-02
1.187393540105825318e+00
-7.303302785419968357e-02
3.751826785524997043e-01
1.050124297584466015e+00
8.188711821450680439e-01
8.437005786908685634e-01
1.285209965758272066e+00
-7.805481700233997122e-01
3.600083721004170290e-01
-5.406701083703596700e-02
-1.660681985799624671e-01
1.529083000910456680e-01
5.915971661282673488e-03
-3.334797850290748267e-01
7.791684546023589508e-01
-1.033146693062506893e-01
7.183298367796205064e-02
-6.208913237593610690e-01
9.045065090239202688e-01
8.908608248624005910e-01
-1.069229513616458752e-02
8.259520876250419086e-01
-7.980314399369885514e-01
1.334292253162159048e+00
3.070754836923274556e-01
6.627183723761950196e-01
7.566885049018935439e-01
9.465711780559745714e-01
2.914700484293650806e-01
1.078242853264224976e+00
1.343125738261149449e+00
-2.294511407029242722e-02
-2.806676630695794650e-01
3.868086453510954925e-01
7.286172484225255097e-01
1.055262799071715607e+00
4.906874719120744022e-01
1.215638923327517357e-01
3.808476151330457138e-01
-5.334449764773964153e-01
-1.091613882240420955e-02
-2.289555731966042840e-01
5.576242423056346903e-02
9.577542629461489598e-01
1.816977343688329194e+00
-2.964580006828216457e-02
1.067351056163697409e+00
9.057136500825534453e-01
-2.497580439673382779e-01
-4.380005670931908512e-01
1.191790352775956352e+00
-1.829251600283457735e-01
-1.687751063383008954e-01
1.601870932069252351e+00
-6.629049159262362378e-01
1.278441022791813930e+00
7.331710959025932173e-01
7.718723227242068052e-01
8.427124237891180369e-01
-1.825778390534859019e-01
-1.707388405444682233e-01
-9.346155794654712468e-01
3.033341740624678762e-01
8.085977515464271015e-02
9.599697441899492922e-01
1.305564822573568762e+00
1.436766552728070634e+00
1.314613126452592318e-01
7.012002505783866413e-01
5.751385495180049157e-01
6.448450623842241214e-01
1.429601841114446437e+00
1.193020158416268961e+00
-1.157003131943166618e+00
6.457432520368920903e-01
5.733974139087524291e-01
9.093508568019729177e-01
-6.468273624301998370e-02
4.721690937326618043e-01
3.980936845713697880e-01
-4.519104533953867131e-01
9.480983438392281970e-01
-3.207148920819658522e-01
-6.236624430179580347e-01
1.163131553963467679e+00
8.509416015103828945e-01
7.124087443650903295e-02
1.905625316868497787e-01
1.542320163764990149e+00
3.497376059810521770e-02
3.528515394850907372e-01
-2.061503017243306590e-01
4.250839719746583589e-01
-1.111403974273200840e-01
1.000971929860230647e+00
4.860649427279223889e-01
-3.951542965659659568e-01
-3.578091797770751592e-01
3.191032287825597558e-01
7.272579080908216920e-01
7.032034718434822251e-02
-1.228206729856540502e-01
2.762208535568123624e-01
1.676273531274981909e+00
2.791504995331053895e-01
1.483011859241435637e+00
-1.674858653505654771e-01
3.239671878167650898e-01
2.576942337486567425e-01
7.703210857239165543e-01
7.793371144436926912e-01
5.669806772421213115e-01
9.769728272378361833e-01
5.243522771124584647e-01
-1.622472277608156266e-01
1.132085804130339879e+00
1.098474470659928759e+00
2.767900082282217511e-01
2.293295058802162778e-01
7.348923161806939497e-01
2.475373209559904031e-01
8.011750531072268089e-01
1.224021679764065451e-01
7.153299671463433373e-01
3.032653096395689363e-01
-3.544681394914391825e-01
5.504695224849545099e-01
1.121314088264789177e+00
-6.359796459071601626e-01
-1.783771853446420447e-02
1.030545803774987057e+00
1.478424272637632875e-01
7.913927378512070065e-01
-3.107397522134882073e-01
6.054456791734232901e-01
1.468759618754526874e+00
3.303713784719079505e-01
-5.709218604789393359e-01
2.672577598733055226e-01
8.598119438007592041e-01
1.348688480836659487e+00
3.887885881217548745e-01
1.462663324342842852e+00
4.625433286605369343e-01
-3.080433099500815564e-01
2.802813734279709923e-01
-1.875665847955899357e-01
3.738849387971298066e-01
-9.319697395337425694e-02
1.071798206980932242e-02
1.046712227697059294e+00
7.374462406026207617e-01
4.168597492493577583e-01
1.132403493096997948e+00
-5.574047363091672036e-01
5.950078948744894625e-01
9.494017422288564267e-01
2.232682281216106235e-01
1.048726628195161936e+00
-3.532282582732564347e-01
-7.981038439925016714e-01
7.669246662983042473e-01
1.140710441724881896e+00
-4.492409917568678246e-01
8.777873170360189770e-01
-3.701708874932843063e-01
7.425759085411249849e-01
-1.430348025577324322e-01
7.678887542906808195e-01
-1.336907087728296251e-01
-1.111645790379262033e+00
1.369281343157199515e+00
-1.148358159238999532e+00
1.667052399662275960e-02
4.284918593863679126e-01
8.504108608899135779e-01
1.721737616016989270e+00
1.183421386261472863e+00
-5.086002775211300592e-02
4.249819030000370756e-01
6.654943813776412753e-01
1.328365037264470416e+00
-4.197081799054412365e-01
-2.086275419415867249e-01
7.129332756963657758e-01
1.285755334017291140e+00
5.902549383817132789e-01
-4.611688623252648833e-01
5.262288475709214763e-01
5.734137222105339937e-01
1.522427819041819230e+00
2.912619712961476703e-01
1.229332221549715165e-01
1.437651480592949005e+00
-4.984979300527452306e-01
1.494085336882395643e+00
1.370473423947925928e+00
2.976635917043556345e-01
2.609240541761351229e-01
2.267801581778506326e-01
1.122923895481099804e-01
-5.932172336712765448e-01
9.325889415629987633e-01
-8.818039933732639557e-02
1.176349870393740837e-01
1.601470664968260627e+00
-3.936223529932137560e-02
5.750395241632219601e-03
-2.949172088721612739e-01
-7.851523940654726585e-01
-2.767080155429907373e-01
5.873466414089313636e-02
1.139604915773864358e+00
7.121034769411052623e-02
7.611533068208125030e-01
-3.384067215408889662e-03
6.188795502334822896e-01
-3.631733189881984347e-01
4.047840254979310770e-01
4.704681844371912114e-02
-2.506589527409851526e-01
1.789343520287527634e+00
3.657883130675999017e-01
4.045990489421371628e-01
3.238708421897516510e-01
1.328571154675091126e+00
2.114053749226444623e+00
1.517873025944160292e-01
5.640795924474280021e-01
9.060194724979750980e-01
1.319945064847294125e+00
1.488077428140448799e-01
1.543174776670985238e-01
1.971274107590852975e-01
1.926690614942191848e+00
-2.104461488484689891e-01
1.451153962192741176e+00
8.618961766045265538e-01
3.279956208330123690e-01
4.076690301240634695e-01
2.230629780738992984e-01
5.126355050679298753e-01
1.131263224846911886e+00
-3.220032654395260652e-01
1.616466698679945635e+00
1.131917411369850912e+00
1.629915692001878413e-01
7.516563511183028679e-01
-1.055634041223621478e-03
1.776449842205975571e+00
1.482886609227561214e+00
-2.565555020308623591e-01
1.095402726366732971e+00
1.035765542627448355e+00
-6.032159320369092498e-02
-4.749501940716971404e-01
6.022445829951404983e-01
8.485437588790563090e-01
-8.685603247045017294e-01
1.241645751883366566e+00
1.176023076573941228e+00
8.731780764173086018e-01
2.667334275859865045e-01
3.021157210585123654e-01
-4.108558195926574341e-01
8.943766231618945906e-01
4.260749558236107681e-01
1.405893666949627807e+00
5.955008599048441376e-01
3.988664492998650335e-01
6.368599357750392986e-02
3.115055667116112259e-01
2.882569406521334060e-02
1.437435940780813493e+00
1.345475760719448688e-02
2.568046849979537249e-01
2.413763538929938057e-01
1.425080878698426590e+00
1.270838825585427490e+00
1.328984481386553451e+00
-3.756755007907106036e-01
-1.131472035989609992e+00
1.293967633303455989e+00
1.740010170028656045e-01
-6.211080984972872782e-02
9.522755767437997010e-01
1.081460260324809797e+00
-3.513172112774200495e-01
1.316223295642698354e-01
-8.277879483852507159e-01
5.484859819803249437e-01
5.314464662823746854e-01
1.052276242088976854e+00
1.311121113164055885e+00
1.970591075686772609e+00
1.158937593385187537e+00
1.026899376246128287e-01
3.153872737342337529e-01
8.122469477375408031e-01
8.015765320580441056e-02
8.889344017675615550e-01
1.691041159440137109e+00
1.017108934909237927e+00
4.017767703198127371e-01
7.892031832103020283e-01
6.888209777382739984e-01
8.910414705388812751e-01
1.480232442516598468e+00
2.593769507291753262e-01
1.282718460393016180e+00
-4.744026972585602131e-01
3.905905251207442697e-01
5.499064252398216945e-01
1.205215987177937764e+00
-3.614704577400616459e-01
9.996660781754967973e-01
6.151018745370323559e-01
4.115834293823524281e-01
1.308010712425665467e+00
3.264545272889192162e-01
1.128850330533062163e+00
-2.919653252274513958e-02
-1.948340308861924441e-01
2.228773080215060987e-01
1.375250669488880417e+00
2.129909118135877577e+00
1.157998269580521766e+00
9.349940579483280167e-01
2.000140159415762509e-01
-1.947391596015205506e-01
-1.316690885630600327e-01
6.093227885948773181e-01
5.552720356457251372e-01
1.149751109382885828e+00
4.567563885698790183e-02
1.360980599074265163e+00
1.969534560502147924e+00
5.801949430167386845e-01
6.514740305991966185e-01
6.237416002053014497e-01
6.325918791211806447e-01
-1.858454902061650871e-01
5.455030276679816437e-01
1.057737581897129076e+00
-1.228176261223330318e-01
7.510536497666331357e-01
7.088726956176929495e-01
-1.796580885423538221e-01
-6.868738407239715071e-01
5.980833762920176322e-03
3.803637875271245750e-01
1.381277023909159185e+00
1.552703107879245037e+00
-7.338383234543702782e-01
4.212937566554186830e-01
-2.855958384133226724e-02
8.226166738259954592e-01
-1.053804066356860136e-02
1.019837480309775168e+00
1.354834823315884396e-01
-7.266862899647838492e-02
1.267987574321390032e-01
2.938430637072168145e-03
-2.138146623246967304e-01
9.697382385200735699e-01
1.178162246190016971e+00
7.003636774093368045e-01
1.239310263613805807e+00
9.164456444558554127e-01
3.265339420062982612e-01
5.454938698144755627e-01
5.769017748777378607e-01
-9.306984459714365832e-01
1.544960668703417306e-01
8.830331595667481048e-01
4.564088578037431287e-03
9.552740449963372793e-01
-3.576494776927585106e-01
-5.238445691924127345e-01
8.941850824145904930e-01
-4.685412240677005458e-01
4.457741996500073078e-01
-1.745576775179410456e-01
6.650034540278140227e-01
1.488906578905610401e+00
2.250008882881563976e-01
-1.224127681751824986e-01
6.746519829343566865e-02
1.271607235749963871e-01
1.594189471526313184e+00
4.830809347182598579e-01
1.824256280310175393e+00
8.617665429686044432e-01
-4.928715230550380633e-01
1.260422952353350778e+00
6.811006197943547669e-02
2.979124096524803367e-01
1.393707016451876557e+00
5.290187021069332474e-01
-3.019648793350291904e-01
6.723154237986548321e-01
-6.702381812699035324e-01
1.097751428363932025e+00
3.397913753913959778e-01
-2.825378675752784896e-01
9.242049122424152996e-01
1.014408427437078153e+00
1.309677635388286632e+00
8.462415734284005620e-01
-2.302262707757861682e-01
1.603825959735320605e+00
1.396232546523395124e+00
-6.586887204292957154e-01
-5.326192908925531100e-01
8.806679088676717670e-01
3.783765232399187717e-01
-3.214525401447356212e-01
8.994162714968978456e-01
5.890604226049620529e-01
1.530700861886354902e+00
3.815131503203201269e-01
1.016207481664606949e+00
1.212352800807622755e+00
-2.856460916499976577e-01
5.552783729365392551e-01
2.883696155258146376e-01
1.186923404926027770e+00
4.275627061251036087e-01
-6.644934649736088383e-01
4.196734148657235708e-02
-7.002740941412341491e-02
1.183541273251096371e+00
1.108711362301948000e+00
7.440087979010023833e-01
6.044059315831885604e-01
4.783727621247213513e-01
-1.426700933026062712e-01
9.166446225147683036e-01
1.373008971103761022e-01
4.330167603673497345e-02
2.961606522443000489e-01
-3.389382768771901505e-02
4.130369625793129940e-01
5.435853848120655862e-02
-2.769411552079159011e-01
-3.675575691112207277e-01
1.773425449433134071e+00
5.867592489210509132e-01
3.962460268676635256e-01
-3.077723469103469944e-01
2.604376100837159091e-01
6.749444469616363573e-01
1.466299169503452404e+00
1.210556887901844680e+00
-5.015575943559538175e-01
5.985329901353831916e-01
1.337770453265918036e+00
2.677493007505692135e-02
4.664426193068073601e-01
4.065390646297673549e-01
8.481979311907678065e-01
3.756029294178996336e-01
9.065490207047784965e-01
3.440874072612893353e-01
3.414064126324857229e-01
1.831609373665246343e+00
6.301572509862638505e-01
-2.905767992047725290e-01
-1.988385990588812657e-01
1.104290281149116648e+00
8.800712531766913260e-01
5.526085118468327950e-01
-2.765395689923606515e-01
5.563513680585978338e-02
5.907331680000834639e-01
-2.116519243441655485e-01
-4.935205939090109295e-03
1.212853590060955167e+00
-1.514054688736124754e-01
5.424342916805446890e-01
-4.830369904790787761e-01
2.267701346916362604e-01
8.422765083915931261e-02
1.175447621174437351e+00
9.084470132294119038e-01
4.596318360132616854e-01
9.572914359468650547e-01
8.675154807652610822e-01
1.156564540687965881e+00
1.788318657699698777e+00
1.665951888050768437e-01
6.328072411086138604e-01
4.247627683001275467e-01
-1.167010899055032358e-01
6.259613090926281487e-01
1.011201879624611388e+00
4.969057823422644016e-01
6.998156214333030034e-01
6.948303738405784413e-01
-3.201641411755248301e-01
1.190131929084706108e+00
-9.358092082650412147e-01
3.772847517188653299e-01
1.333367473049528407e+00
3.924920181348348081e-01
-4.330018339867586219e-02
9.049090957259644519e-01
-6.568173040856264411e-01
1.131822108088731627e+00
1.193683969562254532e+00
1.832952774527876194e+00
7.079536217856244873e-01
9.167559977089430046e-01
-1.683647021006852706e-01
2.334991140790458053e-01
5.868460677888138743e-01
1.167353567158661010e+00
7.599209842217867772e-01
1.019090721063646010e-01
7.374808052664090230e-01
-6.427927694417546745e-01
1.005422561983161822e+00
-6.595759448657709245e-02
-5.935225036323780179e-01
1.606327809203356161e+00
-2.396651828815675733e-01
3.715375600665768996e-01
1.559234147964991268e-01
4.646043235461149168e-01
-4.992596891921674551e-02
3.290253924927228901e-01
3.363491772088511023e-01
9.330642749011700543e-01
1.113025524575460279e-01
5.339126450815625535e-01
1.295282691058656344e+00
-2.282322975924320763e-01
2.421307602223581046e-01
1.847485761285724726e+00
1.139322551781982718e+00
8.742163202318271598e-01
1.013747457824512699e+00
3.322576880509904851e-01
1.530457942875020905e+00
-3.761340952028808249e-01
8.341293251216966298e-02
1.080012375519878026e-01
6.164300195831496909e-01
7.277299897972399068e-01
1.347021811024874394e+00
1.511269085903034437e+00
3.217210411526938985e-01
6.747693419447166052e-01
5.005659119850776051e-01
4.139000551219140234e-01
-1.382697950173628065e-01
1.166050870930631644e+00
7.048847343703797952e-01
4.290958287743492083e-01
2.894501941035737547e-01
6.515362602624904520e-01
6.398835287113767700e-01
5.085552254385494741e-01
9.620199514255493023e-01
1.274535999665489916e+00
9.109213786330067064e-01
5.563913353795205685e-01
-1.224026201936996960e+00
1.420126959744986428e-01
5.277641610143150031e-01
4.524406310418283006e-02
1.616869353747144022e-01
1.037881398297090696e+00
1.458158815320394819e+00
7.262638671466831175e-01
1.881097726926609148e+00
-2.410761017856950239e-01
1.481840083498560556e+00
2.985229734899702558e-01
1.478493501714763347e+00
7.913506085366747156e-01
6.204513180696570318e-01
3.442525202840172049e-01
-5.096511532877902317e-02
1.653160964356108487e-01
9.713899044757747792e-01
-1.436558074357139891e-01
4.751714730706227408e-01
6.392249630749881062e-01
1.099910570715634917e+00
1.055817819278156877e+00
8.622953213987535337e-01
2.640438351670226225e-01
6.558943281554698856e-01
1.337449631198261435e-01
8.214360179456413613e-01
4.137087629900674801e-01
-1.023416166434062413e-01
-5.972988808747946576e-01
1.131952423403397079e+00
5.208267728811768471e-01
5.796777657861031940e-01
3.805460135130619981e-01
1.559705173982443849e-01
1.351654675714311971e+00
-4.716880223435664793e-02
4.552823062984074909e-01
3.421108737340604611e-01
1.001480446359596987e+00
9.287902314841183227e-01
1.713433742854720832e-01
-1.358031001372394242e-01
-1.046419437517096956e-01
5.153264425187493725e-01
1.360244533894846342e+00
1.022069183176282037e+00
-6.504413354609220321e-02
-2.778503980967418352e-01
-5.058412630916157005e-01
9.089843761476420342e-03
9.038813058106724974e-01
1.451857948701460010e+00
1.118531836226823728e+00
1.000236221401945347e+00
5.066462932216527770e-01
5.856248919379055673e-01
-3.064114206079059377e-01
-3.097786868143727612e-01
3.828538940841254012e-01
9.334422471286842882e-01
9.213397014153259512e-01
1.205029830096902232e+00
1.478632264359677428e+00
1.151837869854687613e+00
-2.615112347142542482e-01
1.521814965420022592e+00
5.294046294868158808e-01
-9.448090420004104373e-02
-9.542977734107326027e-02
-3.209698455481890811e-01
-3.459700095200600733e-01
1.014166421361536230e+00
3.316616090499225900e-01
-1.157117974091580737e-01
3.185497533649264690e-01
-8.662577361474977922e-01
4.972066290520676252e-02
5.640579776955046976e-01
2.891224145079320240e-01
7.274180308372700798e-01
5.398189874424648149e-01
1.710076079568477514e+00
-3.992502649349589650e-01
6.464697154357668119e-01
3.150569209487376066e-01
-1.866505225391015127e-02
5.479242160462693967e-02
2.600366408058413792e-01
-4.569795269163345885e-02
8.495958495235956809e-01
-5.326013003298628590e-01
8.738564476346956100e-01
1.947710500902072039e-01
7.513177001776379926e-01
1.385205543012786311e+00
3.019487476765221889e-01
1.138111642039373761e+00
1.103833629571274955e+00
5.202471092398200936e-01
1.016068369908780689e+00
-1.218272880906521860e-01
4.716649114661661812e-01
-1.659660415246270171e-01
-2.189018559006753739e-01
1.321670231938203655e+00
1.421626738382781419e+00
6.035359720301531894e-01
1.714723515723283187e+00
9.291196177019636071e-01
8.833556226044658732e-01
1.105448643870356795e+00
6.071890172034226651e-01
3.051273833793460288e-01
-5.809021278813696343e-01
4.068623198618476211e-01
-7.177272827570614355e-01
7.320082398507213872e-01
5.610852723703951828e-01
1.356682830118729755e-01
-1.413284151589482285e-01
2.387280397120821462e-01
1.019439096274767365e-01
1.569937042256197790e+00
3.704002009158162689e-01
6.077903808763206461e-01
4.010009117312349908e-02
9.434477225071040696e-01
2.006508390272227493e-01
8.584506869911735505e-01
-1.559027482658972286e-01
2.507211247653779937e-02
4.933109506833814328e-01
-6.374495141925164976e-01
-9.096040873712733787e-02
-1.372290553458614323e-02
-3.482746401131124880e-01
-1.131580649331715427e-01
1.107024310397662692e+00
6.909020666589237303e-01
7.749921893553336494e-01
9.447624977804214286e-01
1.436087821778341711e+00
1.255451989614974950e+00
8.825440733053324660e-01
-8.672922390341635257e-01
5.335595347000195998e-01
7.528330852361304615e-01
-7.937835464105165162e-01
1.012077184774299088e+00
-1.945229630955593314e-01
-3.952155570595770190e-02
8.135641341868879439e-03
4.037185215452694376e-01
1.017556795260988967e+00
-9.943451096264219191e-02
5.316822550992105212e-01
9.809292886544442869e-01
-7.318685685506177707e-01
-6.450012705799803570e-01
8.017288627472085594e-01
6.262220592324457824e-01
8.545889110540024758e-01
1.461180879318352277e-01
9.285625182617733842e-01
1.229978993207968108e+00
1.433739278265669048e+00
8.700762980262932711e-01
8.322677280861587867e-01
1.881239499878528232e+00
4.069628789494645904e-01
4.379754938456338342e-01
8.431516187534037199e-01
-5.460711299160543319e-01
1.354174561704825530e+00
4.261137621136029674e-01
-7.664667999844640978e-01
1.502390044561504601e+00
6.110098917011423936e-01
1.093701963940043598e+00
-3.922740841893160302e-01
1.191365695247997181e+00
1.402494808768655288e+00
-3.259863659960835491e-01
-3.082737860016087628e-01
6.209286573869654546e-01
-7.709736359761827640e-02
9.412609412719684654e-01
-1.652071990615024133e-02
3.279070974308963549e-01
6.912451492733759917e-01
8.557368525848974006e-01
1.164145309634697645e+00
2.516173591576877366e-01
9.627778443580254919e-01
5.548572428566770354e-01
1.235737015252896143e+00
-6.178639084644054202e-01
1.679801481840061728e+00
-8.476436553552406383e-02
7.892857279520206770e-01
1.529875331697041263e+00
1.312708051304338541e+00
8.266329488313708396e-01
4.001342599677776835e-01
1.219256532389385861e-01
7.759453115079891772e-01
7.630012425211850635e-01
1.123563307430201913e-01
-8.514485180186989743e-02
6.251951350299157495e-01
7.313855465739582673e-01
1.186087440348507077e-01
2.039688674455090389e+00
4.981284373075328675e-01
7.846781306481287466e-01
6.492029134891982300e-01
7.514901907924411706e-01
-3.987100552464125508e-02
-2.116047992375738596e-01
3.529245960405871796e-01
1.298839322613553060e-01
6.775279276188178601e-01
1.301802323350435886e+00
1.349210848227038406e+00
1.427686623475144412e+00
3.614767224280056035e-01
-2.844808763184217271e-01
3.584976075140118290e-01
-5.735002426386028029e-02
4.402092896334189875e-01
1.633409134785498429e+00
3.001583324011136700e-01
2.072559609036579431e-01
6.362943123715025795e-01
-4.157167058817793914e-01
1.063926780277531847e+00
9.728766184159477470e-01
4.572616474832499889e-01
9.280737597238967185e-01
7.089596189631675038e-01
9.827437504855053296e-01
1.207587747103738396e+00
1.861168461302432353e-01
1.791686668005921523e-01
-1.537395755679101250e-01
4.829034660564268111e-01
-7.669661504091640492e-01
-2.660402472490617787e-01
1.344439190102781234e+00
-3.198868052264099149e-02
1.364917095648405243e-01
1.145989552657523447e+00
-4.241860868734976808e-01
-5.238099487761226358e-01
1.797903203195726773e-01
1.962750042502529602e-01
1.753098783836826158e-02
-3.258123297474648239e-01
-5.495180164999167172e-01
1.127221846040434405e+00
7.770087707197866900e-01
1.040992397616629539e+00
1.662898443712887531e+00
6.061390399476560553e-01
4.956118090336918969e-01
6.600117591637392200e-01
1.639948912157363603e+00
5.197754410496552291e-01
1.001456849589593023e+00
6.898748949168640454e-01
2.188271573432978290e-01
-5.289873332840978604e-01
4.087253879270536516e-01
3.004978071395512096e-01
-2.692906372376196455e-01
-4.205304326217368383e-01
-1.580361035791736646e-01
1.247192757260018769e+00
1.784289838017322216e-01
-2.082982773685940203e-01
1.061781560431758198e+00
8.766077097169236998e-01
7.016125641274766345e-01
9.281880309799446227e-01
7.766793675898413518e-01
1.079090416030151767e-01
5.646463748050591924e-01
9.916062909699535632e-01
1.195303017189203842e+00
1.084547873414133390e+00
7.429540597157457960e-01
2.999115192312709621e-01
-1.090508735890045044e-01
7.228989098298911342e-01
1.886386983205500800e-01
-1.780245818956645298e-03
2.727911659405986011e-01
1.850525479154926378e-01
1.543724595781921671e+00
1.011958086571821180e+00
4.163340610119745100e-01
-5.448763937563132487e-01
-8.445549830217016773e-02
8.607514414433337091e-01
3.834651439621381552e-01
1.390176153220902266e+00
5.644920265972269702e-01
1.830806173997302500e-01
5.380313566053283036e-01
1.559785893577924298e+00
4.381496556268547060e-01
8.913006336522667494e-01
1.429965838294896985e+00
1.161815835798559959e+00
1.025612117028509962e+00
1.073817758221740970e+00
7.218331548357537208e-01
-2.441271641642884238e-01
4.329499411940800346e-01
-2.675131086733173458e-01
-5.206727770259657051e-01
-4.965068466488962717e-01
7.011645366142092717e-02
3.759607596013589959e-01
2.070882845161437391e+00
5.191229963291564831e-01
5.117110247819890434e-01
7.450276579499740537e-01
3.495014223440222056e-01
1.603337766986401736e+00
2.465734147971790358e-01
-2.467059319609589962e-01
1.257199522745293008e+00
5.635878946394859978e-01
9.076451469168590400e-03
7.803987103543206238e-01
7.675807110877813644e-01
1.822128722279853896e+00
7.195122817682857441e-01
-4.265105776789983594e-01
6.159867981732362052e-01
3.195783308970866210e-02
-4.821728241621271449e-01
9.133589930412230329e-01
5.878371399183049961e-01
4.159479495153646234e-01
5.435060509525386774e-01
-4.539652573478428765e-01
9.767837072215163063e-01
6.727515106205800288e-01
2.970915437019798766e-01
3.690192885731924388e-01
4.157184489820724971e-01
-4.174769503652348002e-01
1.104750684346917478e+00
1.510679135742620804e+00
6.112143668708153177e-01
4.068740765133549986e-01
-7.324262665483443069e-01
7.732031230316163128e-01
-3.128615357003432240e-02
1.868875714445264805e-02
-8.165655564166595104e-01
-2.549414203529830614e-01
1.527923506718354085e+00
6.830092636937277195e-01
2.571131831702626602e-01
8.735886003036472669e-01
4.825039955642401179e-01
8.279422440075612233e-01
-4.418746789568237660e-02
1.169170479971730847e+00
1.724661377399396400e+00
4.868035414504641722e-01
6.185354072023325767e-01
2.321188982022161784e-01
5.971801348095612250e-01
-3.436106354122942519e-01
6.476793628797328228e-01
1.735217433403141163e-01
9.483889231382022222e-01
1.443109625375767147e+00
1.262180853574062844e+00
1.664307061984429126e+00
2.742727550931466918e-01
-3.318884925853858303e-01
4.740306468700339892e-01
5.236734702623990767e-02
1.616131212706816145e+00
7.984908071372822658e-01
8.374936934247300124e-01
-6.857253164949217439e-02
1.950209621841151042e-01
-4.457292931972013372e-01
4.423187196300532587e-01
5.275130444842277555e-01
6.733801982636847816e-01
1.149068283628204235e+00
9.746526871458960350e-02
-7.353361491922684179e-01
7.812814489485446767e-01
6.168605472261352585e-01
-4.570656962597395290e-01
3.265004984376732589e-01
2.120463165826931007e-01
9.644705788683452519e-02
8.287484064747245860e-01
-1.101237189662389815e+00
1.882800381044153815e+00
1.260992520140334028e+00
4.580985339771843634e-01
3.117600855281363881e-01
5.426820272788398514e-01
5.095348710039420137e-01
-4.620453841055399691e-01
4.264553759741082084e-01
-1.005042948158136218e+00
-8.393255048111200045e-01
5.395720402351782408e-01
9.704050582462041552e-01
-5.188367290804554027e-02
-2.163123786779875268e-01
1.595485793816835862e+00
-2.322889674151069062e-01
7.496623265074573439e-01
1.177198277784085478e+00
-2.720911141669293265e-01
2.027715144221508281e-01
2.153241315480718954e-01
1.503509097754734070e+00
8.095227524582927492e-01
9.863206651227832689e-01
-3.253951158539097888e-01
2.681055447709378425e-01
6.308356865278088588e-01
1.088437091548405400e+00
-1.095279322827804158e+00
4.053326643677683250e-01
9.405755408039541132e-01
1.377279510650560868e+00
7.542497159961593090e-01
-3.087947362883165514e-01
2.092656133755527725e-01
-2.571023724464276961e-01
-4.257327213379611397e-01
3.655818790126833528e-01
-6.828795014936887842e-02
9.054640140843094320e-01
1.837614199010360327e-01
1.670889214058388639e-01
-3.475367938938628831e-01
2.933585938211926147e-01
7.757260991867924727e-01
8.690980830134228396e-01
1.473829391371557218e+00
9.172498248269062709e-03
3.561344896691463480e-01
6.320619788152564977e-01
8.358150911787690651e-01
5.939207186213241174e-02
2.033167129838947318e+00
-2.528873770217770489e-01
1.171800185008395445e+00
-8.962293728172475438e-02
2.142824890422856121e-01
1.566511070578718634e+00
2.033614441858924704e-02
7.166329512601701257e-01
4.914138359600720984e-01
6.079400651145636658e-01
5.109617796671767076e-01
3.364328619320021418e-02
2.297139923464937838e-01
1.553819652061507073e+00
1.256968194740348821e+00
5.047583951407658143e-01
-1.344476304549235002e-01
4.968087224545672531e-01
7.702701619487577478e-01
8.921784731463705542e-02
2.574499833692438511e-01
1.582598473718042076e+00
4.256096388361481075e-01
1.427132421838566700e-01
1.313118546914580520e+00
5.757753695653821113e-01
1.570921224924026083e+00
-3.889238353367576173e-01
-8.078567804353975479e-02
1.487297460112650072e+00
1.583503330825889455e+00
1.617123370572478569e+00
2.753629213326601599e-01
-1.208691195316545092e-01
7.092137740803802215e-01
-7.709676909311832804e-03
2.762655079549111714e-01
1.014026466163317819e+00
-7.063076842126545518e-01
1.146162102379028463e-01
1.158538352534606242e+00
8.953596480149973447e-01
3.400325442778802110e-01
6.734168355531959804e-01
4.104646387490636927e-01
1.056525955279710605e+00
4.100287640575008830e-01
1.378146671461717210e+00
-3.308341749016098510e-02
1.047570669523757658e+00
1.240429541341580233e+00
-8.634695508246625906e-02
8.101306224276780821e-01
9.435068394862643482e-01
5.465886983324710346e-01
1.998055723243193027e+00
3.661913211276008329e-01
9.899331366159161982e-01
8.543546362542592254e-01
-1.043629552123685467e-01
1.387720786786309279e+00
5.498447468842938557e-01
5.325049189368554758e-01
1.277073801909093920e+00
7.238589213182602400e-01
3.450429790460864954e-01
5.178583510709612314e-01
-6.245257630043657970e-01
3.418391833220953413e-01
8.487306183099753154e-01
6.711164877436561760e-01
-1.325313189142906800e-01
2.237191179242945249e-01
-1.555019694050975287e-01
-2.189855104006607073e-02
4.139021657153554856e-01
2.197332463752775522e-02
1.983030977436662567e+00
5.974146486838222136e-01
2.941826240675914361e-01
-9.795712300254290350e-02
-8.772813886631493363e-02
9.249337803711978889e-01
-8.059434160390948065e-01
4.562676660035297482e-01
3.379782801115517876e-01
8.611756770352344548e-01
-1.453280934017799758e-02
-1.904978481932811940e-01
1.272294997902254643e+00
1.660516276894488774e+00
1.711511679542620235e-01
1.858939467197184614e+00
3.947554887593792694e-01
-3.845739872222199152e-01
7.506870220574629604e-02
9.889554416650507829e-01
1.396749824294098719e-01
1.769712825578205195e-01
1.449684811976178711e+00
1.129401500917686318e+00
2.129781048566374846e-01
6.563976850725002921e-01
1.490997740746048628e+00
4.597815951401240109e-01
2.548533147071650462e-01
5.234946177023155345e-01
-1.781828950191872152e-01
4.958421096483762308e-02
1.265503411991892868e+00
5.150636063175262347e-01
5.688901606509602082e-01
1.232972261950413317e+00
1.120636946489540042e+00
5.011986684303209039e-01
-5.165979946637196951e-01
2.029374374756736099e-01
-6.562048501222248476e-01
1.702366209277416553e+00
3.691851519158382833e-01
2.587255285444339803e-01
1.667783649772927479e+00
3.296803143073563369e-01
-5.074868471733435804e-01
1.059455847607227996e+00
5.834610961692106024e-01
7.839560675686609859e-01
1.457003296415815941e+00
1.537151216708317891e+00
9.480216035885513648e-01
1.244020137435962459e-01
7.008719169260638204e-02
1.845898242044332060e-01
6.304249610867868059e-01
-5.393444261730530320e-03
7.168072056346680432e-01
1.229073142874982372e+00
-2.764310827854309371e-01
-1.697391190035595077e-01
2.419952264967176470e-01
1.423847640641320300e-01
-6.836544246336041797e-03
-6.967900764130258162e-01
4.473130973209332728e-01
3.032343638857828982e-01
9.862384661461880420e-01
1.975188581108652475e+00
1.317359182110170224e+00
-5.508760364787834707e-01
-4.534085603179172641e-01
1.296715832916792932e+00
-3.791229929555677836e-01
6.855883743440328582e-01
-7.391940369301908120e-03
1.777618325980862446e+00
7.717617020191377408e-01
-9.819096715745954940e-02
-1.103845412336513343e+00
2.172374862291560627e-01
-3.029761276036254877e-02
1.207478598274138948e+00
-5.011811127638467200e-02
-2.109966131557419744e-02
7.812167459573519102e-01
1.546566837230001434e+00
4.495658310739970576e-01
7.807135965054924354e-01
8.863603844728364933e-01
2.992285977574971056e-01
8.617237376804426363e-01
5.795565708397275584e-01
1.333973170707581035e+00
4.349009200864728530e-01
3.934380632240612741e-01
-1.327081051008582912e-03
1.393085420064942070e+00
1.101575449581067234e+00
6.921501296805154801e-01
9.524006175789125894e-01
7.357535342033912906e-01
6.602900440417167616e-01
1.642330146195664975e+00
1.099250179246548109e+00
-1.172705363761895603e-01
-1.720332791241662995e-01
-2.766569347707508175e-01
-7.853491316101312014e-01
6.947705173696221426e-01
-8.157859898176582358e-02
1.103926976866358878e+00
9.703710747263173397e-01
3.208009537304787884e-01
1.038906249324939468e+00
2.146771489780500974e-01
5.254931934515135739e-01
1.438135477857130695e+00
4.886526984214315528e-01
-5.989257865060668706e-01
9.740320918840065234e-01
4.207157679400658767e-01
2.641704215613510098e-01
9.561622340000699438e-01
3.700001728446016686e-02
1.877509917188656396e-01
2.571340532460638095e-01
1.147844843220075184e+00
9.394186852282487843e-01
9.132909925584444810e-01
9.628687881502048240e-01
2.824305193168574757e-01
-7.118786936838883417e-01
6.684146576451076571e-01
1.614565269709505646e+00
-2.282269218836787961e-01
4.670261602260759870e-02
3.993032270275927997e-01
7.771264462745562929e-01
2.029647074065356882e-01
1.797966471665976229e+00
-1.516663638802023817e-01
6.467868705997315004e-01
9.455111743123254531e-01
4.545468184934361305e-02
-1.163737034021488315e+00
-3.845389186431329986e-01
-1.169318147331541158e-01
-1.159058948211139306e+00
-6.055258296101266868e-01
-2.916566410401729703e-01
8.816100512234090192e-02
8.577605469536314642e-01
7.984480387977769267e-01
1.048631945180859448e+00
1.965264046846269652e+00
-6.569756990825913467e-01
1.197959423744470620e+00
2.892667317682225958e-01
-2.846834569030893825e-01
-4.690760067680214140e-01
-1.655848193291830084e-01
-4.513516587543206504e-01
1.728307576728405515e+00
6.412515554444735422e-01
9.318726357882997080e-01
5.551929342760837383e-01
1.610398156473638265e+00
-6.771476481060696717e-02
-5.642567359632743029e-01
-9.624569889641576559e-02
5.990626634866791367e-01
1.194098204345856562e+00
1.844399202565953022e+00
-6.141876750072793045e-02
1.410018259293723597e+00
-1.021203979656975930e-01
9.631163418088668771e-02
7.330940618393519403e-02
9.837827530855998148e-01
1.565440351610965619e+00
7.096572773576568238e-01
4.720623022879251729e-01
2.546002368849371034e-01
2.313431724441079307e-01
5.719405323643685923e-01
3.568650020519071320e-01
8.405649793480645116e-01
1.698886858642537356e-01
3.936364939152652842e-01
2.737128361820542061e-02
3.936849022408442922e-01
1.640859713003994802e+00
2.940192593990770820e-01
6.535036548207777685e-01
-7.115841060525519568e-01
5.878151698829601202e-01
4.361083593728565244e-01
7.112775224647323036e-01
-1.559588648747835538e-01
1.785689230321733934e-01
-7.350891796161122815e-02
-7.138018907127115231e-02
-4.025799622058821026e-01
-8.653430924691613013e-02
1.696141122231029086e-01
-4.740897371231566071e-01
1.165970180416893598e+00
1.380375499494821190e+00
7.453611710516596656e-01
6.743859652590905585e-01
-2.046013258009363733e-01
1.184703103501861948e-01
4.205079991320000155e-02
9.543347138227659121e-01
-4.722901394207108527e-01
1.379370431898395033e+00
7.787977268163035482e-01
-2.004130746063940635e-02
1.187647032867678920e+00
1.232892898117399216e+00
2.865890282411628354e-01
8.577105051991092965e-01
1.428664226057227149e-01
1.884464142624661553e+00
5.531228534400969288e-01
6.374453529589253487e-01
-2.926644653528837625e-01
-2.046605427650217690e-01
1.170148649623516279e+00
7.380957798013220161e-01
3.074571112146713414e-01
4.194159007216268220e-01
5.607925975517542572e-01
1.504752261499983090e+00
3.987533400070765177e-01
9.824951798305111561e-01
1.440118506099408169e+00
1.659353824757942686e+00
-3.315010314418898041e-02
-3.217124917067550882e-01
3.277659726279653074e-01
2.342042755680346644e-01
3.834439400267969367e-01
3.594372360864721561e-01
7.329111022363933303e-01
6.662357537393444051e-01
-2.191279188932933331e-01
1.118866178503290953e+00
-2.553148412049785487e-01
6.362329933457234743e-01
-1.519891406695815794e+00
1.388910299944251081e+00
3.810199915876254506e-01
1.385987364840826297e+00
2.661354026648472815e-03
1.058834299718800276e+00
4.168664230685560357e-01
2.010160232954464554e+00
6.714049512704420852e-01
1.084577689444249593e+00
6.026238523778019163e-01
1.688331329307814155e+00
1.745571791519572979e+00
3.135157044846446084e-01
-1.402198127357217050e-01
3.899541874642843964e-01
1.224535980211234776e+00
1.315275036250249219e+00
1.420139660421233962e+00
8.570124527640107237e-01
1.338737729298003609e+00
1.737983733103727335e-01
-1.070997472187879551e-01
-9.469711116599094369e-01
-2.599269024040802845e-01
1.017328103849147292e+00
5.794465829600012885e-01
1.008336536842626918e+00
7.789697019443843073e-01
1.094425828222304942e+00
3.102091028980517584e-01
1.152702893487284941e+00
9.757660928196141281e-01
1.265600767716767439e-01
5.287509106791610236e-01
6.401507979734838427e-01
-4.086330385730416181e-01
2.621916474400187713e-01
3.688344353189366709e-01
1.085751236238791773e+00
8.673893262642959900e-01
2.094621235495710998e+00
1.982494005651141311e+00
1.079662927067881695e+00
1.445215184656204244e+00
-8.750346608639352208e-01
7.383489882141648364e-01
4.302107767045945663e-02
1.344771725564451792e+00
6.604480537065210433e-01
1.723799989296435076e-01
-1.138027788613875796e-01
-1.886803414489545694e-01
1.015253845807369687e-01
-5.311344809816728185e-01
6.070877385231691070e-01
-7.642461571420774424e-01
5.084979900384268836e-01
1.997971597701910129e+00
1.403204828220132594e+00
-4.603483720489314202e-01
1.447031099964130929e+00
1.793151696603778600e-01
5.190830015039586964e-01
-8.546840048741870532e-01
1.807113586177617526e+00
8.150570964961834086e-02
4.071053296870231208e-01
2.281051632006732000e+00
-6.030136014535468769e-01
3.650111375772863154e-01
1.065476740216591001e+00
-5.620723715217119665e-01
8.663911202878472606e-01
9.681652613472332414e-01
5.417465186060592686e-01
7.245119619407693889e-01
5.883332565358190269e-01
-1.146354548877728530e-01
1.766154957141063964e+00
1.247972802894888433e+00
1.000699696615313217e+00
-3.631672720733153947e-01
7.642354175395407179e-01
1.664361037560019296e+00
-1.467224148690906282e-01
1.835356728127623738e+00
7.790475317973386549e-01
1.186966420538639211e+00
1.729707651212716302e-01
5.090671208026913419e-01
-9.748046610595566264e-02
1.165892902939784204e+00
4.101294055231541891e-01
2.691972698545814779e-01
1.910260217254748927e-01
-2.258624868743461800e-01
2.347525571006349732e-01
1.005719899659550803e-01
6.734165234165085945e-01
7.337967859256899761e-01
-1.406223760591369665e-01
-3.994618771983363126e-01
1.915711058422787938e-02
6.996985184623963905e-01
1.064408485968162676e-01
5.669365552700449395e-01
3.191977923307351417e-02
1.492116658625517456e+00
2.002548566987263357e-01
1.207831541385089968e+00
1.176095894480466919e+00
1.291992968056959290e+00
1.653861377031835556e+00
1.062929687054546823e+00
6.175705490961941324e-01
2.689874328121657499e-01
2.676011285380645588e-01
3.039677125021852944e-01
4.938169081889192541e-03
6.347637105352053055e-01
-6.361071567964683426e-01
2.101942400205790040e+00
1.194306135892502008e+00
5.534607708142597060e-01
8.322122517821929355e-01
5.916537575344363864e-01
3.084370266637183611e-01
-3.218435370682005275e-02
1.925538069714639172e-02
3.634946757487612090e-01
-6.820005427094196770e-01
1.389295622864566315e+00
1.387818522314102188e+00
-6.790663006194554985e-01
5.812466195910279687e-01
9.283240781746262549e-01
1.885520051981178780e+00
-2.398357469203147296e-01
3.146577954215183937e-01
1.314641612163222728e+00
1.577184511199522632e+00
5.616010076229989156e-01
4.498180416585086938e-01
-8.596314391260484467e-02
4.321436771549407307e-01
1.598467787808653506e+00
-5.728875160885503748e-01
2.260355457917381447e-02
1.587647993582870898e+00
5.562501125407908198e-01
-8.944590152844604514e-02
6.927523404176423316e-01
8.053407875970856056e-01
1.335918728902022679e+00
9.149599953311782219e-01
-6.658533004792493992e-03
-5.179972944575285121e-01
1.446543254564642389e+00
1.801650463123450674e+00
1.583612169985775253e+00
-5.061951851466499619e-01
-3.869141637802794298e-01
5.540771722073704053e-01
7.007832061519220224e-01
1.102193115066940177e+00
-2.601116568405378859e-01
-4.628167692211440643e-01
9.819488496663022481e-01
1.016907196656946288e+00
-9.950708898468779706e-02
1.106991135892251954e+00
1.126404041349457152e+00
1.232003568341496269e+00
7.446833345077183974e-01
9.327432805586853837e-01
1.372537158749139286e+00
-9.209101044586399942e-02
-7.743075910528469663e-01
5.896293253298643400e-01
4.568077690471735175e-01
4.055611316001673794e-01
1.692149406172906323e+00
6.234074654861485598e-01
9.761752688923509558e-01
1.613332606401522429e-01
1.191375739212817475e+00
5.597949714344859773e-01
-7.248352057988494135e-01
-2.718050461700743381e-01
1.046102498906003708e+00
2.327696176047663879e-01
6.850550680876333898e-01
1.922765749558173365e+00
1.078127934889727246e+00
4.651199161955856254e-01
9.728625678181297420e-01
-8.469134451378622364e-02
-1.009079914336837303e-01
2.437950720340049116e-01
-3.613733746009460401e-01
4.789929207118842625e-01
2.850890218776359064e-01
1.897980173422358363e-01
8.940094612944747832e-01
-7.702568708312280688e-01
1.979967364296602028e-01
5.604586161656723853e-01
-5.092817961598613552e-01
8.218382612207336679e-02
3.124635649575343566e-01
-7.598048357104270067e-02
1.322901663507663583e+00
-4.129952749193250838e-01
-5.158560307718049742e-01
-2.201801987050217568e-01
7.106754940827232359e-01
-7.832291081799831467e-01
-5.318121600619160061e-01
4.607406451791744018e-01
2.008914520865220599e+00
1.041031061869456265e+00
-4.607980023655071644e-01
1.928182003719485782e-01
1.984923833954530759e+00
1.110989513579112353e+00
-4.339350278630902391e-01
8.294175613649023004e-01
1.247809354054326914e+00
-2.081894073996739258e-01
-1.203219601050736082e-01
-5.216330348276752016e-01
1.314640278993546296e+00
2.499833781968368029e-01
5.112895177651559653e-01
-2.180006716775762243e-01
1.146674677849594870e+00
5.779567540014478588e-01
3.824822029323009520e-01
2.756210848116629752e-01
8.892207712903107408e-01
8.576325732871711294e-01
3.459331253461517819e-01
1.037771347966251589e+00
1.608071814767498831e-01
7.004950898312811702e-01
3.735243321305665165e-01
1.354052848683824806e+00
1.250220910167518129e+00
6.869005678043047514e-01
-4.714203930441039636e-02
1.184792840502256084e+00
-7.346290953390686995e-02
4.342785142436532686e-01
-9.421216551814375340e-01
-3.631805233849823289e-02
2.007281424482344256e+00
7.850098935956006940e-01
-4.187645403149145018e-01
1.209093804081064372e+00
-2.392979884680870029e-01
3.732025598603998517e-01
-2.778579401688981987e-01
1.108977536451939638e+00
3.843142174508124564e-01
9.571130453507751060e-03
5.085780059030318156e-01
1.485182903092517881e+00
1.171824216479836478e+00
-7.751888370231486691e-01
-3.898547574286703732e-01
-1.006594475615066459e-01
1.305424601280301133e-01
2.148594672782226100e-01
6.514719903196912743e-01
2.504238026942984252e-01
1.178077567201977621e-01
4.119323334590209162e-01
-1.527960236087327339e-01
3.584705713232665403e-01
1.555012923415533210e+00
1.879200164233257864e-01
-1.397690737604945777e-01
1.611236787135978510e+00
7.867764566890012023e-01
-9.709437437060133291e-01
1.653069223222196626e+00
2.671008071350058910e-01
8.876900737440213129e-01
2.992025927731836177e-01
5.218075134377735402e-01
7.177193588453664175e-01
8.509379344296071901e-01
3.694664868028154081e-01
7.866636574586822750e-01
9.500635747545886911e-01
4.138023052994664608e-02
7.069541210428132993e-01
-5.120052049204815159e-01
-7.897321474856847656e-01
1.154712308171524260e+00
1.241342707940379153e+00
5.294635463746071302e-01
-5.981342127734624592e-01
1.873480635867372790e-01
2.654223612959333289e-01
5.854076275126323115e-01
6.352768313130524591e-01
9.463611302423877714e-01
7.886772763254413787e-01
1.474810619400578116e+00
7.169936989642425873e-01
-5.403660849895943752e-01
4.821233934993084946e-01
4.514459646182326091e-01
2.548088355279487516e-01
-1.217618375179141399e-01
6.406214991187617613e-01
-3.887795070319929325e-01
6.079260190234676564e-01
2.701053125406792099e-01
4.246870574910735496e-02
9.925512759145581621e-01
9.845406261888571819e-01
-3.959930009326242395e-01
1.251886960016754813e+00
8.570110010928372324e-01
1.991367277693590898e-01
1.617967944129250268e+00
3.092107762231153800e-01
9.313464040339820560e-01
-2.372785086320691739e-01
4.810984931865424641e-01
1.372431514720454659e+00
-3.932851760734694391e-02
-1.885918990817872787e-01
5.443972213313549302e-01
4.821658387035026583e-01
4.478225973443311081e-01
-4.598858547412963405e-01
1.439957106290993272e+00
-1.952262011957663634e-01
1.369616997603837705e+00
2.451315669392183094e-01
1.997131231739348589e-01
-1.712302005440092811e-01
1.609501728345537064e+00
1.696872369748515741e+00
-3.436539427305246863e-01
-6.006412863825607573e-01
5.655131583361460157e-01
1.011372727972178198e-01
1.156091871687136452e+00
1.113588211615197943e-01
-1.075459792974269718e-01
1.025434702075038285e+00
1.481885731268598017e+00
1.763216672467346480e-01
1.355042584947062201e+00
6.889483740265378575e-01
1.360246077014465316e-01
1.242223326851673582e+00
1.855187898330135365e-01
-3.363971988444530714e-01
1.057318451505190993e+00
9.995181031980466813e-01
4.832493241273594919e-01
-3.017000535484546525e-02
1.020412843600489561e+00
2.273307187871365931e-01
-7.230622008078039231e-01
1.163318044034726384e+00
1.109681151950330236e+00
9.432050407985083096e-01
1.287089399825625202e+00
3.356001266560086349e-01
8.788496432219430332e-01
1.291326529911570820e+00
8.118698717322070380e-02
-2.687273964725918618e-01
2.898189076223730565e-01
9.813796603316935485e-01
2.817051751866774326e-02
5.845854022612145817e-01
2.919996622851095402e-01
3.698426644330431445e-01
1.407760037611794496e-02
1.079212630250960148e+00
1.072520315368371557e+00
2.926079868413781759e-01
7.133210215842636925e-01
2.774484295163641145e-01
6.449441711251902021e-01
1.580115949454315327e+00
1.464278390102398131e+00
8.407156496328513917e-01
-5.207782635575003427e-01
4.315726188993644907e-01
4.333274769443029029e-01
2.239617859584919213e-01
1.188773990793379420e+00
-1.008789053256387014e-01
4.737856677587914400e-01
2.913933768210323905e-01
1.916467285636574980e-02
3.014533304638903344e-01
-2.647224367319194194e-01
1.616751365619296221e+00
5.389807314486483314e-02
5.618183617234808747e-01
2.037538507634283902e-01
3.191708787340138409e-01
9.741483163062755191e-01
5.082552790435896917e-01
-1.519854437040454309e-01
-4.034646004081217097e-01
1.703937205114039177e-01
1.061528891025713017e+00
6.426126556676314827e-01
1.230681374284739338e+00
1.171641395232109417e+00
3.382170033869890680e-01
4.581232064623248779e-02
7.726694375672409354e-01
7.858072981810909630e-01
1.534568237753503928e+00
1.089694731082127888e+00
1.818619651870742260e+00
5.657129759829145899e-01
7.251069867996096097e-01
3.024114339236071425e-01
1.644147135187529862e+00
4.144067030845286492e-01
1.585822400543455135e+00
-3.336124765698682271e-02
-1.284047817518529644e-01
1.100854456690991023e+00
1.546125584287986632e+00
1.178845106610758142e+00
1.434969749403058881e-01
-3.028555831050262492e-01
1.237944913510984124e+00
1.744889438127081860e-01
1.111523172603440024e+00
4.639136468763601640e-01
1.812981292978431247e+00
1.228557839501803972e+00
6.238968564081940338e-01
1.092879885668138318e+00
7.813227048946563835e-01
3.041474183864274483e-01
5.360262683851513277e-01
8.324110359686417437e-01
-3.520647283437588482e-01
-1.813071506622463899e-02
7.108823081930384369e-01
-4.305195279666335639e-01
9.013674204831747527e-01
-7.475487839145504854e-01
1.942780631323713370e-01
-9.629086461145856118e-03
1.685033375195002625e+00
-1.104966145995771587e-01
1.886494756313012167e-01
3.385460924549880679e-01
-6.633976985988978559e-01
3.585055954989213034e-01
1.547131729534707845e-01
1.617046285760092905e+00
-6.007468482713369529e-01
1.426862465466044450e+00
1.864009777514691546e+00
9.016776206775924118e-02
-3.882215317532687893e-01
1.396551843121775827e+00
9.295380975545496360e-01
5.516788576814879441e-01
4.239965675452906368e-01
1.712924623321402606e+00
-1.783212217789830190e-01
5.265636050359212561e-01
6.623698830238616830e-01
3.136762962357493301e-01
6.023500600502607917e-03
-6.007434763921728482e-01
1.110158113477222930e+00
-3.768822944214215293e-02
-3.263546607898674123e-01
-3.050339664628649167e-02
1.833203830360348729e-01
-7.629853039092828748e-01
-1.841299095016397935e-01
4.841937405295264063e-01
-1.098117779549349082e-01
1.624164635610159779e+00
1.996788387497492323e-01
1.303244621830788597e-01
-3.125067443172256376e-01
1.010649584294848052e-01
1.669204047176830574e+00
1.127103773622932653e-01
6.883435546958193152e-01
-3.186247531583609183e-01
-4.068077417485522762e-01
4.204058328199216099e-01
-1.410682872826807266e-02
6.807737928234429414e-02
1.127300679751294998e+00
1.029408616912577124e+00
1.405124752920670295e+00
4.923376224804683343e-02
1.194346235220164823e-02
-5.325336065361806481e-01
7.938637511571422500e-01
3.737813860375544528e-01
-7.061061352875070973e-01
4.718744531240012252e-01
-1.065295590840258516e-01
3.994042433960718896e-01
1.227032835553568263e-01
-1.830379041348713653e-01
6.342135143876780345e-01
9.460434968389270782e-01
4.684523652155328510e-01
8.618369533183759534e-01
6.974580514960011524e-01
-4.094960861030257915e-01
1.317918798215347020e-01
5.353973906896890567e-01
3.200560440109958549e-01
-9.948644686149477057e-03
-2.931298769788835343e-02
-3.182003415495712750e-01
-1.863473135858645935e-01
7.872416355511024921e-01
9.551278194899176510e-01
1.865466023112659355e-01
-3.287393031090256046e-01
9.986025798260859121e-01
-2.670125917342084931e-01
1.014310414513685865e+00
8.717946353938156312e-01
1.593994328144246575e+00
1.015806043105983658e+00
6.808681794354592975e-01
-2.842248959778697071e-01
1.446392811107102716e+00
1.162543774298558708e+00
1.200877821080219121e+00
1.397247266190442483e+00
1.210909898281287145e+00
-1.874241013192778360e-01
8.191497603998130206e-01
8.912382915802413708e-01
5.784209345760296106e-01
5.872579118098640860e-01
-3.960474549480250683e-01
5.054497726853338646e-01
1.684072634630621734e-01
4.742685616766512124e-01
-5.662973668230254498e-01
1.024333086951062510e+00
1.982604356861725481e-01
1.517945974154101929e+00
1.448736729078452967e+00
8.635348956420501043e-01
4.258464110773885758e-01
5.137360351733245567e-01
4.539655444292123865e-01
1.153753337126804723e+00
2.964779654007341780e-01
1.137492194550922875e+00
1.139021005402410358e+00
3.397847853697389398e-01
2.389545398730878734e-01
-2.725475726309976032e-01
8.174721751878326614e-01
1.036822876560203444e+00
6.445896480281314567e-01
-1.148134173474804898e-01
8.286860707681263927e-01
1.190560571406774071e-01
1.010145743182513600e+00
2.299805863287802676e-01
9.966976926160865391e-01
-4.026892185028804749e-02
-6.566514939420096120e-01
8.199311484238898107e-01
3.988849972385239973e-01
1.441919675498419373e+00
7.335914616177681147e-01
1.383414396186977424e-01
8.814229598827386658e-01
9.663805092996720358e-02
3.643590496725941374e-01
8.595953809662584266e-01
-9.251946109437702015e-01
6.977171139625565344e-01
-2.380197963923152416e-01
-6.756335279652396775e-01
1.887946478276451678e+00
7.648114984826667184e-01
1.762217305644177556e-01
-8.224411163658007506e-02
1.127581321629032685e+00
1.354813343611380061e+00
-4.812486103837490536e-01
-3.381060104988017206e-02
1.055768181236865916e-01
7.359528647966717685e-01
4.769412192113367532e-01
5.415367342763919289e-01
-1.512583676210334516e-01
3.142906883623825531e-01
1.735508600449470418e+00
1.674229149519914084e-01
8.740652455596505943e-01
-3.474865565535883438e-01
6.883530257523540197e-01
-9.871588266282549373e-01
-5.983680929856791120e-02
3.633350658405966604e-01
1.378278412628796801e+00
1.400781106601208359e+00
-1.032520522893349835e+00
1.000021816221599247e+00
5.620190528435243804e-01
3.787357069649772146e-01
1.294027883164040382e+00
3.784117582022573090e-01
8.087375716074036713e-01
3.927091878033764361e-01
2.259112083143562932e-01
-4.567693187370616692e-01
1.125315266092286937e+00
8.000285232444002137e-01
-2.105864372464041900e-01
1.558153738139705702e+00
1.127079510376004956e+00
1.008993102156251487e+00
9.463521992385136583e-01
1.751053339822836064e+00
5.037216055952300348e-02
1.590561321772657299e+00
1.108941515752323165e-01
1.090101858783798727e+00
-4.936418468160174156e-01
-1.215541890061728851e-02
1.124415334749002959e-02
-1.120378141794402954e-01
-3.904326721084825924e-01
5.857653421094111135e-01
1.613385871550021777e+00
8.804550885692186135e-01
6.775799116012244661e-02
-6.283449544391010999e-01
-4.272369589008864765e-02
7.308130528368261825e-01
4.691808229241525852e-01
1.082516072936590357e+00
5.650020673730894449e-01
2.465571849631771895e-01
2.965524976670519397e-04
5.610393472094511724e-02
1.239881820228619258e+00
6.101672883738447073e-01
5.138918920190662654e-01
1.609746907158836393e+00
1.708731372975848206e+00
-8.372751616908304939e-01
4.701411647068450828e-01
9.778640327353652628e-01
3.439544634740704931e-01
2.775431124329890142e-01
5.433490922827252101e-01
5.271710926307839884e-01
5.664089258559580620e-02
5.450063990810490033e-02
6.254065041544279446e-02
2.975389509861358084e-01
-1.883714472380584176e-02
1.035572161063301966e+00
1.920611320325128268e+00
2.276126803141677035e-01
1.090365411017405028e+00
1.530413840027113448e+00
-1.706780905435401341e-01
1.796397289737798053e-01
-9.742031399796484692e-01
7.636844846064979597e-01
1.347396000049793319e+00
1.125459553048108852e+00
-1.677043032378973397e-01
7.821945586151658469e-01
5.724304286600198077e-01
1.288284721430410285e+00
9.581427347936677386e-01
-5.835048668969121666e-01
5.952411654263853880e-01
9.359944366058859933e-01
9.523121477773469623e-01
-3.709611492553296919e-02
3.128248804229732949e-01
7.688873686433788102e-01
1.480482954345385238e+00
2.727516047276283273e-01
1.408625341254107433e+00
9.840036251961389868e-02
1.316217328187613722e+00
-6.288096644113122524e-02
3.817092202965643999e-01
7.164510376822339488e-01
6.822347071368465299e-01
7.373810154350962653e-01
1.002273878151228592e+00
1.426478949659283568e+00
8.221929331729168622e-01
7.686529768657590633e-02
5.230417322302600702e-01
1.028185603150729044e+00
3.604050550054732072e-01
1.800148919692106775e+00
4.920808105171755042e-01
8.856224632834627242e-01
6.760997691129437825e-01
-4.485476539312060335e-02
1.021680654368335217e+00
1.266321745734012794e+00
9.929185235754572902e-01
7.605922387531719453e-01
8.047628902840725518e-01
1.765949697227464199e+00
-1.167208845211169660e-01
-2.605664299132912087e-02
2.722039965509724380e-01
2.447021530524838909e-02
1.831182290141947222e+00
-5.385815488322653888e-02
3.775139351004925814e-01
-2.317294844183652724e-01
-3.925337124689871893e-02
4.485221795883790885e-01
1.200765357676769396e+00
-9.034620881908828061e-01
3.156748654778803731e-01
3.006805031511620707e-01
-3.609973795663777296e-01
8.399747120141264345e-01
6.181874911747139434e-01
-4.972617994426481447e-02
1.394310180129287036e-01
3.280483797599057644e-02
4.867256696598867838e-01
5.078826132592750842e-01
-7.502076787242575318e-01
-3.180605695919522247e-01
2.943112191622619667e-02
-2.215717025961193298e-02
5.277014150552972183e-01
1.192709849033614322e+00
8.222550254645818457e-01
3.254817294232784097e-02
-3.723966907348277289e-01
1.056956011807840046e+00
1.997243511849136732e+00
9.248472024265235181e-01
1.435240748565365765e+00
-1.409300533770824759e-01
5.399568352534764859e-01
1.123096064480389789e+00
6.105087109497455700e-01
3.922786909787420728e-01
2.829280858928232001e-01
9.609750334594950594e-02
1.645066353480884258e+00
4.605338738754837236e-01
8.629751440753601344e-01
3.509399239607637888e-01
1.243799009891597002e-01
-1.195321301781381018e-01
7.622729684929340221e-01
2.723376002261011508e-01
3.935619370895268032e-01
-2.317670712578253911e-01
1.794475600702978013e-01
-3.672559444618864744e-01
7.547714050472436043e-01
1.875492995000352381e-01
-2.413682062758721880e-01
-3.384968634986833536e-01
-1.640737679885050926e-01
7.173398337899843380e-01
-1.966779004988686574e-01
-1.755018332774627710e-01
6.199024922747751187e-01
4.528100123727654136e-01
5.108515487399512001e-01
1.185961575927468425e+00
3.906921997783562861e-01
7.096848463330485135e-01
1.378866903216497963e+00
8.457362506598552487e-01
7.970758063357245016e-01
5.448034657102468481e-01
3.082656217493400796e-01
9.702380712907600069e-01
-2.848405301843273119e-01
-7.031874372949507845e-02
-6.147901798169426169e-01
7.114183661604434050e-01
1.279025890277655508e-01
1.300662073230763882e+00
3.324188863805440097e-01
4.076975120900121902e-02
1.169800110577535301e+00
2.152403096264674243e-01
7.584621793950932500e-03
-7.357894633770585280e-01
2.271829367031970859e-01
8.345545256634859799e-01
9.978999101004364380e-01
3.502014269526950163e-01
8.951480481811499024e-01
1.251823154562626383e+00
1.033620491243426809e+00
6.857526818668951973e-01
4.319791402843618511e-01
4.421515487729035798e-01
1.565691613609029975e+00
-2.949119265065542894e-01
-6.853549884828625816e-01
1.546047237924733420e+00
1.007636916551299944e-01
4.863571016943490921e-01
4.400364481008477435e-01
1.321343762341528949e+00
-1.260326978091601102e+00
-1.703907730883571781e-01
-8.923878793646916607e-02
6.049775674207051868e-01
6.862803940372084188e-01
-2.647928141897778476e-01
8.105957515147618753e-02
4.159640360177134510e-02
-6.020382017849316147e-01
-4.127512179497974665e-01
-3.293741077024296415e-01
9.122175982126874416e-01
3.528730834772665359e-01
1.483273783870719953e-01
1.756019945053957532e+00
8.176676102732398643e-01
-3.079457225652622032e-01
4.076661708310067370e-03
1.659306330996584145e-01
1.498627244274084225e+00
1.029513435904456653e+00
-5.286079382153346939e-01
-4.195128493727965507e-02
2.775210582449727167e-02
1.909198465064183836e-02
-1.078506464333833376e-01
1.556647458502733894e+00
3.143267288898320411e-01
8.594585115479608239e-01
2.612943828714880401e-01
1.398244475860578317e-01
-1.165036100767866817e-02
1.455342916095651029e+00
3.267013329706942165e-02
1.664318412966027949e-01
1.380892726556880223e+00
4.791386224387427784e-01
7.623610973993732998e-01
1.033690828403170725e+00
5.150759172717079837e-01
1.963421368124168911e-02
-2.545757192786079690e-02
3.154715151999883394e-01
9.064994881042951480e-01
1.050514861139943829e-01
7.739199656648739767e-01
3.570597198200410882e-01
2.438314407304353337e-01
1.170568170083673698e-01
-1.833864217120579898e-01
5.552443652003138386e-01
4.180528968035644721e-02
8.187548519267873193e-01
-6.961182780403575299e-01
-1.119793608037009114e-01
2.476542704813022855e-02
5.028984150149680143e-01
6.460403572332745759e-01
7.127932448553966349e-01
2.241187926871412994e+00
5.374781107977052441e-01
8.117933700275332676e-01
1.892785698870506517e+00
7.221843889833767793e-02
5.628271826745898654e-01
2.349166269407222951e-01
-5.502760682950776083e-02
6.473406437118303103e-01
2.795196760511372003e-01
1.679340342128049723e+00
4.713858708728851377e-01
2.759833272200478693e-01
8.945423555959422512e-02
-2.339995214578612370e-01
9.614445082358855643e-01
9.728074848477014092e-02
1.852722605515533472e+00
8.813899457202813981e-01
1.190009297626398732e+00
1.361549431177732750e+00
1.928662881564494613e-01
1.258136633656439907e+00
7.640428767257517739e-02
8.039728020462011404e-01
1.656653109106293265e+00
1.032266888477005873e+00
-5.292753918191934748e-01
6.737562797541215565e-01
1.294699584345953669e+00
1.588670169257213466e-02
6.526725080489961806e-02
1.866164581635873509e-01
-6.080438081817606255e-01
1.069106869830616535e+00
-4.453374269894476434e-02
9.732201131276950745e-01
1.417806313845830557e+00
3.964814826642670820e-01
2.663921951456824644e-01
8.816677731282097641e-01
9.524462687877120748e-02
-5.968669246245739135e-02
1.145587421602948242e+00
5.201804361969741830e-01
-9.013008307910620742e-02
-2.029492803964440539e-01
1.337804116027808243e+00
5.416260985904114422e-01
-4.655008820873833830e-01
1.064119101731735295e+00
2.542357810992121325e-01
7.332182050264098860e-01
-5.800305536731489853e-02
1.645120331472754271e+00
-7.725473252258502344e-02
7.011448328013099029e-01
-2.176901650972856150e-01
-5.223793200914397111e-03
-2.941135024731397207e-01
9.577901114746277811e-01
1.054004599863298530e+00
-2.843650552258285558e-01
9.604153137004594054e-01
1.705691874966371036e-01
1.454913125587922185e+00
1.391115795990046422e+00
-1.659679468879431130e-01
1.380613608491821687e+00
-1.327157359637910483e-01
1.576608342270489072e-01
9.128687529538167533e-01
1.333800368928270252e+00
3.548917689936920139e-01
9.539668922824267039e-01
2.138724135276057203e-01
1.963756795396933152e-01
9.221252433155479045e-01
7.259006033088861720e-01
2.832358044306219069e-01
6.578237037159528899e-01
4.042596017048270540e-01
9.658524089386057998e-01
9.321045406375637610e-01
-3.169230146618943200e-01
1.377342214779382124e+00
-1.299418962757105778e+00
9.120516670520277813e-01
-6.735508700546344318e-05
4.558499102319525376e-01
4.028285970317413422e-01
-3.397296013412878096e-02
1.430987130541401919e+00
9.234647189360015718e-01
-4.546714259705317840e-01
9.406063655389211853e-01
6.930569051419009918e-01
5.023758330511035597e-01
-1.942277165425452534e-01
1.386575854654006068e-01
-1.566557901033246158e-01
2.361716844937978288e-01
1.414834901421644808e+00
1.458019589982934849e-01
-7.297588482724125525e-01
5.571946913216082597e-01
1.687033463604270089e+00
6.110493927453530816e-01
1.000045751242732317e+00
1.030856002245607250e+00
9.380902106471239454e-02
6.313275135365961077e-01
9.588839638883775440e-02
2.371527851747086690e-01
2.175247897754460299e-02
2.392493914887147410e-01
1.317886400744736841e+00
3.470340406999841143e-01
4.131316535214525354e-01
1.392025121263219534e+00
4.207408888783555900e-01
-3.498299536613171945e-01
4.996843902618057776e-01
8.148078862657153199e-01
1.718164453497718958e+00
-5.702031383360453010e-01
3.009071320808103800e-01
6.165226794925093845e-01
-2.070477237608491228e-01
6.458273767801886445e-01
1.188089743513671623e-02
8.658633703236402468e-01
6.618451551726294291e-01
-1.976359759111398495e-01
1.815725622627586411e-01
9.125940384389745752e-01
1.424427316012391698e+00
2.240966151956357288e-01
8.437273736377234323e-01
1.044883259875455384e+00
7.168548415501261317e-01
3.389801051168743751e-01
7.038327025233540590e-01
1.650529659220058232e+00
2.258508244419721589e-01
4.198156629987934707e-01
1.640501388470699595e+00
7.174109368617302973e-01
3.007164492861973404e-01
-1.128228408182254533e-02
4.095912028168416930e-01
-6.645580893968680569e-02
1.107604573972882811e+00
-5.320112720499413639e-01
1.137717327592400851e+00
9.086286431817605092e-01
2.034713977122088735e-01
-1.853751515579356579e-01
1.095971387722792345e+00
8.422568949368394731e-04
1.540935863807987860e-01
-3.164689923885580791e-01
9.629722255240311113e-02
5.652001154794972226e-01
5.662452856115136601e-01
-1.609883996710767540e-01
3.441138082221140843e-02
1.018726689549940723e+00
5.936029942237366352e-01
1.301168907860167145e+00
-7.879683996200868012e-01
-1.138613005509537673e-01
-4.402195584489306257e-01
7.617873714882821279e-01
9.043904619433960068e-01
5.040759591362238279e-01
-2.496204392731503352e-01
-4.078768689803424219e-01
-6.763957080484324091e-01
-6.607639180479359109e-02
-3.386962961600222255e-01
4.080685460379771673e-02
4.177706715671813953e-01
1.571728221192576491e+00
6.238688646141613559e-01
7.318290042383480687e-01
1.162499492609407215e+00
-3.407670013026067313e-01
1.721135546399981564e+00
6.228220841132504626e-01
2.584090321653288447e-01
1.260609067545616524e+00
4.204567503943898998e-01
-6.930235479062859527e-01
1.640035209307254271e-01
5.920922201295679699e-01
3.995341080620738450e-01
1.028007016741307567e+00
7.074076269573091880e-01
5.086408689735198996e-01
7.742841999564789579e-02
1.004710509549959774e+00
-7.753097906723931398e-01
1.387153942807945572e+00
1.328391922755477461e+00
1.620311106965860004e+00
-1.739063951285212406e-01
7.379404662254830383e-01
1.219237642112941833e+00
4.309410180117168032e-01
1.762271341685231751e-01
1.030927558981499459e+00
4.115966336274692328e-01
5.800669385896574104e-01
1.250958720829354609e-01
9.440844663006954240e-01
-2.271304342217133898e-01
1.850325504220247330e+00
-1.378425389987041338e-01
1.475058200492936900e+00
6.841474696292837443e-01
4.707780810117341286e-01
-6.999442930675748853e-01
1.190660729076939761e+00
1.110985818409541581e+00
2.806449348941895960e-02
9.908200345797524289e-01
5.896835806674918246e-01
-6.180268301123835462e-02
1.461499485271947174e+00
1.188320872867291600e+00
-5.273480830767236505e-01
3.082090753053564613e-01
-7.721262433048048379e-02
1.005427731872529984e+00
5.934104196804330655e-01
1.074415378244485131e-02
9.024107108269835420e-01
8.020384246737424228e-01
1.671993200112007916e+00
2.492511291134427709e-01
3.632817389777407979e-01
3.609543726605763947e-01
1.081797034724354845e+00
-4.116212492786199828e-01
5.166754508038294835e-01
-1.712847271849900210e-01
7.320550290779729297e-01
8.233393603797334315e-01
2.464723423988014472e-01
9.500351924106276158e-01
-7.039804603430266372e-01
1.168267077430073408e+00
-7.925020346257465043e-03
3.515426761208103601e-01
-6.591192446162638108e-01
2.381642235981608624e-01
1.851062737612603870e+00
1.291993869697057873e+00
1.906884064943361823e+00
9.110694918363103634e-01
1.724258805146025586e-01
1.693926854314818486e+00
-9.878493624368014925e-02
1.127855975934122096e-01
4.464875017434989379e-01
-1.823441139748575857e-02
9.299089303169795206e-01
-3.259315784474892119e-01
1.676260413195079124e+00
1.153231115332769008e+00
1.740935222499444990e+00
2.952035402334193259e-01
-2.902157354792670452e-01
1.840502237514195283e+00
5.788847543269631801e-01
1.242040903520994943e+00
8.873490915977069737e-02
-2.142940936275303521e-01
1.008135046870287432e+00
-4.348649823060717901e-01
1.108624684691825513e+00
-4.582118381020905962e-01
1.503286936900321002e+00
7.973246662669771778e-01
1.177350757056168318e+00
1.141067830518354587e+00
9.823328095044121522e-01
2.166848720696712693e-01
-3.372074406363859134e-02
6.358861734333540738e-01
1.236019763360438839e+00
9.172864692123745556e-01
1.339838186616697513e+00
-6.163760997529774133e-02
1.332795159493312065e+00
-3.568709448009384499e-01
1.151588870700136047e+00
1.415559408095294014e+00
8.703912812301486390e-01
1.010158514228547411e+00
2.661975001469059077e-01
1.251916089404152832e-01
-1.780190726892407482e-01
7.445530410657958953e-01
-1.490688116082059811e-01
-2.060723145623098163e-01
2.650166164042633277e-01
4.551315869907156531e-01
9.895437957431243436e-01
1.028673039896527142e+00
-7.908385568865329285e-01
1.416949952040043259e+00
-6.788330850867839716e-01
7.382159116274873423e-01
7.559666958171069595e-01
1.295251060833558565e+00
1.490284085463580155e+00
7.512476004352487413e-01
1.366183537807490023e+00
1.286548316470176534e+00
1.863378577709325357e-01
1.405358296487163594e-02
3.364839268373654990e-01
1.538679488899892922e+00
1.955067984252594621e-02
1.184091335141593260e-02
2.601129924634607571e-01
9.323749973716297657e-01
1.637865467863750812e-01
2.978252650407015034e-01
8.948328599828905272e-01
1.349096914012807957e+00
5.458663581889702104e-02
-6.831843292325781580e-02
9.438310949548727180e-01
2.327294686024876380e-01
-4.910510776566756608e-01
6.205960420136141797e-01
5.610158369949255208e-01
1.742003919652949762e+00
1.488884193003378931e+00
2.449582945448554872e-01
2.067353375965477746e-01
8.756485977632574302e-01
4.952300655861232026e-01
1.437963842187365504e+00
-9.508021198534875040e-01
6.364539075766981746e-01
8.233359020845135712e-01
5.097420826756310364e-01
1.378606245123240592e+00
4.364828149763814169e-01
9.963408180567875361e-01
7.317343079217217827e-01
3.868718338870805740e-01
-2.908752457153074289e-01
8.534361665484792303e-02
-3.173678757414737928e-01
6.140343011255630090e-01
1.075815949453509779e+00
-2.125951545080062288e-01
1.262448841864031612e+00
3.655191953999576970e-01
2.983706660939441369e-01
7.406293620716065673e-01
-3.252858763461056180e-01
8.879198397497507500e-01
-2.180706445008257291e-02
8.346262955518787829e-02
8.956548990999588788e-01
1.015763751708194773e+00
-2.895451371902408866e-01
-1.570993693411749104e-01
1.155200169103786534e+00
1.554888315764297646e+00
-4.545445204660302219e-01
2.840953579605357548e-01
-4.267683526113433823e-01
-5.722125617429395517e-01
1.424084744715704121e+00
2.883565392260597493e-01
2.596810108938232275e-01
-5.426063813296090332e-01
1.069434359877669216e+00
-4.399315800772615748e-01
3.543937778652631598e-01
1.500429156842532086e+00
5.990754762244335785e-01
1.057834555240491969e+00
1.173853389735789454e+00
-5.190172730320107286e-01
1.279558492411296378e+00
4.608999625090458574e-01
1.033103431375770320e+00
2.619355097926024944e-01
1.415141510163656635e+00
-1.589948746737063767e-01
8.304441855512146864e-01
8.146213770505119633e-01
1.084129212036853085e+00
1.146046156249534154e-01
3.770947173029016719e-01
-3.329702583249760095e-01
7.536954267659758955e-01
1.074297838163280616e+00
1.451123291940991100e+00
9.181087196292865293e-01
1.267406555354983810e+00
-8.363558237317836319e-02
7.699503746328087983e-01
1.078693522649602832e+00
5.756353118591289730e-01
6.858293520716531866e-01
-2.718356323668371655e-01
1.033621199939643409e+00
-2.120031898040829477e-01
5.306388262857434368e-01
1.729399962755364006e+00
8.912281414042622085e-01
2.189911200983514494e-01
5.346874312222054115e-01
1.063674452777707696e-01
-4.832359274865016263e-01
1.556306675256700078e+00
1.026140719396364531e+00
2.144156828535742354e-01
1.973435871608521519e-01
-2.212585970606001373e-03
1.247257467987058943e+00
2.506655971391187343e-01
-1.629053988571453615e-01
1.631452340043969773e+00
-2.658283053987195443e-01
-2.372278333102446068e-01
1.110420602381499533e+00
4.605054387764160873e-01
1.108411938903505645e+00
7.301235521981744858e-01
-9.725154587796296102e-02
8.087466935499572074e-01
6.698737055645401783e-01
9.468674624660605721e-02
2.098254949879324593e-01
2.273114205908418894e-01
-3.675885729966107962e-01
1.106558206592723304e+00
5.214799886264170903e-01
1.780525258319099580e+00
7.250107509618873569e-03
-3.510472052548172517e-01
3.864094455903570591e-01
2.735572864892898970e-03
1.721413019649744580e-01
4.444877143942682629e-01
5.238418128753278280e-01
9.888198561614337523e-01
-2.786312661058168438e-01
6.177856418695659713e-01
5.043005030299918534e-01
7.182036802979080425e-01
1.056175457374276094e+00
4.496275798569137616e-01
1.195868591549529958e+00
3.411891873522719942e-01
-5.752615512045327062e-01
8.411603827562754709e-01
1.678884002841141587e+00
6.388626574901583588e-01
-2.731263988221727668e-01
9.010889517647518998e-01
1.358312647855205890e+00
1.158378346503689871e+00
7.258560481267516129e-03
9.326518913798202970e-01
2.226403213951781979e-01
-4.112714394156916642e-01
7.959805313603983690e-01
3.008289200759401427e-01
-4.988535290192355059e-02
9.278813247322619251e-01
4.080991127083989367e-01
1.127939626566237585e+00
1.061353806014656120e+00
9.789210387405713476e-01
1.045797873773351538e+00
7.783743694216800346e-01
9.280776186977477415e-01
1.183495195163791758e+00
7.220971957904817051e-01
3.396255451057197949e-01
1.488770440638264247e+00
1.140009377868021812e+00
-1.566480392006959765e-01
1.898758204723086651e+00
1.085772400900815587e-01
1.745300527142894964e+00
-7.884566383405200440e-02
-1.382314755427027642e-01
1.994602448439257492e+00
9.705341479609171929e-01
-4.766137121152379530e-01
-1.285387101552457889e-01
-4.300575601934957803e-01
1.061461283502479924e+00
-4.908590411599200176e-01
1.596955202216584935e+00
1.497864906153092202e+00
6.620932950621353230e-01
1.741418486457148473e+00
7.388331169634138051e-01
1.789313414574026595e+00
1.311342198280748828e-01
1.181550203088945983e+00
-1.544950334568933048e-01
1.317556044972498508e-01
3.360417835665560626e-01
3.751199445059079651e-01
5.857814283354271234e-01
4.367372946641874809e-01
1.235535238983130196e-01
-1.459025204174849433e-01
8.493422323666407481e-01
1.724207095748417462e+00
6.967406928875375938e-01
3.688102684078011784e-01
-2.573447543391299552e-01
1.327765396425311994e+00
1.814334121122584298e+00
2.234996813733506560e+00
2.062772364772685885e-01
1.531350835280054001e+00
1.294236545486949774e+00
4.794562017839212875e-01
3.226990699998370515e-01
1.156830759608921122e+00
9.784158052838948239e-01
7.004959877278135183e-01
6.212064574531330624e-02
2.896819333244887718e-01
1.740523123629506702e-02
-6.790620009740341301e-01
5.857472144056125041e-01
7.905031938587532558e-02
1.457865455649210995e-01
-1.853170997902184036e-01
4.562711576466952357e-01
-1.709595953464535800e-01
1.194728510366621199e+00
2.488769719509554834e-01
-4.509247446902970302e-01
-1.158496071683091655e-01
1.129539778616940326e-01
7.359996685348715317e-01
1.268719593469491702e+00
6.457960097990647075e-01
1.023894629118979882e+00
-1.225237913770160919e-01
6.701760142038037937e-01
2.581986948533438464e-01
6.500192671233357977e-01
-2.976422439058541702e-02
1.217753444681705322e+00
3.515989121635348380e-01
-6.984194586901204538e-01
-5.877796473549379286e-01
-1.306845684659785622e-01
8.932026986849171957e-01
1.109190164766584052e+00
8.695889510662071498e-01
1.335616206563383201e+00
1.115880140936144960e+00
2.798099899761313791e-01
6.081853032114228896e-02
1.779774889836607921e+00
-4.126835648892317882e-02
9.470673458608912521e-01
1.133942654650243353e+00
7.241090515014544371e-01
3.385303993661660238e-01
3.022493194178418885e-01
6.372945769267364113e-01
3.093694657457793928e-01
8.600780931738867263e-01
1.700474281285619949e-01
1.496350010944159648e+00
1.508719221304106739e+00
1.529482214178045529e+00
-7.770292860800738222e-01
1.196810587398753123e+00
-4.177065017915578826e-01
-1.083524786967225567e-01
-8.495694758504900301e-01
1.527627518858424072e+00
-3.213977144503942229e-01
2.850696597540047228e-01
1.693172937808466116e+00
-4.089898785812587922e-01
-1.687605909860044329e-01
1.052774588233808206e+00
1.224729001540449058e+00
1.522637743129670485e+00
8.243875035125139972e-01
1.535357890702290229e+00
4.947580452052139921e-01
1.427592335295233550e+00
-3.131390491373652052e-02
-3.427567597106875863e-02
1.282456582531471323e+00
1.021144695258825896e+00
2.151079001240919220e-01
9.621988258002422967e-02
2.835327016537931843e-01
8.102051440096432744e-01
6.731378934352447718e-01
8.807884684769797801e-01
2.811298084307780609e-01
8.431413420900933930e-01
8.412231652098157708e-01
-4.159728663683439631e-01
-4.951945804961378483e-01
1.603814338453594113e-01
4.366903132742112614e-01
7.621807717492464773e-01
1.738175898315676982e+00
2.574688919765022802e-02
-8.040520318633815888e-01
9.801426897635868996e-02
2.729140614717052715e-01
8.180162852094834403e-01
4.878413014331524633e-01
4.314386576015414310e-01
1.073021780361633759e-01
1.464487280349005660e+00
-3.024284498591786052e-01
1.572102220654060911e+00
8.072852705585280564e-01
-6.463255542993889824e-02
5.646694220808633480e-01
7.677775681673530972e-01
-3.220740303161093165e-03
3.211590454445865661e-01
2.310746813819479495e-01
3.852662857852036660e-01
-9.041838326427122097e-02
5.369752357358656969e-01
-2.745609077903455875e-01
1.481800854565762382e-01
-4.685879349527555249e-01
-4.971281508564455165e-01
1.039694720174913822e+00
2.317573187038867832e+00
-4.382950890067808247e-01
1.018648130558750475e+00
8.964249507414490115e-01
1.095605580741235846e-01
-4.420686943964466931e-01
3.971445296244734413e-01
-8.608947588875882906e-02
3.535801832687731072e-01
1.046535448890466125e+00
1.820357897513894818e-01
1.329284063225827595e+00
-3.551617239730006093e-01
-5.732353441688905482e-01
-3.205235849316342978e-01
-4.087951690974963581e-01
-2.598344813683357568e-01
1.733344796216484074e+00
1.452582645206868528e-01
4.220405096811242762e-01
1.817651715780075339e-01
-3.084830748564196257e-01
1.305964420288339700e-01
-1.116022022315882323e+00
6.774553186485049450e-01
5.691110773006476942e-01
1.722136296998544092e+00
-2.006795413411775753e-01
5.059184767575316544e-01
5.033993113254929819e-01
2.279833068562539533e-01
1.342768924142174969e+00
-4.836982916423560042e-01
1.073807019145941677e+00
9.416491672268537672e-01
-6.334709925209717207e-01
8.344525000213401933e-01
-8.853004759549680525e-02
8.678199895837449551e-01
7.747124064571022650e-01
2.001277871846775247e-01
-8.355592043755977194e-01
1.087448213994484797e-01
6.355121174171795007e-01
1.664779374178867011e+00
2.921660123892380057e-01
4.305369565905702856e-01
1.015327573326225558e-01
8.401321098425046374e-02
4.562332531762632037e-02
1.270252719957575493e+00
8.890526031751564418e-01
9.239047683361559793e-01
-2.231412258651499780e-01
6.019782519881054783e-02
4.881638989548415242e-01
6.809178246439619997e-01
3.650780960591023389e-02
2.951775956553164271e-01
-2.266079679304174865e-01
1.306364237177252363e+00
6.383348042599323868e-01
-4.855257958172275456e-01
-2.575889235644998609e-01
3.462549715448917098e-01
1.644580644321651963e+00
4.635288645030342658e-01
1.312638172250259805e+00
3.093767208963571491e-01
2.060568684655324778e-01
2.952589378641240492e-01
1.539820491584542039e-01
9.078550982508383216e-01
5.178280571233119245e-01
1.105322398228011815e+00
7.912095316102856213e-01
1.985540854399822919e-01
1.990474724513450200e+00
1.886862550113554526e+00
-3.095110107813583422e-01
7.626149568840611126e-01
5.347626706894970106e-01
4.593515489938014285e-01
1.499131832108828721e+00
2.047270136960146925e+00
1.144099448529914964e+00
6.964775255551930444e-01
-4.640245952794832540e-01
-6.829852460161284222e-01
1.615395423683230192e+00
1.107288662041149285e+00
-2.168382630895648033e-01
-1.593283285384131387e-01
1.399538070577290627e+00
1.994420477008207460e-01
9.581013869442608355e-01
1.226197604002356334e+00
-5.917636058475610472e-01
1.748658960494907211e+00
1.153265023185263916e+00
9.476615865544065764e-01
5.727374606983456351e-01
-6.429894380489213912e-01
-3.585586887878238205e-01
1.069489135641533917e+00
-1.998497824775291309e-01
-5.008922211601763985e-01
6.106914305259096842e-01
4.012998619677637380e-01
1.190636516443327020e+00
1.074354287119293483e+00
4.646866529115518119e-01
4.349684851626932081e-01
1.414443769281643198e-02
1.421598235415699185e-01
-5.703417259286571728e-01
1.143759166843670627e+00
3.688454614720387131e-02
1.197551055425568833e+00
1.005754022071475129e+00
5.822643343276551198e-01
-4.915400285096894750e-01
-2.214062548391940721e-01
3.473776380015667908e-01
3.868072926942036083e-01
-2.919877135985193828e-01
-5.065471664819468645e-01
7.565812655005669241e-01
4.392486062277087822e-01
2.890067194344181356e-01
5.367558461019809046e-01
-1.208518937765485357e-01
5.652720134521349582e-01
3.092626076552792425e-01
8.672610097922204275e-01
1.248190418560155335e+00
-2.312866534583488398e-01
-3.906385574943591621e-01
1.305156138857092696e+00
1.221530043302626822e+00
1.286563481593893554e+00
1.501389767411792121e-02
-4.570015401553888523e-01
2.310535045100506890e-01
-5.926811481570178897e-01
4.958795948108987717e-01
7.587756023006667072e-02
9.892886819429332901e-01
-3.601004359676556743e-01
-4.357421505756566282e-01
9.174683701108213851e-01
-1.588818190394809537e-01
-6.220500585014769601e-02
-1.065509965652286783e-01
9.207820147854607340e-01
1.465244398927738612e+00
7.668452100731546484e-01
8.995000146526930251e-01
-9.451746032365931915e-02
1.049795645423899249e+00
5.143565713492838087e-01
5.085990697757957202e-01
6.234025031851447851e-01
5.476920360421586587e-01
1.086834518707005676e-01
9.920390947874708765e-01
1.002092129354284378e+00
1.006502184399537203e+00
9.245955912641982133e-01
9.341312688857832391e-01
1.520027176765265775e+00
1.362916986305717226e-01
5.338774149917377976e-01
7.085312398433259995e-01
3.304821904569075763e-01
6.176168292871934140e-01
-1.385684173467768843e-01
5.910117974756252668e-01
-2.300866194859539360e-01
-4.175782191738155458e-01
6.008121830081447623e-02
1.010702567104188265e+00
2.775514427238847115e-01
8.639698780502057529e-01
8.287927932379004492e-01
1.370416445998351218e+00
-5.165445274127248299e-01
8.001373230180677254e-01
-8.861979823213465834e-02
1.684513430341180396e+00
3.161583660621772873e-01
1.905100991442949754e+00
7.015575446650526570e-02
1.091214652816932196e+00
4.185215233616599861e-01
4.250135684607689868e-01
2.004187596767486923e+00
1.160349363193158734e+00
1.205037309584071847e+00
2.019650187286163301e-01
5.023337690364301222e-01
2.971684362253806388e-01
1.044463715068355780e+00
2.717566943053756900e-01
1.249243087033650168e+00
-3.049143939265233083e-01
8.376714932906121902e-01
7.976515241929438282e-01
9.152355494546872139e-01
1.214557711901238735e+00
1.288351394387256876e+00
4.484132547311637795e-01
5.752237509102948732e-01
-1.434197235993293629e-01
1.590999660095696822e+00
2.485036593052229181e-01
4.740248591105002962e-01
7.355582169078210830e-01
1.710363556371524485e+00
1.466954401821778387e+00
1.839848925542483804e-01
5.625240806129245819e-01
4.136126832959245020e-02
1.009062683758472190e+00
1.729915417795365729e+00
-2.583766513828355538e-01
1.175015562531538105e-01
8.251479361139604229e-01
-7.067639145407558221e-01
1.897213189109919318e+00
-2.489070635002001708e-01
-1.654074196165913613e-01
1.031494366489125847e+00
5.250360000285908546e-01
7.247246974811532017e-01
6.440205230461866215e-01
5.692773592429672957e-01
9.396581443504014031e-01
9.836251591927093474e-02
4.797962204868768676e-01
-3.585173584608629116e-01
2.024637078829358838e-01
1.316286165862862179e+00
1.387935776147640743e+00
-1.305168023326981064e-01
1.046529047360617248e+00
7.252256170842913408e-01
1.395598968155717268e+00
-1.317416388255817916e-01
5.712712356164888483e-01
4.719031993355189969e-01
-7.213513606122617938e-01
-6.433077498457271393e-01
3.671160524631555261e-02
-4.523852690638526797e-01
-9.389205189100777726e-01
3.038704446835666095e-01
8.804968173577518709e-01
2.002159554517704443e+00
5.482022845466324457e-01
3.337435180703800519e-01
7.052258153681110198e-01
3.617285401107044884e-01
1.777817802532698499e+00
-2.804959451802708781e-01
1.236053665991068362e+00
8.429601738369232322e-01
1.820208254377484902e+00
8.419637015876898500e-01
1.020214739814154115e+00
5.197864260525923708e-02
-6.349183249206531710e-02
1.605188598632805830e+00
-4.414486993032216144e-01
1.239377398143277853e+00
2.669095791290546082e-01
8.623680393889744389e-01
1.402588195611638167e+00
1.325890196539160959e+00
5.536936168465449865e-02
3.438043220506846742e-01
5.287480355886273742e-01
-3.451933617217355921e-01
2.427957393948307618e-01
1.381097039932863479e+00
-1.919923854701711674e-01
1.611438984745724223e+00
-1.573255320394896170e-02
1.436289102095660852e-01
3.840196028089438718e-01
9.773177326474064008e-01
1.056892897070684789e+00
2.704446788582354211e-01
-7.900461438933000791e-01
-4.289103715940133510e-01
-5.047006638294333492e-01
1.221719256621950578e+00
2.974183530470215775e-01
-5.690276510048989378e-01
1.664938338755776570e+00
1.152059833075854911e+00
5.903600455816579995e-01
3.453099264602686458e-01
5.060418369063379718e-01
1.299779975671111920e+00
7.235945026450723017e-01
5.166291680429198063e-01
-3.249244544593627992e-01
-3.669879891702055863e-01
5.507998543099698052e-01
9.451148048469137919e-01
8.145335745685671203e-01
7.713699890725292940e-01
-3.715420459023840438e-01
1.489470343655971529e+00
5.186846702634448913e-01
9.278938327014053522e-01
4.213974363564384484e-01
1.219827188797775630e+00
1.759746390295998664e+00
2.032001188924727586e+00
-6.206416523512381378e-01
-6.286556936025171627e-01
2.569794668756951173e-01
2.009815304777199385e-01
3.214778116921639395e-01
7.340687761884997498e-01
-2.607058300406567830e-01
-2.817814507230104737e-01
9.319479710933562533e-01
1.207485894376392865e+00
2.861799705399692417e-01
1.009102584955791748e+00
1.122770619842048623e+00
4.064783693111452822e-01
7.432705094773569554e-01
9.370898172270023530e-01
2.412938563005165016e-01
1.179897952046109699e+00
3.676242608851838511e-01
1.177079129748497960e-01
8.980892708625848320e-01
2.100009537866416587e-02
9.571018653861208814e-02
1.459731909146643469e-01
1.464436767925847871e+00
1.195537479041755891e+00
-1.049406081889596942e+00
-3.572547617694514233e-01
7.616597359515626664e-01
1.047971198077348509e+00
1.862552487015574632e-01
-2.626733367298136890e-01
-2.695854554183174101e-01
9.720970061677137730e-01
6.728720466458241178e-01
1.147797022744486917e+00
1.082819655265116365e+00
-6.213883810371569894e-01
1.263477704933262169e+00
2.815265668314651526e-01
7.673208253335658258e-01
8.231565823032304108e-01
6.562271843916736014e-01
1.268624146536744046e+00
2.924412190758571839e-01
2.661194617189848732e-01
-1.493109333256383842e-01
1.103377543112946668e+00
6.218285929968172532e-01
5.757694915537483471e-01
-2.160841729173187398e-01
9.186258342756290496e-01
1.309442162998384340e+00
-4.253189759788921775e-01
-8.459346563791952933e-02
5.849976084829201506e-01
6.514058238865110262e-01
9.225301325295262034e-01
1.400420079751001134e+00
8.961873580280291240e-02
1.239323263923078677e+00
7.588988206616277543e-03
1.476181594196024127e+00
3.918105044725841979e-01
1.380148937902222261e+00
8.276937924011631420e-01
1.532899936118551132e+00
9.691076785651675518e-01
-1.229988680846846177e-01
1.068777910776299855e-01
1.523980635984720999e+00
-5.256142894599191706e-01
7.324682583901035438e-01
9.471308337218690143e-01
1.794501321653852732e-01
3.775018209069694874e-01
6.521954346595074115e-02
4.663707198026671441e-01
1.414850207181758357e+00
7.838352462809445864e-01
9.130111715960713692e-01
1.314825712131525659e+00
1.066717286525285857e+00
-1.817834270674376362e-01
7.083612901160236675e-01
-3.936256987905029092e-02
-2.478989678593823409e-01
7.422889635682904386e-01
5.620901756579135267e-01
1.880501062746792185e-02
3.748179513611288871e-01
1.082081571284508881e-01
-9.314900006549295952e-01
-4.211944465689468897e-01
8.219474410285416699e-01
1.593232315734638638e+00
3.027005072909713657e-01
9.208616111581433561e-01
3.552797096775182906e-02
1.728600590610328780e+00
5.775475965888367952e-02
1.551411366925678825e+00
3.566048946485278481e-02
5.993125582358587167e-01
5.525749445286215478e-01
1.497604431955442239e+00
1.020955766317739100e+00
1.197562577285050001e+00
1.560163111134885927e+00
5.990411488798486062e-01
-6.857712681803329602e-01
1.654788933475282775e+00
1.129600939006985438e+00
4.573978292931726863e-03
1.561349619742609551e+00
-9.825672135127094808e-02
3.961841894921110940e-01
6.232350494393243956e-01
4.517589802139160282e-02
-4.737775492746376660e-01
1.746269861666877476e+00
1.292299888579937273e+00
5.794008435033694004e-01
-3.778128688428607496e-01
-8.541807940962656831e-01
1.416356412489073180e-01
1.969666746654131106e+00
-5.656473733020345174e-02
-5.199019672699417560e-01
4.570998094903084841e-01
5.858411444849027649e-01
1.196829935006622270e+00
2.193529040682770659e-01
2.040889509147290948e+00
2.229975511608883743e+00
4.164209113880133484e-01
9.083799412498492210e-01
4.106632331940784364e-01
2.304550176338779691e-02
2.489285111865016942e-01
3.728922757077093170e-02
1.144031591817577853e+00
1.047803004280560613e+00
-3.863541748271333565e-01
9.880994583547948462e-01
7.672422945072503442e-01
1.783890265550146514e+00
-3.219153005788141231e-01
7.879855604950496417e-01
1.429707049633082983e-01
3.823696903139638947e-01
-2.432251542340330142e-02
1.733871179126927897e-01
1.246068706435593310e+00
5.664713880263058110e-01
4.217335494483558378e-01
-1.849466343571324334e-01
3.558049748002211632e-01
5.783465928756170715e-01
2.357713713768177510e-01
2.107576492157918313e+00
6.322724123345097036e-01
1.615364548589057092e+00
8.148616588411397577e-02
7.753280158358284713e-02
6.976190864182025830e-01
5.208938128576539039e-01
-3.995643038210504039e-01
7.155522209913051102e-01
-3.562178298028491619e-01
5.345341699720120854e-01
1.044957387015368333e+00
1.633215355147171755e-01
-1.918533127319404508e-01
8.568559269965332348e-01
5.680920439064190974e-02
1.344687575849990435e-01
-7.322585559236045871e-02
9.445464859243924982e-01
-2.106318767604301034e-01
-4.619816048740764576e-03
1.128638827744452566e+00
8.513585255045651168e-02
5.983577502953060234e-01
8.838229817013371070e-02
1.162607606617522382e+00
9.750774806950551765e-02
1.216902495384287075e+00
-3.564046765949508422e-01
1.004687335896456979e+00
-8.876241446614658442e-03
1.682609327283639544e-01
1.178068925009235546e+00
1.029226695032633199e+00
2.520530757989409842e-01
3.611054357028086192e-01
-1.081699589288910857e-01
1.155108059473148457e-02
1.623951514312835798e-01
2.055898947981728231e+00
-1.476201027602470628e-01
-7.619464573126903950e-01
6.832718784310509719e-01
6.883200689481375756e-01
1.093685389901487115e+00
-7.038015703761522079e-01
-6.838879304633149747e-01
1.189083691965793887e+00
-4.182700031599247137e-02
9.819343651293006570e-01
2.402062659184689697e-01
3.028240123726823052e-01
-4.827209911272968834e-01
1.345963555266352085e-01
5.050110846443706114e-01
3.868985205503010505e-01
5.483921361648723680e-01
9.178102973606416803e-01
1.023346370677263306e-01
-1.808543659833544981e-01
2.246071244786383425e-01
6.378808066480755601e-01
3.156349054173622770e-01
7.997744148125020269e-03
5.911534086470479066e-01
7.858248842440883619e-01
2.261369857290265739e-01
3.352676190387415822e-01
1.072749865296585892e+00
-2.707077447585109486e-01
-2.154540693110988114e-01
-2.807946738914262053e-01
5.513166284293021802e-01
-1.464767353322584675e-01
5.069526065130066650e-01
7.831734356733013325e-01
7.342449480795050498e-02
3.239008278882840597e-02
-7.593004331325640122e-01
1.084491570389261028e+00
6.358614628593006746e-01
9.464842530942859655e-01
9.381898254108250734e-01
-2.180813336826160909e-03
9.593558140585716210e-01
-6.130039459673664731e-02
-3.779429546348203606e-02
4.854792370317596584e-01
9.611772116699536239e-01
3.900851707696895709e-01
1.246791069792471784e+00
-5.171780055872646220e-02
6.198923438535420827e-01
5.729923587276026797e-01
9.358953190608507167e-02
1.788636336118244463e+00
8.397431366642381656e-01
8.618335408281038168e-01
6.964293420991464201e-01
1.131536361499156929e+00
5.751586205321097545e-01
8.963673689466986061e-02
5.285608871006718390e-01
5.985898784389791505e-01
1.011388604691129123e+00
2.122942377883979770e+00
1.095061381119344812e+00
2.892293258185359983e-01
6.242638614267204122e-01
6.320301471659999226e-01
4.987332049877774565e-01
-3.720448151522267599e-01
9.412839142407561921e-01
2.660436512507073359e-01
7.258319194643101380e-01
1.086689859251657175e-01
1.007584285264490509e+00
3.105939205141188819e-01
-5.019763008629004597e-01
1.638244379093442449e+00
1.563298914114039095e-01
-3.746403380576073805e-01
8.871408142064067803e-01
1.463140829169881751e+00
2.587468348487630965e-01
2.302347490063323954e-01
8.527756224946535513e-01
4.754391953772256207e-01
6.017992395320944654e-01
3.232488704839901472e-01
1.763205618223897320e+00
-1.171942501691007887e+00
1.389901053637403017e+00
2.640047222616716538e-01
1.461219338175967053e+00
7.713090356573050199e-01
-7.408410610844765598e-01
-2.533670812302567937e-02
3.661656395918574947e-01
8.840888359874741198e-01
1.071690483346335876e+00
1.077178559011064074e+00
1.003819862506275085e+00
8.296742504318174172e-01
3.484976772127170164e-01
-2.372544006844013176e-01
7.100092893973282138e-01
3.460242079912413393e-01
8.892635081139621533e-02
1.574306201882320622e-01
-4.804989633585738384e-01
-4.140399988800208542e-01
1.032446447246840648e+00
1.044238775174886502e+00
-9.431675900585743955e-02
-4.726200376159448435e-01
1.247007103511232673e+00
7.568809336455337711e-01
5.723975278765126573e-01
9.176811714519295116e-02
-3.757326838280624498e-02
1.296095118891319675e+00
1.326741618414285229e-01
-1.285394305759581246e-01
-7.899651443086949665e-02
8.643367613827926954e-01
4.503273382496900124e-01
1.073739538795764670e+00
-1.832442734872699597e-01
-9.648266991463425590e-01
-1.235251152462764901e-01
6.617681517200414421e-01
-1.073633288449341722e-01
9.065113702134233731e-02
1.011839028245489658e+00
1.092930254830710712e+00
7.273172553243830718e-01
1.240708739357355039e+00
7.285988233445602757e-01
-3.503018901241759520e-01
-3.847449753469775469e-01
7.817795836195635673e-01
8.869192718951357524e-01
-9.830076425960125874e-01
-3.602472280786007675e-01
1.397927626809523538e+00
-1.315284040153694156e-01
2.064601368380650503e-01
-3.398696723701400968e-01
1.443872224001739646e+00
9.408795284717343943e-01
1.241552173246565749e+00
4.007856483247617674e-01
7.158964102831705256e-02
1.129790040523119821e+00
-1.029173071032906395e-01
3.344066712544314923e-02
6.019028662967177423e-01
-8.323817384265671526e-01
6.816045469690350522e-01
8.821139344750750233e-01
-8.148438071352737122e-01
5.416337654939142876e-01
1.623142317799693091e+00
6.294918192078508001e-01
-5.892027607492523744e-01
1.733020068031844718e-01
9.440302477777343104e-03
6.955932113266729555e-01
1.638195077629611474e+00
4.141330437339371673e-01
1.044742454195023651e+00
1.016336164291862243e+00
6.484757182128322306e-01
3.695471058939459597e-01
2.594164341844195643e-01
1.032884611791234475e+00
2.933463367653548204e-01
-5.386733299013903853e-01
4.421140422838303330e-01
1.135712785631866062e+00
9.144853357012481254e-01
7.325765088330438157e-01
7.971908525516648858e-01
-3.002054594952026645e-01
4.790759377238615335e-01
-5.649481254742413361e-01
1.836413348922671940e+00
7.885970191288159681e-01
8.693514045402543633e-02
2.222074007287996533e+00
5.329739057891952347e-02
1.242779492058361912e+00
8.661221057553238067e-02
6.237348976595081911e-03
3.880077524905669595e-01
5.353733327915238815e-01
1.101893635652609671e+00
-8.907950073439572236e-01
4.705458930425171493e-01
9.029188641326872933e-01
4.131328375655624052e-01
3.841724978382838884e-01
-3.308231575103870448e-01
-3.569877094162635656e-01
7.088058886584274187e-01
9.342852959184878570e-01
6.602002596961207281e-01
7.135879570683051343e-01
8.080067000961893564e-02
1.373972208570662490e+00
8.371816079861111870e-01
-3.456219933593814020e-02
1.495780713388533467e+00
1.445250790839765598e+00
-4.956270844254723196e-01
9.831732007497347992e-01
1.494408585736600736e+00
1.188536988675120254e+00
1.947278472413872308e+00
4.887730275912905986e-01
5.253488797843076930e-03
-3.520608768325689947e-02
1.543007513939150810e+00
4.599683180697982099e-01
-2.526824278658657691e-02
-2.208667082069326951e-02
1.030248538218611731e+00
-2.710032434188995309e-01
8.688116286507452379e-01
-3.402372622330650936e-02
1.259172601791420876e+00
-1.366376142961200357e-01
-1.420902196249465288e-01
1.400873027366329182e-01
-3.505903691485536822e-01
1.055486046824490654e+00
1.795476013803309456e+00
1.437166036934736990e+00
-7.213093256413921628e-02
-2.547596731853740692e-01
1.403069691699511123e+00
1.383400798203661575e+00
-1.384744924051777293e-01
8.435744023519693435e-01
5.564268791262551028e-01
-2.017948873000691701e-01
1.107212825168634840e+00
7.138166396803532487e-01
1.434575806389535302e+00
-2.146348401715396925e-01
1.888610976306519529e-01
-1.033657523531400363e-01
-3.819609039827559505e-03
1.506545962369708835e+00
1.548138689426712844e+00
1.187963539720071626e-01
1.562812599148294845e+00
3.368560154128612538e-01
1.614619491600706169e+00
1.763385056227103842e+00
5.544397465128754199e-01
-1.716881850998322190e-01
-2.275415440146653645e-01
5.526069223595034829e-01
4.934908120108716378e-01
3.329983283978227293e-01
-1.120806659754324530e-01
1.003031484257490780e+00
-1.512801280404145465e-01
-4.506617252977996313e-01
-4.211982955459020461e-01
1.379330764941684606e+00
4.786277039841084768e-01
1.115893847018839091e+00
1.174821869021308141e+00
1.430609813129488650e+00
-5.811190800292889147e-01
1.161043413350675291e-01
2.334968110893123061e-01
8.446236048183319856e-02
1.119861511475513494e+00
7.567007147935844724e-01
9.898118696179212250e-01
-4.474732606523032508e-01
4.241554615542211248e-01
3.163332976220351589e-01
7.628094973560022307e-01
1.234481067456207226e+00
7.701692986866883750e-01
1.531171611390013121e+00
1.233864040893511982e+00
1.787262900273613453e-01
1.817458032676487978e+00
1.387886030748001209e-01
4.545957532467940210e-01
7.296870298173673275e-01
1.721081680982850415e+00
9.092798647963112879e-01
9.566453908103758064e-01
8.281056256250347580e-01
1.272115685205175373e+00
2.278486030094671044e-01
8.935144020423988476e-01
1.852570068411109605e-01
5.827117623022287640e-01
-4.289997190367609431e-02
6.158968986913532229e-01
2.910544870097284686e-01
7.833633451173507289e-01
1.831495674186915390e-01
9.903369669450929891e-01
8.033685194420236986e-01
5.051780628812791996e-01
1.144777478905314005e+00
1.533024124724759574e+00
4.399005797236624771e-01
1.004514414659725574e+00
-1.309437184774574214e-01
-3.543195769283812857e-01
-6.672506558252511155e-01
-2.765894447154065294e-01
-1.982438785087528299e-01
-8.877302970575547125e-02
1.629892488631791148e+00
8.732557866964418825e-01
6.196151697319195462e-01
3.797318956620023278e-01
5.508226737614327906e-01
5.147144596447326137e-01
-3.971008854099376539e-01
2.556952340252069411e-01
1.353604783278720580e+00
1.306153791215495241e+00
8.850842880788183376e-01
6.791418785398364300e-01
7.127297891584096767e-01
8.287888793643071184e-01
2.308842741269145626e-01
2.495740316668633441e-01
4.357113860287976093e-01
8.600732237406466529e-01
2.136406400300697728e-01
1.094406741930102012e+00
6.758793762721697629e-01
6.831866495999535660e-01
7.920690972143129560e-01
6.457686550885357590e-01
1.087562317107413579e+00
1.384205083792018343e+00
4.291075033769525815e-01
3.592699513882831042e-01
3.731465457704370436e-01
3.338278201835432890e-01
1.749345260806777436e+00
3.652235164969622749e-01
5.373160223685173875e-01
1.117802579072189939e+00
2.253477626484849949e-01
8.842058624831683478e-01
1.064486718337605442e+00
1.643719223166368204e+00
1.295779663056011000e+00
-8.585169099861493791e-01
1.077051024707577520e+00
2.249003482043979152e-01
1.279669834476133694e+00
9.060626874067649605e-02
7.016726943933688787e-01
-2.765773418964723174e-01
5.057259462840092423e-01
6.774816493887436675e-01
1.254546779251435540e+00
5.821741760932714893e-01
-7.141291464526206001e-01
8.363754901666473618e-01
7.871766598644092117e-01
-4.472130844981026532e-01
-6.911998006942977613e-01
1.199611758161232666e+00
1.656996281069912147e+00
3.993180039280466165e-01
1.781836034701112181e+00
1.133702079279558239e-01
-7.690965801240998156e-02
5.644677167212357460e-01
1.878178221683437732e+00
2.209990706408162087e+00
4.898626469024310315e-01
3.820226273360293745e-01
2.838347922448613003e-01
-3.545475231444132624e-02
-4.063285837367810460e-01
4.844510609247902333e-01
1.055022314546620654e+00
7.507462250801169579e-02
8.849410320165087551e-01
-1.558147804931127589e-01
1.771006497796278334e-01
5.358241273036803420e-01
-9.691696294679460477e-01
4.930339038078316860e-01
2.011598077132386864e-01
-6.835217033997488534e-02
1.725369337962289196e+00
-8.555978687620746648e-01
1.185416180334796371e-01
-2.077037105724786337e-01
5.804207510544446835e-01
1.192920030134407172e+00
8.846373869745056684e-01
1.329934009644536952e-01
-6.051751628594901344e-01
7.644001574722724124e-01
-4.574619238910799385e-02
5.448135674307401644e-01
2.095628455476328533e-01
6.155398744180864412e-01
9.671735633192086734e-01
4.642339757179544946e-01
1.124024285263000689e+00
6.699717835834071433e-01
9.498265344393478360e-01
8.844607602428438131e-01
1.042712558623710928e+00
1.293172546533023493e+00
-2.335322011620779847e-01
5.645702371966623140e-03
-6.031318181748375196e-01
-6.908582805396000781e-01
-2.858080970913627339e-01
6.993001232772686482e-01
1.286860080008813689e-01
-1.892694242548859096e-01
-4.781110153831061305e-02
8.820262567498124984e-01
1.029896318282663703e+00
4.605832526150807071e-01
-3.521874579777495851e-01
1.893461249432428106e+00
-7.286079942104968510e-02
1.004708608800627401e-01
6.429689588441842574e-01
8.483460854071418478e-01
5.376823684688588623e-01
8.372826349920908795e-01
6.238689264002678092e-01
9.381706237463828257e-01
-3.058733866814274116e-02
7.371615084013086738e-01
3.550893630878533824e-01
1.096070993587654474e+00
-1.251667475233944893e-01
8.042509695112519397e-02
1.172396392300948165e+00
7.191716871474508332e-01
2.978192476930568433e-01
1.065411126043496637e+00
1.290131032881656203e+00
2.915221157907993965e-01
8.841065625164277186e-01
4.512392065771133609e-01
-3.693219875318706213e-01
6.868162197493774546e-01
1.428362322542796825e+00
8.390678780830419792e-02
6.734313988027996745e-01
1.157497204973214844e+00
4.256085068158206308e-01
5.219060412258118564e-01
9.479634303419822716e-01
7.657004615469346076e-01
4.443963907153840598e-01
-1.366509604018176227e-01
-3.725172450569615434e-01
2.226062625432556896e-01
2.635856921639396777e-01
3.206451819996635755e-01
7.940651086474179721e-01
1.274998115397153464e+00
1.531114914740129285e-01
1.552845416404494250e+00
1.648191711386302882e-01
1.102666045541229378e+00
1.187792335678620415e+00
1.903038270163405876e+00
3.230155433613035032e-01
3.278957432328825083e-01
1.156722678024010520e+00
6.116545070339987067e-01
5.224301263488605462e-01
7.338569141199955403e-01
6.115307663974306474e-01
1.436163775303467727e+00
2.217874189451264133e+00
1.793892651020366213e-01
-5.030356806982324569e-01
-3.168178623859707610e-01
8.479109111696518930e-01
1.001785638566795034e-01
1.157556505557418625e+00
1.741067283557090895e-01
1.344319161888568592e+00
1.443389956336835089e+00
-7.379077448396783590e-01
3.323174810436474447e-01
1.156033474264143379e+00
9.424802704418639987e-01
1.014979263803793774e+00
-7.415539452055356362e-01
-6.920719448985395150e-01
4.087811809599177781e-01
-1.224057827450892422e+00
1.185123639183993882e+00
4.021804277559500318e-01
4.190944721366325898e-01
6.905996384227361395e-02
1.813684577143122478e+00
-2.133546563394286832e-02
3.032202010195593211e-01
1.498739576192796852e+00
1.099199844148567029e-02
1.379218544177159389e+00
6.810957226159043421e-01
5.092689917344153105e-01
8.090134253523175722e-01
1.688297146159165152e+00
1.294510798213674763e+00
1.592134914561368353e-01
8.368202400651053585e-01
8.612790856837071463e-02
7.776946004492710229e-02
1.037744882390361001e+00
4.128615366000693565e-01
4.967273653285801949e-01
6.897178672878812034e-01
1.064091786230616954e+00
4.413831369325965648e-01
6.500325505244770596e-01
1.136300268750239040e+00
1.798350121270228419e+00
-1.031189277471768584e+00
7.065989514235136992e-01
1.854547066902527686e+00
5.891594294823748745e-01
1.039594256357770918e+00
1.490147054229474577e+00
1.067885423261433209e+00
7.110644778214099127e-01
1.190121720798986926e+00
-2.879058259227171845e-01
8.749106707009404182e-01
4.740764721261329084e-01
5.109481571038889669e-01
4.874239892197355650e-01
1.273665242562111777e+00
2.499865926651887588e-02
-1.785632705189930669e-01
9.847956444255043795e-01
4.489438380685646934e-01
6.771684761111620432e-01
-5.915917736596278953e-01
2.347788239440994074e-01
9.980871121412304703e-01
1.672531022975781989e-01
6.131354826452777296e-01
9.596408274059819998e-01
1.134476530867618571e+00
5.310567232354495015e-01
1.381981170379471990e+00
-2.696553010908389614e-01
-1.662180297001843859e-02
1.569454628568772714e+00
1.403612988047095111e+00
3.446532638200325849e-01
7.275324359565824017e-02
-4.735583033681903808e-01
5.133290334177312841e-01
1.550229474857817147e+00
1.385033057121860256e-01
1.169089576667055458e-01
-3.091833709009337294e-01
6.968517338082010903e-01
1.257626587642028948e+00
6.083096630816952066e-01
4.660353691719222313e-01
1.947308524384296469e+00
1.650377525729643136e+00
-1.657127424287095918e-01
-2.300014715123342990e-01
6.465085863373457586e-01
5.418333520903335643e-01
3.689442558797842997e-01
-1.652395679651982585e-01
1.171378891302335967e+00
7.737023998827097238e-01
6.889591907732761644e-01
5.890949436404068207e-01
7.678180964636415196e-01
1.297959982736784923e+00
6.761895618653007700e-02
1.471353902746746600e+00
1.154918268455374042e+00
1.054642960194347889e+00
-2.718127978094505570e-01
1.027329971874241465e+00
3.718178342746105702e-01
2.473855861110225707e-01
1.572817614689111965e+00
-3.532159093089344837e-01
1.870752073415773875e+00
8.772012174615982927e-01
6.282843036008175508e-01
5.439385958328859516e-01
1.385749316458763314e+00
1.678268472556011970e+00
1.122239143451366106e+00
1.109932060814686983e+00
8.346836398805884683e-01
1.162142039657815040e+00
6.344750617330224829e-01
-9.589035435398488016e-02
2.169426862240181331e-01
4.469632118493771511e-01
-1.617042335582878354e-01
8.870631454968875840e-01
4.683639218960098383e-01
-4.198519579883641661e-02
1.070172839779733209e+00
1.873616830493771923e+00
-4.109836850790228868e-01
9.358499738048500216e-01
-3.332174978917379904e-01
2.144137227761918826e-02
1.221603229768373211e+00
-9.960685922218082133e-02
1.732450469706201757e+00
-8.292769960406723984e-01
6.768463823585781913e-01
4.879284277924797464e-01
5.847115190896233772e-01
9.124269231133312896e-01
-1.250041913349624334e-01
-5.490216335934107184e-01
3.064242487023052242e-01
-3.259840431010470052e-01
1.253276188901685240e+00
-4.966621435934946011e-02
-4.738379432110999545e-01
8.022511585609403140e-01
7.067932052375693885e-01
3.607006786880004312e-02
-1.034465376473231002e+00
-2.162747564769042508e-01
7.838226227867589602e-01
5.769700895311141026e-02
4.712650986175423440e-01
1.498220103934680136e-01
2.495983759102409771e-01
3.170338999720099249e-01
-4.569761413188028198e-01
9.476967237880906669e-02
8.056247192224051945e-01
-5.482939317346648966e-01
-1.135813180429512681e-01
1.260555477402160118e+00
3.256410594626538701e-01
4.216579581510900843e-01
1.068612853199301993e+00
8.670241697300624661e-01
1.167500769844265429e+00
5.734684757204153716e-01
3.328560001445592109e-02
-4.171795595496224918e-01
7.957418018568721552e-01
8.727764246339878573e-01
1.018048450441054742e+00
1.920447897932593406e+00
7.779493592092980858e-01
5.079174506148859819e-02
3.054529926129593287e-01
1.063853673187094701e-01
5.169948506827738433e-01
1.374888028576976007e+00
1.505718893761200716e+00
2.850112355464187175e-01
1.393101667423707890e-01
1.275747736114746678e+00
1.387759257178715400e+00
-1.796367878060031176e-01
6.381105004347199516e-01
2.110537199839659817e+00
1.027047662255698324e+00
9.083627088269655703e-01
6.393633219440089110e-01
1.410841102831360994e+00
4.424942959689946997e-01
3.654269194123134223e-01
2.355336275076910235e-01
1.059464875904640335e+00
4.047373553905480037e-01
-5.670123393888062968e-02
1.270183937574423383e-01
8.303499594286186669e-01
1.683310611658187739e+00
1.113478550760290675e+00
1.486057208777516125e+00
1.167618191714104192e+00
1.120212579841236789e+00
1.475740605376040682e+00
-2.004231647249697934e-01
7.273189537286419704e-01
-5.120256581820774588e-01
1.383160991090739977e-02
1.842046812033312497e-01
4.130926248751656260e-01
4.680656994845526775e-01
4.545985458752144770e-01
6.376955878362131624e-01
6.721216780989992534e-01
1.018431366679307670e-01
3.647346640082638758e-01
6.472981136600376439e-01
1.364501579417570332e+00
5.841910347728422603e-02
-7.848064695105027022e-01
-2.594009084363566031e-01
-2.817042938809325436e-01
6.900447195251864230e-01
-1.874150820770761616e-01
7.860733817429595982e-01
1.077209015850213447e+00
3.929300890557815840e-01
1.253488502138243144e+00
2.469794963747667382e-01
2.865421676555385266e-01
9.978815624384675120e-02
3.272594876616828907e-01
1.094791787269930650e+00
1.205809288343879793e+00
1.048027264998978358e+00
7.315565390080501773e-01
3.223747586971100615e-02
3.899294180060893789e-01
-5.149034558314756760e-01
2.808719006314553956e-01
3.918605188058605360e-01
6.176505816726529652e-01
7.085922094191803300e-01
1.156611607292691080e+00
5.569588586124635254e-01
-4.975343104809237804e-01
8.114099310918347907e-01
1.036751133486504273e+00
-2.710373550148137967e-01
-2.738336012573444611e-01
4.113555113910591365e-01
-5.584570942947386651e-01
1.056009042908031770e+00
4.411867173059396546e-02
9.002292695569076297e-01
9.760555440146989614e-01
-6.094284618479064441e-01
-9.043581309635000121e-03
-6.309912426039262501e-01
5.560619330097060775e-01
5.549238087939079023e-01
2.850508895609338289e-04
7.546458592982480118e-01
1.226258976285105051e+00
4.566284686412267479e-01
1.813347257514962729e+00
-5.070152409258114057e-01
4.188145881458118502e-01
7.065535331392842622e-01
8.991086032340822598e-01
6.449799012224998185e-01
6.493516903916479732e-01
5.558923295605010528e-01
1.079729337045482129e+00
7.285718750979174319e-01
9.076700395201606764e-01
1.250854535009956914e+00
1.038583281832691441e+00
9.337537697859171759e-01
-7.217917588930897743e-01
-9.162635036358715013e-01
1.506636788167957430e+00
-1.692257542409799642e-01
-1.699645809753207448e-01
-2.665864228479138398e-01
1.028768753196354302e+00
1.272030629319734762e-01
1.778133096782848754e-01
1.137160580484486649e+00
-7.378006777459451548e-01
2.712764295394138880e-01
8.453088798997734910e-02
-5.791971006789458504e-02
-2.081884007112685259e-02
6.918482519016214694e-01
3.640327698193704942e-01
3.571994213652816552e-01
4.625070851464088140e-01
1.488952042222094319e+00
6.969566281449344203e-01
6.196424727575440272e-01
4.091642634207951490e-01
8.048325596951325656e-01
8.615544309732698913e-01
8.253379784358544358e-01
-4.840839015947346891e-01
1.411956991920441551e+00
4.239117998309985813e-01
1.154171336614938370e-01
8.679430980976735599e-01
6.905541234969427844e-01
5.957793960511315046e-01
-5.296972596018125756e-01
1.336709672308778352e+00
3.815762621460753734e-01
-4.648461041911103875e-01
2.464174092872304378e-01
1.777473762956205960e-01
6.466517964344300484e-01
3.050411313362719201e-01
-5.594370003184226947e-01
4.959275807428171756e-01
1.323548481450318226e+00
-6.580318298379700392e-01
1.034537478628489993e+00
3.812843702725864925e-01
-1.237495172687267525e-01
1.988933215168142699e-01
8.670407342367595360e-01
6.329104119686034258e-01
-3.497497428678646436e-01
8.074939293193849066e-01
1.215475860672810882e+00
7.484638283125529812e-01
2.409739365415332069e-01
5.618481952966158932e-01
1.314623073868901315e-01
1.181814129090156928e+00
-2.669057455227631381e-01
1.550221484985000231e+00
8.829326790429974092e-02
2.754402606577356638e-02
5.784714586532822000e-01
-8.898437833143937326e-01
-2.130134435722092975e-02
9.012250526353564606e-01
7.579972582872349651e-01
5.364040543314182452e-01
-4.223578238148244235e-02
3.872975028089008231e-02
5.044886894092371898e-01
-2.465432292170643414e-01
6.239348141786316138e-01
1.182225336744042288e+00
3.433343963771299245e-01
2.229791066896235907e-01
-5.405343083414682753e-02
5.936229276688359535e-02
7.171476947952594161e-01
6.894513020579503548e-01
1.406389793578309622e+00
1.381145725596493734e-01
2.965326546449432721e-01
1.173602660398760156e+00
3.518656025209013216e-01
4.749798070643293513e-01
6.043782034873219633e-01
-3.931095841529902990e-01
1.196338546516388518e-01
9.936928811016488838e-01
1.887902884912351364e+00
-4.053962905642274905e-02
1.129211920669812574e+00
7.061042046593939414e-01
1.107961805193866445e+00
-6.264287030514918697e-02
3.832772340963458424e-01
2.853713836453687369e-01
1.273951392693023266e+00
7.544248848123593643e-01
-2.652916242952619852e-01
5.481610125643496811e-01
1.083611879285504953e+00
7.237012372786991721e-01
4.455983029119142680e-01
1.693396979237156152e+00
2.851848132790997803e-01
9.305985625791419746e-01
3.572774903593841089e-01
8.594157578734497038e-01
3.583547196441823068e-01
4.994369845183876250e-02
6.341884856361574840e-01
7.970262182435565723e-01
1.628636323783137829e+00
-1.683343775605692649e-01
1.040316969767622224e+00
3.606450514139433738e-02
1.242858171457369709e-01
-9.435140088757125731e-01
6.451833744187993602e-01
2.351892985071516451e-01
-1.117289455102392637e-01
1.363418734857744896e+00
1.320186222960103128e+00
1.549471260798849226e-01
4.752124084641573543e-02
-2.108763664839130303e-01
6.455123240864770739e-01
1.949689975246515772e+00
-3.046242536083258456e-01
8.541623604332048147e-01
1.416142747147051351e+00
1.008480061964292851e+00
9.328067808959106255e-01
5.999516555003076013e-01
8.394067843691007669e-01
-4.912959672758829277e-03
9.009310401923109612e-01
1.110029551760631561e+00
1.334429759346295041e+00
2.411460246440546851e-01
9.520177841139914054e-01
7.455335808714267376e-01
-1.595982891077627960e-02
1.713152130047737476e+00
-2.176627976438081161e-02
2.068899767938332079e+00
7.948096241452654587e-01
-3.617978482047497502e-01
5.189153407612391300e-01
6.096675108831480783e-01
9.103259135891867970e-01
5.053531744260638670e-01
1.932412719415078417e+00
5.480594406564621712e-01
3.187261120567207451e-01
3.251398953086091503e-01
7.997482602749360625e-01
1.076611855555507535e+00
3.645959723221711690e-01
1.089418976774942482e+00
-5.031452546062207265e-01
4.551378876275519736e-01
1.855050009102158504e-01
-1.410894073096818357e-01
5.143491087154589136e-02
1.640293777755319704e+00
1.031496502441774377e+00
6.755663147704503713e-01
4.592326935721563475e-01
9.862401190492316172e-02
-4.515475331946193771e-01
-3.256176963605634245e-01
1.189789242666373870e+00
-8.251544070313784340e-01
1.782203981602258902e-01
8.595307200363085931e-01
-3.230697875142057862e-01
2.951730371476471437e-01
1.556622301573464817e-01
9.621351637837339821e-01
5.084758168233725062e-01
3.203948390784758793e-01
2.834520614108361203e-01
-2.894583960417342339e-01
4.492954143178971571e-01
-3.119578745768098460e-01
-5.089175041723534992e-02
1.170315454007140543e+00
1.057765732262112124e+00
-5.750629873417657106e-02
5.761055355004020273e-02
1.336633955075608449e-01
1.617279851764538146e+00
7.576814334208463453e-02
-5.085659509062141481e-01
2.988880851147615592e-01
9.371503979819502117e-01
-5.380564437044327297e-01
-2.404724171873035832e-01
6.065756453864311615e-01
-3.696417713270350736e-01
1.563163775105059217e-01
1.583446384110622551e+00
-2.629428367293404900e-01
9.293370572190365331e-02
-1.835417755455261840e-02
1.781243400281530831e-01
8.556202926523641672e-01
1.489815952942391108e+00
1.676111742735786558e+00
1.214250006760931644e+00
1.357562429454122865e+00
9.424067999244141181e-01
1.410058119216399397e-01
1.305517199731881739e+00
1.343324315000741898e+00
4.073356866983607327e-01
8.406221317624317235e-01
3.303737344880147697e-01
1.459020627551764759e+00
-5.778862423551992533e-01
1.422861882560131797e+00
-1.800649630678412966e-02
2.682068170469905644e-01
6.999126053696662630e-01
2.124170562861283085e-01
1.394839967766711986e-01
3.592895529010868561e-03
3.301598581151305445e-01
-3.148499311849859428e-01
1.271771703528411068e+00
1.121982062129326607e+00
2.479482101662916771e-01
5.684926455616954311e-01
-5.975774141743415147e-01
2.634202496368953095e-01
6.089443597400966413e-01
-1.668374087420811391e-01
7.302022393186995419e-01
9.230571815165334870e-01
1.199910835212940841e+00
5.573703711154673890e-01
1.136820098992617822e+00
1.144887195409691971e+00
1.362676676433248746e+00
-7.088795778449923368e-01
1.420388865031613657e+00
8.614728164578586145e-02
7.499956830031556665e-01
-2.804419822936822515e-02
9.488733712835938361e-01
7.778546002992769992e-06
1.195403277306759104e+00
4.713252049091025686e-01
7.710459320012296169e-01
5.994800761480779672e-01
3.033824049330601791e-01
4.495836810253807103e-01
6.950967681122547370e-01
3.174909174556185265e-01
2.194711022233637454e-01
9.387540161769296621e-01
1.513407882231339707e+00
4.925815641690597380e-01
-2.795148069278984709e-02
1.213138441925596389e+00
1.326000733273370091e+00
5.688073359345066082e-01
1.385844935941288325e+00
1.385976336236987572e-01
-2.221569713192383944e-01
8.651384988325986347e-01
-6.636194483281967482e-01
5.791514017978283135e-01
8.018160588710055992e-01
9.878425367959363657e-01
5.201006218431872621e-03
6.881545464370730780e-01
1.088611259962894984e+00
1.033310602259895905e+00
-1.733423631476966043e-01
2.433283987382012792e-01
1.488308916788415370e+00
1.632661881642120560e+00
1.949351659073510268e+00
-3.282200728961067182e-01
-3.645652548948137284e-01
-2.522081058178962665e-01
1.261852594076826151e+00
1.426178939943551160e+00
7.726965600893963559e-01
5.099866023820112115e-01
9.208918361000505426e-01
6.371408144975617693e-01
-4.520888104029433530e-01
6.454512502186876555e-01
-1.305674369387924694e-01
2.207572952260741239e-01
2.551042661553905022e-01
-1.032744697667113548e-01
2.100947255638767885e-01
1.133346176263964500e+00
8.717641215501591434e-01
1.063681317862949616e+00
5.120816912362111673e-01
1.189357109883991459e+00
7.416457600139408912e-01
2.728494515203376269e-01
-9.805081940389041018e-01
-1.454691865770688375e-01
1.847355100812217987e+00
6.473607249500061833e-01
2.298642009878252512e+00
6.181771714375945415e-01
1.166325543801104425e+00
8.707998737219343477e-01
7.098559659670112820e-01
1.642949586149668573e+00
7.547089758979331764e-01
1.106125551955568609e+00
3.186517066287976596e-01
1.060352020121452465e+00
-8.675966447435585760e-01
7.859861396928355948e-01
6.026625211059730702e-01
-2.607611773559698198e-01
5.439913822410410993e-02
-2.117900536649035548e-01
-2.966028467738188179e-01
3.781348630381275999e-02
-6.380296943207926230e-02
-2.409491918300845636e-01
6.516614054970484293e-01
2.119976586395589668e-01
-1.541748980783416989e-01
1.216726483412486237e+00
9.740666422959680659e-01
9.239135868323796741e-01
2.379789446343475237e-02
-6.957207281645406971e-02
3.909640814694058109e-01
7.511418544083020565e-01
7.420065821479464585e-01
1.726555134767604027e+00
1.684313272504155856e+00
2.116240207260373374e-01
4.678716245782676975e-01
3.111941585958555301e-01
8.889804953217037009e-02
1.056836123568281938e+00
-5.329331869930371557e-01
6.196736394831643402e-01
4.378897206185312641e-01
-4.871830109658864538e-02
1.510802572818925382e+00
-3.686134032977807506e-01
-8.603883276493403676e-01
3.518805985985649087e-01
9.029718418010030945e-01
-3.899075803390584793e-01
1.615592725250790895e+00
-1.651689633223202003e-01
6.844365781549047734e-01
1.369024316925637197e-01
2.903466045573071530e-01
1.460342881559669292e+00
7.090733694330110248e-01
-4.893058398506613393e-01
7.371673633601116826e-01
1.276356307156183978e-01
2.892141803700846170e-01
5.015376195593546083e-01
-6.025067243357964397e-01
6.217695994310834529e-01
-1.597369228406804731e-01
9.659943765215879274e-01
1.644426772654844937e+00
8.079959895860439056e-01
3.598332774369792930e-01
-1.666147651026108623e-01
5.956641180185171525e-01
9.041087092334848530e-01
1.481368848074719358e+00
1.178682087845455695e-01
5.215145103110736535e-01
1.210842045890960783e+00
1.120262020285593962e+00
1.227736944404860475e+00
1.778497257815524479e+00
1.064634306097899386e-01
2.336421361945850428e-01
6.338533927511570409e-01
2.582731760848543390e-01
2.473692841910550833e-01
1.064315263400035905e+00
1.167516444867184200e+00
-5.623258669103147200e-01
1.292524230353045533e+00
6.714659031430638692e-01
6.044308746174267277e-01
-4.503876796178306607e-01
1.332212231988496143e+00
2.466462522086936351e-02
-3.081563889951112190e-01
-1.075426263942898669e-01
1.243631128833845301e+00
1.082746289217546121e+00
9.961966659137880264e-02
5.160575964650641057e-01
6.756390270748365845e-01
-7.591146070510181865e-01
-7.526842627284677234e-02
8.231874629484028372e-01
7.916151927109710273e-01
8.456113990317143392e-01
5.216052821428127650e-01
4.682486828909029897e-02
9.544901056606811540e-01
4.004155348864691377e-01
3.248164094782061140e-01
6.718134010097537301e-01
-1.003581554061689918e+00
1.761922555457508643e+00
-9.162324256762366392e-01
1.516620599276552184e-01
8.620604416961048511e-01
1.499043038152092056e+00
6.592644954441786997e-02
5.393716428693561271e-01
1.891201523462242129e+00
-2.976992767311399946e-01
1.143743480816818314e+00
7.791226313999284336e-01
3.945661587610516663e-01
9.955684073454010852e-01
1.294692954521185158e+00
-2.309654190407095797e-01
5.025369624662285872e-01
7.151261206429958550e-01
8.711184709494034228e-01
6.597703125610617780e-01
8.586681365238585384e-01
-4.373435648861533354e-01
5.703486412917077031e-01
-7.265601839481788948e-01
5.716789739809283732e-01
1.820475029950131551e+00
1.638258515864732479e+00
8.696066899770826808e-01
1.219815066382032409e+00
1.102150896027655758e-01
-2.778932507593691037e-01
-2.457632504111484720e-02
3.009823334356867552e-01
-1.073042784087821673e-02
2.907383688924162213e-01
1.270451592076978553e+00
-5.946386567971097964e-02
8.717128040662351640e-02
1.450296342804328342e-01
6.618929615803977873e-01
-3.662017339010580075e-02
7.683397194556330634e-01
1.324287732280102770e-01
-3.101414537345002082e-02
1.698851339402631666e+00
-7.700282824462392206e-01
1.180071805774939975e+00
1.365396599212359119e+00
1.252356367354643174e+00
1.209611319738176816e+00
-9.332478334361883621e-02
3.823979360366476232e-01
-2.059883130856845351e-02
5.297942061299467653e-01
-3.037714872092996954e-01
-1.079016724276349870e-01
1.728830773297596490e+00
3.512120961961632259e-01
7.652221372541680999e-01
8.943848974147020625e-01
1.151023490382986070e-01
4.517076659793668458e-01
5.766395011884910549e-01
1.626473487138759166e+00
1.447783329321951529e+00
1.123259577880638238e+00
-2.038370769803495575e-01
8.328551973532324348e-01
1.243691229228878758e-01
-2.210122461053219689e-02
1.179169863610365354e+00
-3.141087775128711956e-02
-8.556859484227138379e-01
1.706737489949311293e+00
1.194944476190195060e+00
1.099236178551983523e+00
4.675130906290495547e-01
5.763602292397415061e-01
-1.548995030257990235e-01
-5.707549068799568914e-01
-3.447855484470987997e-01
1.109738728349090930e+00
6.110402628638046396e-01
8.597812668075320852e-01
1.644406744020080691e+00
7.630693412561813105e-01
8.151848777463320816e-01
-3.945024019090945244e-01
4.203865917862098511e-01
1.761780751300026926e-01
-2.246809008230690741e-01
-5.939919440175892573e-01
9.881309151548710590e-01
1.148918891240825024e+00
1.126313596091829350e+00
8.905594010581766584e-01
5.577518689114623340e-01
1.139901793116194995e+00
1.310514076775357584e+00
2.571374674955732575e-01
8.405782419653975435e-01
7.129709168871294356e-01
5.334704546499291489e-01
1.149965654183756403e+00
1.407979393254052081e+00
-2.325830421904186707e-01
5.570197231804645543e-01
7.153036164988421097e-01
5.899265438482672597e-01
2.837972165668757318e-01
1.647677837219445052e-01
-8.068848547024451978e-01
-2.601932027312726659e-01
-2.513901737817179627e-01
-6.344968322162136687e-01
-1.305976010602767912e-01
1.210231839060657011e+00
5.043140247532909015e-01
7.764279362997553169e-02
3.969121348447223196e-01
6.852914710881165272e-02
7.469533792586492416e-01
-4.881858121193772826e-01
3.855858111504255337e-02
6.507982162405654414e-01
1.464639703174060337e+00
-6.195194187527750529e-01
-3.365133311508038960e-01
7.025466834631138857e-01
1.038056864459005135e+00
2.676959592600579030e-01
6.505947578649665664e-01
1.148767750158037199e-01
-6.526013077552250685e-01
4.660908430282321158e-01
6.441223329710313861e-01
1.120956853008969523e+00
1.029657949664929406e+00
8.873202335101834093e-01
-1.773905863808884209e-01
4.972298211774590637e-01
4.043267645229126073e-02
8.380960287105240214e-01
-4.313806095413771913e-02
7.829641411858454525e-01
1.052281857748093241e+00
3.907197003437278271e-01
5.268235396056319964e-01
9.147862840730738299e-01
8.021230470165354731e-01
1.221297141862104141e+00
-4.699968775952401701e-01
-7.409788367510679041e-01
1.019616036256180802e+00
9.875050529106449426e-01
8.312502839881521499e-01
9.087015697286344729e-01
-4.663028056117774489e-01
-3.217090267192878050e-01
-4.583409306663108751e-01
1.195217423416331526e+00
8.536081417296160767e-01
-3.796697112291820830e-01
8.124778125750942159e-01
1.273693509529611800e+00
6.913374399697422845e-01
4.055697847065855566e-01
8.780735131502970248e-01
-3.957627166789002282e-01
3.164319971252910757e-01
9.119366684906415887e-01
1.291328966740342699e+00
1.158169459840107551e+00
1.234111208289870643e+00
-4.678573814670965447e-01
-4.257769982983178880e-01
2.600696261981331192e-01
4.552012129276216124e-01
4.817846580430911185e-01
1.193972402011745371e-01
9.853119300209860487e-01
9.499850758486164670e-01
1.192152171376609671e+00
1.629173818882623914e+00
4.114901728429157801e-01
5.356593713387934885e-01
-3.618278459043866024e-01
1.559683108794214790e-01
-2.031087115328234771e-01
7.410868534521862783e-01
-3.138921658021904815e-01
6.661956843042544651e-01
3.249545797890625309e-02
6.329393557628602840e-02
1.651168412850713418e-03
-3.082035516849165185e-02
-5.668571903593598582e-02
6.207233903365830807e-01
8.286051272507102272e-01
6.035095963914451911e-01
8.983890169555265315e-01
8.812846499097745090e-01
7.870088669585169061e-01
-8.124028372200042813e-01
3.239151980000645192e-01
5.833517426262687655e-01
8.392773337460084360e-01
7.850452078886431817e-01
1.128561158855290181e+00
4.401169417328212319e-01
4.010579202519062858e-01
2.913028415970640439e-01
-3.093214598034341734e-01
-3.717191375767517347e-01
-5.733492839926269680e-01
1.187724721369067815e+00
-3.997509903251685037e-02
1.639920186489158271e-01
1.281083507808810751e+00
1.216149392200219920e-02
3.945900785341752703e-01
5.409332079258946102e-01
6.061309180454046430e-01
-9.508920831769368531e-02
2.950064272391819120e-01
5.607651351584732602e-01
5.051894989585514750e-01
9.438277206018685916e-01
1.708094551113396309e-01
1.534740676836533257e+00
-4.168925284771685114e-01
-3.549729803455312638e-01
9.411506507980150760e-01
6.208504678589937820e-01
7.284288053535513674e-01
6.264560446656095571e-01
-3.780561782398843551e-01
-2.897754657222837982e-01
1.478944418620480872e-01
1.091807577288181230e+00
4.930250379974498998e-02
1.805374695332710444e-01
8.691992754986536118e-01
2.980332282217995066e-01
5.675488614838358759e-01
-4.909236307895539775e-01
5.412588145808480133e-01
4.458337320049638453e-01
9.895842907962897339e-01
6.382038279196808883e-01
1.040913184263712488e+00
-7.090415736432580385e-01
6.737303403700516391e-01
8.368254955092851999e-01
8.243085390498533505e-01
-1.074935939442625832e-01
1.237218956818281423e+00
8.025875223300895644e-01
-1.510535707804749606e-01
-1.121825465659216370e-01
4.972126215452687403e-01
1.239442864808272482e+00
6.353304724847349538e-01
1.925121146322634202e-01
1.805591770243127003e+00
7.156546117305316868e-01
1.100967589132153979e+00
9.956218429386599622e-01
-7.442394253381515168e-02
9.113467250288440624e-01
6.033187395259598240e-02
-2.941771991440246814e-01
1.249837545391847993e+00
1.153338681650305064e+00
1.553708169091579716e+00
-2.277755886426121590e-01
9.211437678456346756e-02
1.042098070681744204e+00
-5.568939856403308797e-01
7.481894502678381187e-01
-1.506457939404820968e-03
1.160711132137998591e+00
-9.271954342730485965e-02
1.734274885330040483e+00
3.200743527614214323e-01
5.701272104961043752e-01
-3.037521906517566816e-01
6.866894242055763264e-01
9.004352054878013156e-01
1.627974449745271945e+00
9.949508373195111721e-01
-4.122219007450019790e-01
6.411005304520334125e-01
2.539113823512917922e-01
6.396749556106308132e-01
-5.541754382446555383e-01
8.758795992899709448e-01
-2.105711860661956675e-02
-4.784432099868089483e-01
-2.715101527237449019e-01
-6.858002644147539462e-01
1.541622666675306341e+00
-8.210490098353734334e-01
-3.448636632465597596e-01
8.297656349963364875e-01
1.530458504784778073e+00
-6.065304142222358585e-01
-4.643765251053801335e-01
3.758381316459530330e-01
1.720982307751854234e+00
8.939451096778194827e-01
6.000040870518028591e-01
1.944282339678137905e+00
5.787479000265201012e-01
-4.545078464977803101e-01
-4.102906011701207278e-01
1.049276989289603002e+00
4.406022071374042226e-01
1.061669492881322174e+00
1.987011707239397795e-01
9.306860514277259799e-01
-7.358628154181962033e-01
3.055448488486076641e-01
1.873265130543153134e+00
8.337723350341562645e-01
4.766250893420858059e-01
2.162022292663984269e-02
-3.759033853573751083e-01
1.317163301966696176e+00
1.065419401285979228e+00
5.674722236064547731e-01
1.065186293589250321e-01
3.586369086198711864e-01
2.484859265728397992e-01
4.162374876852277805e-01
-4.301015458919629081e-02
5.047554634800021089e-01
7.619481324387441523e-01
8.453472968333020088e-01
1.058552818866556278e+00
1.440989498265361213e-01
6.417061047022754039e-01
-1.788832768914039306e-01
-7.623783340855917467e-01
1.037347911909816789e+00
1.219743077062102277e+00
6.333244690048753789e-01
-9.633779912350918240e-01
-1.139777797326019693e+00
3.015724195951547393e-01
1.145409429557984415e+00
2.153838715262085479e+00
6.678640100849394523e-01
2.781141084279833975e-01
1.429744406240779364e+00
6.176317472923106289e-01
7.351320802866327941e-01
1.039965352321732817e-01
6.847837065745244756e-01
9.890754220232216287e-01
7.955559972388447365e-01
5.857395446169318953e-01
7.762608224720508598e-01
-7.410473229377197990e-01
-3.334226328555544017e-01
2.160544354296587213e-02
8.236692318008824731e-01
2.869502275480091957e-01
1.057560302935261376e+00
1.736179921437627227e-01
6.911895864655068777e-01
-4.668802285475388558e-01
4.502879536663880744e-01
2.094062501276038046e-01
7.414630011768698348e-02
1.077417134510106012e+00
-7.595456152248067361e-02
1.282746211757757937e+00
1.012518557477107395e+00
1.103887243885754765e+00
7.448750278842037886e-01
4.385553785471742461e-01
1.304313766121876439e+00
5.829785826031925744e-01
5.635106270984622245e-01
-4.754678880195581936e-01
2.531329797678827376e-01
8.176481215937770886e-01
1.729131863190773277e+00
2.063299566283829101e-01
2.352113400109849817e-01
1.649929417464462755e+00
5.247904048611622407e-01
1.749680915582917107e-01
4.338667410023024917e-01
1.571551528584003155e+00
6.616159783873466760e-02
1.409108501724143925e-01
1.376918739563347094e+00
7.369997825154947502e-02
4.264135922831595593e-01
1.607826312273423319e+00
8.935998336267625408e-01
4.872701914934362000e-01
1.979210978627116146e+00
-7.807395517762286685e-01
-7.639315750374798819e-01
2.290230099045557216e-02
-4.284192918117286641e-01
1.619573026834303653e-01
5.202716679658768717e-01
1.146901877806300041e+00
1.243429930863053867e+00
1.117082505200573062e+00
1.279275507968272052e+00
2.958376283607380142e-01
3.890315860717216689e-01
8.219658939218884575e-01
2.450242411355046723e+00
1.188329842433637484e+00
-6.806912502409818710e-01
-3.936747587645534341e-01
9.618603105428625843e-01
8.329312656113754265e-01
4.558396988043062481e-01
8.358746357539086347e-01
1.960083543957630986e-02
-1.594326029826096947e-01
1.038782482220544257e+00
4.362637568253028841e-01
6.780939657034394941e-01
1.562687228732879907e+00
-6.502282999606676106e-02
1.705057494628789139e-01
-3.297206794285819087e-01
1.319202681265452037e+00
6.302074217049754568e-01
7.847544016751933915e-01
5.143536211158141747e-01
4.105364493752636235e-01
9.601122175140061055e-01
9.257363666435086680e-01
8.262185047825955087e-01
-2.097382511575626995e-01
1.317972625282461951e+00
-1.596569435175547447e-03
-2.844646466942571950e-01
1.186637979118958741e+00
-1.943244493622701685e-01
-3.284714805669393112e-01
-6.534424713269219864e-02
9.572560193727928102e-01
4.155931997852024828e-01
-2.890859286807462292e-01
1.856850268439486529e+00
1.688701992710320621e+00
1.014104520669664389e+00
6.970784346487328698e-01
6.708198142210844983e-01
1.316915173131725458e+00
1.110754355104283553e+00
6.026774558875960253e-01
8.223011450731577687e-01
2.751122519509632824e-01
2.174362132517853041e+00
9.213599375233525457e-01
9.344469828061713335e-01
2.142186180334521850e-01
1.200832108107843937e-01
8.934303917736995115e-02
7.916074224474061172e-01
2.774001774204816750e-01
-4.517562713411129027e-01
-5.771208222506057917e-02
4.694100308578734726e-01
1.480251036752308069e+00
-4.517166436312657907e-01
5.934230426412799853e-01
-3.951667910286033730e-02
-6.892649805101910276e-01
1.469350277247214176e-01
8.249828942566170831e-01
1.599946126827501702e-01
9.637838056776921736e-01
-2.478590944398983975e-01
4.862292928968588168e-02
8.740873135272535510e-01
6.821657143249898470e-01
1.434763913831014648e+00
9.540406752607200058e-01
2.181144077723364827e-01
5.071437003379994923e-01
4.421206314364677925e-01
7.020180046331073731e-01
9.265014241977500564e-01
1.190417883007127919e+00
6.938452148720093415e-01
7.551589874178896711e-01
6.303574564436941197e-01
9.324818365804844467e-01
-5.220492797126105033e-01
-8.936413752474112737e-01
8.203484432645549163e-01
1.537605445269699445e+00
-1.107289223728214339e-01
-2.598187189109745221e-01
1.045158076297367788e+00
-4.669196715564649103e-01
9.893041944791971520e-01
3.386662743367889195e-01
7.003048817977011176e-01
3.732631034067888098e-01
1.305608704719417312e-02
1.243180007575774570e-01
8.559256128249738416e-02
7.013617317051961120e-01
-1.901804343967040123e-01
1.796549187903988098e+00
1.197354435709635068e+00
7.204665231858992103e-01
-5.443569867157686815e-02
1.062758475767609845e+00
5.173216098142088271e-01
4.199198435976942423e-01
-3.489631118785534447e-01
-7.488684831351161142e-01
1.526743708604677119e+00
8.777932991338016633e-01
1.005818439691559263e+00
-5.348179730513872437e-02
8.647509694509597500e-01
3.065730269242008393e-02
4.919093376527620132e-01
1.013754388345730062e+00
6.776305416867891562e-01
-1.889525535399216166e-02
5.732268082173680446e-01
9.710842869469468175e-01
1.272705654463616165e+00
1.085008297805898136e+00
-2.960060342624498131e-01
1.333389635787175287e+00
1.954582922147414914e+00
3.351569613729619146e-01
1.087325104346869020e+00
-1.528978885974108942e-02
1.139642868943105070e+00
-1.203329880395642704e+00
9.593510640047900329e-02
-1.575137555770560194e-02
1.069501271479559312e+00
3.335776839898724200e-01
-1.773035622992539251e-01
7.590888587262197840e-01
8.140293946805127190e-01
7.091301363015147796e-01
3.516013577634596876e-01
3.574959416998607642e-01
-3.598403018544115151e-01
-2.426938650108860229e-01
1.406734840685397891e+00
-6.696616416029027574e-01
1.846002947657032545e+00
2.258105836504569197e-01
-5.541495913512117788e-01
-1.920557246554275010e-01
-5.745606285548132686e-01
-8.071084146551149585e-01
5.166891829747716214e-01
-2.087621148952404082e-01
2.203005820216060451e-01
-3.593367561361740514e-01
1.443076044115292333e+00
1.342947702386674047e+00
1.573231664888722070e-01
-1.922191158350201323e-01
5.006879465326857792e-01
1.828546765301148902e+00
1.274980654943048408e-01
1.148909468231053221e+00
9.144894993552418194e-01
2.701627985636033680e-01
6.327408206212777886e-01
5.116725244735695899e-01
-5.654168208873745494e-01
4.285628905418350509e-01
6.355118216249228125e-01
1.345030880408012885e+00
4.426052242419984406e-01
6.256254729797324776e-01
-3.434793804516864113e-01
1.031446428668631565e+00
4.742867012315731268e-01
5.026197638573189075e-02
-3.539060419483941455e-01
1.273462042526945615e+00
4.840335172211231440e-01
4.673150273121782217e-01
1.269886084726659314e+00
9.861247404458790555e-01
-5.188408098378518574e-01
8.962795354422049554e-01
2.749296611986324357e-01
1.924811183020130212e+00
2.354120118871171341e-01
-3.250465319452809920e-01
7.771193826848962760e-02
5.137742501790172334e-01
2.174441706769687510e+00
-4.241324757553772973e-02
1.062658476114388240e+00
1.448776041525757341e+00
-8.526828333917886305e-01
-4.984689624146552700e-01
-8.274264288232650866e-02
5.352468170518188684e-01
1.471546912618524772e+00
5.149360316493675205e-01
-3.333637034333447602e-01
9.241228283654651099e-01
1.672077436817692719e+00
2.332972813413080604e-01
8.659626196969471001e-01
7.589055271983701223e-01
7.834731097922109644e-01
3.050152932645263659e-01
1.352509064039812969e-01
7.502829350212110171e-01
1.267378383645070494e+00
-3.932612405467078576e-01
-1.264218240830905227e-01
3.716133409621976691e-01
1.165556346593138226e+00
3.317803677074320778e-01
1.032584283580847861e+00
1.262786507649426015e+00
8.725807247831247615e-01
-5.007335248040152287e-01
-1.840374946007349716e-02
9.627756040712083241e-01
-1.055417091146199360e-01
2.927163898893520022e-01
2.652487044535493596e-02
-1.828476653927589013e-01
8.539536440140567120e-01
3.158407239256682542e-01
9.191854585178103054e-01
1.967397980398516211e+00
7.236440152817961158e-01
1.729388571130271890e+00
1.227574239985974591e+00
1.475483818276142944e+00
1.260059580421709402e+00
1.365227722175202274e+00
7.923977433363602607e-01
6.126833914806299047e-02
1.284206743237817694e+00
6.539972566534144605e-01
2.891221036130527944e-01
1.205637731978618232e+00
8.947854413442052346e-01
-4.431088551872707226e-01
4.902003353105793826e-01
-3.541188199837007056e-01
3.365687536368378030e-01
1.658516144261215075e+00
-7.026247328225411481e-02
-5.126587972518488190e-01
-1.660527671832556229e-01
1.271425137164598373e+00
-2.477590152987995675e-01
7.448906708908362706e-01
1.130872603906048379e+00
6.783210747283147102e-01
5.765400863904598383e-01
8.208503429560478626e-01
1.629340768601272194e+00
1.643613283224578892e+00
-6.425040340302985431e-01
-2.970281064554432526e-01
6.449218337902883347e-01
3.167959398898716472e-01
-4.384784273392571263e-01
1.272281355432867356e+00
1.186067118875601789e+00
1.406264908585221018e+00
-2.492455672501174557e-01
1.372447959567524967e+00
1.312338523988793249e+00
1.207857734183080511e+00
-2.778749876167658783e-01
-7.686264449942098453e-02
7.628677131048275384e-02
7.135721400151316951e-01
6.225437749724015146e-02
1.428973983968728323e+00
2.136554030602466070e-01
4.833900225010908658e-01
-3.732446343184324666e-01
6.256853644405627746e-01
-1.110228500882922908e+00
-4.298531017970839141e-01
-6.709221983958811586e-02
-1.614543662254141476e-01
2.497608697147700729e-01
1.057633507242128207e-01
-8.049316908774426516e-01
5.240145163983307430e-01
1.229582201105215544e+00
1.055263674081215797e+00
4.255577732854686213e-01
-2.387584018654764495e-01
4.606317360930488602e-01
1.852761659808829897e+00
1.112080529681929997e-01
-2.987235894128149882e-02
1.153382714887918326e-01
1.143770216992630706e+00
-3.717763464560282505e-01
1.735632117578544076e+00
1.430297023602384199e+00
7.871561634333062996e-01
3.204258692291301336e-01
-6.015533180184453599e-01
6.284096955764462145e-02
-4.094260120455896212e-02
6.047779221991479437e-01
6.048102961116248455e-01
4.212590855462349654e-02
1.052816105448678846e-01
4.779817135481541079e-01
4.197175269421973276e-01
6.883799784974239389e-01
6.766149672732570952e-01
-2.293398677180895906e-01
3.547901361109864760e-01
6.209669263256012428e-01
4.544750926342634029e-02
2.647396894986938504e-02
1.160486785395445697e+00
-7.863564909607299036e-01
2.711501197363304638e-01
2.887291594178229004e-01
1.536975167770759265e+00
1.144930857830018106e-01
4.353768579361328994e-01
9.487949750662021398e-01
8.051593353683906829e-01
7.152374327967431222e-01
1.097430494276308899e+00
6.671119543382613148e-01
2.113168053386211831e+00
-5.951053723846810861e-01
1.030223344455738044e+00
5.261669014305856429e-01
-2.613794181494671354e-01
-5.998166700921810923e-01
-1.108528865143356273e-01
1.252554426299256896e-01
8.345475649770917048e-01
8.115765814838433734e-01
3.765431361408665967e-01
3.423832130462205470e-01
-2.085299852384352726e-01
-9.304191703918816003e-01
7.103558577966008203e-01
8.093450910518822372e-01
4.059024481199492440e-01
-5.022732255447895922e-01
3.136264305075563419e-01
1.635455786923130095e+00
6.738015602278634164e-01
4.726205051029444548e-01
4.884668443997647325e-01
1.554633643452636993e-01
5.131444712471451286e-01
7.333240533794423144e-02
2.957020496164012857e-01
-1.749771400205327732e-01
7.568373201574958298e-01
1.510376641458200275e+00
5.904485226263724851e-01
9.036800670429161464e-01
4.182824813104472073e-01
-3.179019082206765434e-01
2.368165720597417701e-01
-3.882307134736647791e-01
4.332443292403203028e-01
1.613805473733297413e-01
1.517563456169338965e+00
-1.572831778791794755e-01
4.435829091872611762e-01
4.821761508670777130e-01
8.117949106952760951e-01
-1.246405924971579621e-01
1.483195049146720068e+00
-4.445558620511549930e-01
-6.129035351593294934e-01
7.022313313261769885e-01
6.931477548537516853e-01
-1.911283021935822335e-01
-2.073376828272394945e-01
3.050840672825145816e-01
-4.818143112086326618e-01
8.276516322301472606e-01
8.076208896292039752e-01
1.986153030034659706e+00
-3.392978057187648333e-01
1.037343429971076869e+00
1.034379291212288166e-01
1.261286465574871896e+00
3.478160137613976466e-01
8.138651084596467689e-01
1.154511971120784741e+00
8.625594513320514883e-03
-2.916125682663452817e-02
6.539954577791361467e-01
4.028499435563426267e-01
9.829372810739159805e-01
2.625790762675486167e-01
7.220761896819374304e-01
5.272523140726891322e-01
-7.097958707141910351e-02
1.017972125850965304e+00
8.182203352493516713e-01
7.166896491416102632e-01
1.093981175679137774e+00
2.644784520098601432e-01
-6.911333568900472624e-02
2.110137897262343853e-01
1.148046796710991080e+00
2.643819828683629525e-01
2.789050952150216867e-02
5.970331034933762382e-01
8.192342641791230395e-01
9.260227816072587048e-01
9.412591277293612668e-01
1.527027505626467330e-02
8.371190499585550171e-01
7.447748122747491761e-01
3.423373289291966604e-01
-5.938341268917661786e-01
1.021329516678733729e+00
2.080784183565156584e-02
-2.282781286791558950e-02
7.200933265535357508e-01
1.569979878478356961e+00
9.411011581832935402e-01
1.156558045787306366e+00
1.083572636942537137e+00
2.136518546555536413e-01
2.932735866069365871e-01
2.989639914321977066e-01
7.495995691413837037e-01
4.586128611003917888e-01
3.639324624890542537e-01
-7.624851013278363676e-02
7.224380240970578182e-01
7.976420803305506180e-01
-7.235987944957720727e-03
1.828178176339539940e-03
-7.138304926457790245e-01
8.242460988760397234e-01
4.942366870177151150e-01
3.443825596396209998e-01
9.690611675537249559e-01
-2.621663576002624119e-01
1.285507993918227010e+00
-2.219348215390564705e-01
8.293334794667547305e-01
2.894941525111535130e-01
7.941305551667343643e-01
5.303535828619092563e-01
-3.079822431219100820e-02
-5.392608171004605877e-01
1.508574994802017954e+00
1.440226174058188757e+00
-1.839679236974900711e-01
6.523886899760044100e-01
7.753021081006535864e-01
9.604512339734755377e-01
9.907114072084560741e-01
1.158414911419169302e+00
9.901801341050375793e-01
1.443059770831401245e+00
9.917213197017560322e-01
1.729287790670917646e+00
1.040208371143890309e+00
1.492268586810623354e+00
1.832991127441088719e-01
-5.962190532100390961e-01
4.549400939706852443e-01
9.388696403991451112e-01
1.074126680850863602e+00
1.242201131377132922e-01
-4.806675138404836733e-02
5.191926947995113562e-01
-1.805454869694917142e-01
1.023556613729238451e+00
9.086979722931812220e-02
3.069990785161526015e-01
1.146667256283926628e+00
6.727155270150689814e-01
3.389300567313256740e-04
1.198444608887922758e-01
2.867821200113299662e-01
5.066358736708274080e-01
2.119806504669773606e+00
1.132136520398713708e+00
-6.931868119026908248e-01
1.479002959026048281e+00
2.119480090872740558e-02
8.143252792882962332e-01
-1.212402683963386407e-01
8.550791260298578056e-01
-5.188914958585827408e-01
9.130614476032509197e-01
-1.458350320206958095e-01
1.707618668278219953e+00
2.766299725106160512e-01
1.192535817458505454e+00
1.894973404232102865e-01
-1.462767284531819589e-01
8.820885778892850748e-01
1.257743585575126666e+00
2.227386334595962136e+00
2.370714974674687781e-01
4.662560719807876675e-01
1.033950578045448987e+00
1.127393841789387618e+00
1.690303988253690770e+00
2.198993102000475208e-02
6.091354914139519572e-01
6.005131240859037378e-01
-3.468525431840948081e-01
6.842583350086468841e-02
1.626159618032779308e+00
-1.019810667978348767e-01
1.464017646807914907e+00
1.175709201035324503e+00
1.050037997275091062e+00
9.995458197962189817e-02
1.084680915502760357e+00
-5.989029352418890895e-01
1.115607308306119982e+00
-1.192217190056640563e-01
6.746478857792037598e-02
1.221562773182471417e+00
8.303544172847171501e-01
-3.927419114966687608e-02
4.010165583769053632e-01
-8.138406897052630207e-02
7.219431249133128059e-01
1.176726869342349158e+00
-1.117258265989086397e+00
-6.663037151979098738e-01
4.479938320789167427e-01
-5.498773316411283973e-01
3.432376189541024303e-01
3.807840563681116341e-01
6.993798059575397907e-01
-4.789410304754265768e-01
5.160732765998599092e-01
3.252101000599564307e-01
-5.929218986249450152e-02
2.311572176933592571e-01
3.134192713521987694e-01
-1.612942316617232627e-02
1.396083687361291958e-01
1.292147007686428317e+00
8.812434800885473596e-01
-7.981542833276139559e-02
-3.482705967825248661e-01
1.098573270191595563e+00
1.283247039444158188e+00
5.612039723914704625e-01
1.107766214843853181e+00
6.279868710140149024e-02
5.478611802341177839e-01
7.713773081666068787e-01
-2.272583019288430817e-01
4.557742937071705969e-01
7.995765569154291708e-01
7.039047342673629970e-01
1.666193540950223095e+00
-5.040740076069416542e-01
-3.491013453164334424e-01
1.572449235790487787e+00
2.386546024777151942e-01
1.274111346309484194e+00
6.718718988331487951e-01
4.230262064834667823e-01
1.038321529922274333e+00
2.264443216459405550e-01
8.162127860056160866e-01
-2.588884412630983456e-01
-6.056228316282263879e-01
7.636952783960270219e-01
4.708508147856015347e-01
1.234226652042923061e-01
1.062073573755675016e+00
1.146918435137829873e+00
-6.649430961984391653e-01
3.153886942227041024e-01
1.375178916658705841e+00
-1.809689997789044047e-01
9.707794034003665029e-01
1.679731668241680520e+00
3.630480036128500565e-01
4.065965616460655019e-01
1.240382608344683169e+00
-1.222157227258010154e-01
8.322089205691149960e-01
7.932570834207317567e-01
1.742802144243642770e+00
1.290837143943091458e+00
2.645514636941319053e-01
1.444981887150160321e-02
1.375102861006870070e+00
-3.661442981210736858e-01
4.228639208207571332e-01
1.268264032321835336e-02
9.958305998693005590e-01
2.092113853261263312e+00
1.150699877244372171e+00
1.512164419870980492e+00
5.663258722751973728e-02
1.608476506585139187e+00
5.927074459671048956e-01
1.640484483303065621e+00
4.167252606834408457e-01
-1.014475148460614928e+00
1.177278932462257455e+00
1.073423590210268674e+00
7.274980008892974193e-02
1.244969590630973649e-01
7.070209690495705690e-01
1.009933214513633604e-01
8.379257597877445285e-01
1.142792017220519041e+00
5.968387976487388169e-01
8.794762430791925878e-01
1.396969712742268666e+00
2.328612367730903132e-01
9.525142820582138681e-01
-2.064070140236641537e-01
1.504734310347117798e+00
2.246615747847109823e+00
1.434580963409906929e+00
7.524181639247148889e-02
2.484594298076625019e-01
2.387452675437863603e-01
1.210000866912034484e-03
1.183043141848288682e-01
-5.783462967366066465e-01
9.559072141573439207e-01
4.600613794943714252e-01
7.437772991545315016e-01
-9.848710235712603289e-01
1.190380014467000036e+00
-6.359880968743965302e-02
9.181816073458629601e-01
-4.299777212607335253e-01
3.310135608584341416e-02
1.338540668128217925e+00
5.438828843297837112e-01
1.026750927254166168e+00
6.455232390882713611e-01
6.092335267852975189e-01
2.901621693445533001e-01
-2.657517556353206634e-01
4.036799902161611331e-01
-3.442239599014401130e-01
2.373254910790824623e-01
-7.497953138160031727e-01
-2.020143927213754464e-01
1.017719376451487800e+00
6.467624819359101274e-01
-1.557096771112204403e-01
8.851202315340861437e-01
1.014444368257573670e+00
1.744281555107016213e-01
-2.689253334736325662e-01
-9.900080339887104008e-01
-4.614932705028241822e-01
1.947816950871124053e-01
-5.858641244675019122e-01
1.596469997804530028e+00
1.600856741858818211e-01
8.887180178749751192e-02
5.852132174095658890e-01
-4.810557508076451771e-02
1.042859908113772383e+00
1.072295118375624773e-01
-2.892469593730859767e-01
5.340347599144947000e-02
8.069083435406269045e-01
1.731947088276656110e+00
-3.698945715313332050e-01
-8.645538765735649722e-03
6.974824153291074857e-01
-1.289198851459586459e-01
3.939346661077054446e-01
-1.488111414871721716e-01
5.424137531199768603e-01
1.544990661398673693e+00
1.125745233244782151e+00
-6.731059108298073079e-01
1.091016928120086327e+00
1.022395626179894101e+00
1.225810127862398957e+00
2.747201922072924907e-01
1.210078661539655043e+00
-1.495282384572991230e-01
7.049921462999779731e-01
1.978833441377581270e-01
1.708196152831200409e+00
1.035272426808917512e+00
1.426251989466301273e+00
1.258740949724586278e+00
1.232415553737010283e+00
-3.685189179200943355e-01
9.336681875103998163e-01
1.897257753510770972e-01
8.010641444598405325e-01
-2.454361589708665969e-01
1.222340011606529497e+00
1.301658959206232646e+00
7.498548168366973854e-03
2.981911811950465063e-01
6.482588653018434011e-01
4.604052568055505557e-01
5.596099207606287651e-01
1.930222454181506286e+00
1.996154725013346842e-01
-4.567761719089386552e-01
8.795918459482900964e-01
5.688231061739272842e-01
5.407988391293518937e-01
1.090189075735921720e-01
8.852788312795416559e-01
1.234571515243541473e+00
1.025235318287053499e+00
1.270441643374849994e+00
-3.352918664083961442e-01
6.088565989151264457e-01
1.309112306882315169e+00
7.660657219520783379e-01
2.538707914235098229e-01
2.384832792754294772e-01
1.563658205243648736e+00
-1.365612002568471206e-01
6.415133661592774261e-02
2.549343994076153086e-01
-1.905811159685927292e-01
8.713921441574649096e-01
1.000220904228098506e+00
7.145718541803101065e-01
4.107761906973831367e-01
1.040196383565150207e+00
-7.347257739466772630e-02
2.805079357239122495e-01
7.837235150819779061e-01
4.577125423872840382e-01
-4.020310391074050638e-01
-2.211764149019243009e-01
6.475629109586265031e-01
1.239086304255143656e+00
1.089221454239386766e+00
1.218350989518166561e+00
-7.669426473272994427e-01
6.441504567886277011e-01
1.236345205900845068e+00
-8.252081694507856779e-01
-3.878530132405201281e-01
3.923120299951287637e-01
-1.071597190421000462e-01
1.220178978954441718e+00
6.428160267723894705e-01
-3.732104290094050841e-02
-8.341340456176645768e-01
1.508227082518386775e+00
1.143381909106716110e+00
-3.754843300231226061e-02
-1.420671429698254495e-01
7.308515804548425532e-01
1.436924879661400922e+00
7.991345197315982141e-01
3.748247640873114128e-01
-9.227745475086814031e-02
3.452305249049566482e-01
1.956071188184917986e-01
2.821790307552435317e-02
-2.164308961496160533e-01
8.876021707380368220e-01
6.672325891376534868e-01
1.184628755271988521e+00
9.522932675482151943e-01
1.538959414912159374e-01
7.124012904926189105e-01
-4.085855103752600304e-01
5.929255129659879442e-01
8.089044075330803496e-01
5.214388716149118697e-01
6.064784008908453705e-01
-3.816899685912534257e-01
1.862063646960997687e+00
5.251780308633996475e-02
1.229907658611541610e+00
-2.014975465493821505e-01
1.565654995608592448e-01
-2.843954204200249136e-01
1.459988334541202581e+00
-3.053588908846689431e-01
8.356476843225087991e-01
4.681005426975690664e-01
7.356820217188508870e-01
1.498450582682422927e-01
4.203570871076609677e-02
-5.479156394221471604e-01
1.326842436767504463e+00
8.162247741543766921e-02
3.680481762343402741e-01
1.210222714081281570e+00
9.951597389185957987e-02
1.024594520803075115e+00
3.695678180772474231e-01
2.450130759304777195e-01
-5.524010038635517317e-01
-4.773892109847412413e-01
7.163979895259793285e-01
8.243352183750520812e-01
7.066718615385808588e-02
-3.858362922405741968e-01
5.907577826845721303e-01
5.886885249945935650e-01
1.689258995476251579e+00
-1.675236244167271349e-01
1.337497472273016852e+00
6.069860681322825080e-01
1.432230881742827755e+00
1.297973413338837867e+00
1.025174496138483660e+00
1.592791098236395975e+00
-1.459726240557812638e-01
9.548800329141446941e-01
1.381268724323567509e+00
1.881052222988662148e+00
1.528849642783370877e+00
3.684532137407944274e-01
5.413516327372755454e-02
6.434216986743054312e-01
-1.444157635300488685e-02
-3.608659626560327682e-01
-2.105024013179616904e-02
1.796536065979689401e+00
5.358711506363085242e-01
3.184232723866192716e-01
6.714260075050618726e-01
1.243319342879614653e-01
1.438712506005258573e+00
-3.172207395158838650e-01
1.122976581870946067e+00
-5.491850856766787858e-01
3.890346143745565533e-01
4.164705053568110160e-02
1.035325372275595956e+00
-2.010916198557311796e-01
-7.282058343862779504e-04
2.693090661331988822e-01
-5.666987733938337879e-01
1.178735094136719619e+00
9.099361550949234267e-01
-2.702750840589956960e-01
9.412883773120126474e-01
1.701665428738891706e+00
1.579404268454249971e+00
1.724783046985430834e+00
4.349438886160819639e-01
4.159551434655803792e-01
9.576521740156017648e-01
3.499881511664625910e-01
8.623860382216960163e-01
2.389577505582147487e-01
-2.920674683901230972e-01
2.754284771917160368e-01
-8.135569821528332302e-01
8.098068284323957089e-01
-2.873103282025313288e-01
6.013080419917092856e-01
-3.559715309101165182e-01
5.128292703630551452e-01
5.134792631630756832e-01
5.723586621050649192e-01
1.093195635031566804e+00
8.326057350325458128e-02
-1.421676812918258870e-01
3.743687740182494172e-01
-2.804786464174483518e-01
5.583894438658748571e-01
2.166747783961800178e-01
7.964743138006917800e-01
5.269706324148917265e-01
-1.623638641476404243e-01
8.029303752737223521e-01
1.933338299581936592e+00
1.304013390627271507e+00
9.772539616426453302e-01
-3.002326742379394231e-01
5.599049830491942270e-01
2.285494984453104728e-01
1.292338210995823022e+00
-1.601422522110267366e-01
-2.153916226960144731e-01
7.009035808685921687e-01
1.450383585767730743e+00
1.037239252918366494e+00
5.944928209616362480e-01
-1.460585543185317636e-01
6.916807850475896746e-01
5.681670227792182115e-02
2.201546832053509484e-01
7.602793562544306605e-01
-2.037814719513514061e-01
1.266904153652849141e+00
3.512330256167369713e-01
1.946971569673680846e-01
1.422065774921478898e+00
2.363968195491836233e-02
1.992273500093723615e-01
-1.748869888604805481e-02
-3.048647592381735216e-01
-2.229662844169836289e-01
9.917146180078434403e-01
4.875602109862372524e-01
1.095828761780147653e+00
1.606103621693233841e+00
-1.230751015926618397e+00
-9.329224605434899287e-02
1.043162335402890273e+00
1.025874240593786624e+00
1.270840216195615602e+00
7.339815551591206688e-01
-3.237030003830758673e-01
1.607761721236251828e+00
7.405766939328430887e-01
5.274373295389255256e-01
8.667940935669699032e-01
-2.465758706533011102e-03
1.279156610525359783e+00
1.361455880886220271e+00
-3.173850785013904163e-01
1.120489327010468772e+00
-1.043774115561190569e-01
2.780580918429718107e-01
5.454989315233561564e-01
1.613513301713947579e+00
-9.440641628744073088e-02
1.209292521021501310e+00
2.613285681075867561e-01
1.188107827293836349e+00
7.933655783698365660e-01
1.506316982136929550e+00
3.854972446694234223e-01
6.163295089644175162e-01
-1.312808817606929968e-01
4.785020356571434430e-01
5.407618553158071162e-01
4.888927466569999158e-02
1.584217052519021784e+00
1.329577228844468051e+00
4.299575597222906609e-01
-2.584533529304646748e-01
4.180093463577987389e-01
-1.361139517653879027e-01
8.953581274126916068e-01
5.024508208378999363e-01
9.970475669901508464e-01
2.019768016512929754e-01
1.744721190001790712e+00
1.403964734169588890e+00
7.719537712377536609e-01
1.042697588734151415e+00
6.706390649902520540e-01
2.084051546200572647e-01
8.579075300545009330e-01
1.227321178516290079e+00
-3.614645355596439180e-01
1.251099849511633222e-01
1.690372141875805312e+00
5.053904796604276051e-01
1.016636170575097697e+00
9.096394754367898017e-01
-2.583353192518466068e-01
1.470989299033614417e+00
1.885600322947359464e+00
1.093611062177489046e+00
-2.295844118002339507e-01
1.718215325002177218e+00
-7.083037392481590644e-02
3.960591862117247008e-01
5.099208472395774239e-01
-7.118366466829880723e-01
5.882653806104737315e-02
-4.821777780328657670e-01
5.474992581898926458e-01
5.628243382561788355e-01
1.117181533602405047e-01
-3.500748068989194550e-01
2.315600328338010550e-01
2.644566286176337488e-01
6.766941581473040479e-01
3.548675847010536177e-01
9.607112834159903247e-01
9.974455049502022330e-01
1.683572924663861770e+00
-1.214506952029527354e-01
9.095171972968947305e-01
1.770373033910663807e-01
7.750068034206167855e-01
4.409589393151725489e-01
4.001929098461011192e-01
8.791936646520565057e-01
-2.640949301759876744e-01
8.978186433660626520e-01
-9.130333825810842130e-02
-1.877579556414196993e-01
5.853613592816829803e-01
4.089130697569658413e-01
4.661538583659268209e-01
1.288608551058354701e+00
-6.582503019653823673e-01
1.026162367107207540e+00
1.271731072378120109e+00
1.132606964534978777e+00
5.097279587910097387e-01
1.400695461210357262e-01
1.412822609011504138e+00
-2.579439857827847127e-01
5.452675060946658991e-01
-3.346105988802701159e-01
5.782726311588366475e-01
6.214993621418812841e-01
-3.703482846500962683e-02
7.859914126587748129e-01
1.729506994939462805e+00
-1.593041136360950905e-01
1.341878860764451842e+00
1.562771308436583961e+00
-8.999752627105299663e-01
1.628169661442014693e+00
-5.503203957546193292e-01
9.523327780481056770e-01
5.801609514664226586e-01
5.181099538990436848e-01
-6.404503306203345181e-01
1.274894054322937675e+00
-4.753074353616529302e-01
5.858576403520032727e-01
2.106518548377000200e-01
1.630160974698016574e+00
4.517085317769595210e-01
1.666195484279518801e+00
-6.143858912471931999e-02
-7.098486108411742462e-03
5.336970406711081388e-02
1.066027846822807268e+00
5.638532782606485716e-01
4.215872039644723984e-02
-1.935230048705140482e-01
5.032398501139058178e-01
1.585717619525156774e+00
1.192392399698260830e+00
3.309845906996684572e-01
1.312570143252489441e+00
-2.094605687717581433e-01
1.192830820925337543e+00
-1.855368503780420453e-01
1.198810274776329843e+00
5.395231084771197061e-01
1.419522116899466058e+00
3.309542651490171017e-01
5.323622182574344608e-01
-3.841618436836064521e-01
3.437325613556111992e-01
-2.997717942114538903e-01
1.911223296052854681e-01
1.180380997245646935e+00
2.707167683520068091e-01
8.355070958202726050e-01
4.742922304120763405e-02
-4.162080123545014443e-01
4.762345780909952864e-01
9.342369182254842697e-01
2.606646949213416165e-02
2.715049439162288691e-01
4.545595780927377261e-01
4.257250334927511481e-01
2.362041463188106760e-01
6.146339654307751976e-01
-9.690312259237027215e-02
2.759983849160139169e-01
7.758124767536962452e-01
2.438571278695701727e-02
-3.245675400729537419e-01
1.076574110415546182e+00
1.238819233270625153e+00
1.182707897581573908e+00
1.093199911448716755e+00
6.422969661741344538e-01
7.463952754239155940e-01
-9.566171068453749315e-02
5.815049110405692279e-01
3.886139221280604517e-01
6.306886205184497607e-01
-5.160590032358308710e-01
1.069147600245881513e+00
1.721702652320708515e-01
-4.451706405837251301e-01
1.149653045140809793e+00
1.471117852348305055e+00
-1.738197229589309029e-02
-1.917748842368377782e-01
-6.790076037280734500e-02
5.319464560125563429e-02
6.818552035831201286e-01
-3.916247582954869855e-01
-2.617600300616234055e-01
3.301254766581794842e-01
7.000373891098236045e-01
-8.250481463298997564e-01
2.901181609439985598e-01
-1.308122792506999366e-01
1.820303805276808906e-01
1.497378216088642633e+00
1.139818249783774551e+00
3.823600019035864328e-01
9.032909463335417888e-01
1.746898448774679036e+00
1.563726730545193178e+00
1.199134274811172185e+00
1.182414801797593007e-01
1.421784513563473018e+00
-1.645757149596733804e-01
5.123483514043929432e-01
9.462152588643458762e-01
1.240852680279659559e+00
7.334142747629326942e-02
1.231157522341768784e+00
1.251265185313657491e-01
4.579786345061829245e-01
3.364893373087107786e-01
2.873463513475757458e-01
4.731377872023492803e-01
1.205922864591399302e+00
1.219384387794147484e+00
-9.437210116951263994e-02
4.419723697977545607e-01
1.004747304476578895e+00
1.118243890574911470e+00
1.726376792607881461e+00
4.129683052438654633e-01
5.948798666701764493e-01
3.204978621891415025e-01
1.593218871538084835e+00
1.442161190685873062e-01
-1.049403259871445337e-01
-5.801051226138892458e-02
1.862237829478114726e-01
7.051409910080784771e-01
-6.763256713984986401e-01
2.058454438633976480e-01
1.595971188315303824e-01
-1.153036835820298173e-01
1.071784662335825589e+00
1.447452644913650444e+00
1.296818438570693788e+00
7.688342271982641085e-01
7.060111141585319050e-01
-3.458109115435017977e-01
7.833497892167814447e-01
-6.583843195430232331e-01
6.043932093034926067e-01
4.491962098452161323e-01
2.011644738882875760e+00
7.836802580739593571e-01
3.668699651684568797e-01
2.987570775042175386e-01
4.684234267967676280e-01
1.212924298205160678e+00
3.393654921328747021e-01
1.106195607816407689e+00
8.378585844186452469e-01
7.336539747426549241e-01
8.861899692073396118e-01
7.287251248931547742e-01
-5.578525036844858009e-01
1.014162753466793410e+00
1.423615471478042904e+00
8.794675576013126772e-01
2.111066007093424790e-01
-5.412854451747836082e-01
1.864598171756056466e+00
5.063940380228069971e-02
9.766016835370425753e-01
-2.244104775951732966e-01
1.324798665980160717e+00
-3.200844102943829067e-02
1.189442224011282745e+00
7.567909155019121314e-01
-3.858691571026561240e-01
1.603390209508169351e+00
-7.319839452485666920e-01
-9.376241877722559792e-01
-5.132392951134074899e-01
1.948210746718904707e-01
1.842775666322863604e+00
4.721679541469736008e-01
5.954055875061522451e-01
-4.276295487565680564e-01
3.637821539451674968e-01
2.240521751066015366e+00
-2.492768486469425782e-01
3.299108182129438793e-01
1.041018362246401707e-01
5.096123865899825356e-01
1.006810999979392163e+00
1.206318194954752121e+00
-3.482661196657337033e-02
1.253501888228427896e+00
5.904172694087159723e-01
-4.135148569909457006e-01
1.057929207038719399e+00
2.544020082332025257e-01
1.017896860101859202e+00
1.385315604741202522e+00
1.073233157215174094e+00
1.177734627248598481e-01
-4.654812517460344967e-01
8.708608375187177897e-01
2.397834696501835103e-03
-1.086956162381201851e+00
5.426380077710294403e-01
1.272058989090833592e+00
8.775135903600290721e-01
-1.231746543953834566e-01
6.294253374747963425e-01
1.365530228033537963e-01
9.908210800299563914e-01
1.717656919890036438e+00
9.997089276620020337e-01
5.392852301960483485e-01
1.020257759949203757e+00
1.118707203098877390e+00
1.516929878545135724e+00
1.278347873043215177e+00
8.191090354652250660e-01
4.520992241746950580e-01
6.727260279162033951e-01
1.311240095770899616e+00
-9.061676309716447664e-01
1.023069233110565968e+00
-1.177127157622660930e-01
1.485894588802734173e+00
-1.340409988587431656e+00
6.226760327777813853e-01
3.998258906417857528e-01
2.058690668364616116e-01
1.644718579091623001e+00
-2.396821472137927178e-01
1.086243281226455082e+00
1.668012779442940685e+00
3.703391579680591073e-01
1.415911251217175648e+00
1.265249959907618349e+00
-2.301721753463257247e-01
1.872576963821377172e+00
-2.233269275891729966e-01
1.363391747813816612e-01
-4.228801689949170384e-01
8.622346024305022061e-01
-1.204335791707269315e-01
-3.456187883737906752e-01
-7.953959464280730973e-01
-7.111574497974762488e-02
-6.154072691448218002e-01
7.416891199300077453e-01
1.785606023676960863e+00
1.039696091340132522e+00
1.466191926644930588e+00
-5.102545058443362924e-01
-6.987649479557268561e-01
1.166180659463464525e-01
1.068110811017401574e+00
8.837176013512595407e-01
-7.008872892771815799e-01
3.960802465113856252e-01
8.184273577698109037e-01
3.678451044112496238e-02
1.521396528238839529e+00
2.500065183332350616e-01
9.847883522271753121e-01
6.487213171964389957e-01
2.656303621186543729e-01
8.257163822524496988e-01
-3.315856076467711411e-01
8.755999309467944469e-01
1.718217740294859519e-01
7.763131471920664550e-01
-2.470230504758112733e-01
-8.426158030465268067e-02
7.120853520230367995e-01
1.022374135151681990e-01
-9.087790055629824115e-01
7.036708475795534490e-01
4.933226650850098260e-01
1.199523244909855846e+00
-6.182033335190449952e-01
1.223119839091992622e+00
4.544772120959670314e-01
-7.339422266689654695e-01
1.397076444480525925e+00
1.189049687958407597e+00
9.796183167750117660e-01
-7.153398007279394843e-02
3.140949346133951048e-01
1.192869323746208465e+00
-6.460091434702526225e-01
6.037430737385479640e-01
1.792367538016355732e+00
1.435530793594634646e+00
1.029306111410542401e+00
2.358771844608245627e-01
-4.957228357164368271e-01
-1.064453888347328403e-01
1.146821576765718387e+00
5.716976257276495943e-01
2.205068027093387339e+00
1.296915337015077219e+00
2.818382055679951106e-02
-9.156253153956334101e-01
8.888931356269715867e-01
8.418734059031092176e-01
4.392744641477500100e-01
8.431369095840839378e-01
5.396815979148814613e-01
1.110974324038800365e+00
9.058901561629638666e-01
7.839024046605314044e-02
-3.107692197404808288e-01
-1.164375497050932073e-01
5.368493132702997217e-01
5.216358274094984315e-01
6.148405049689844443e-02
-1.283644761742095408e-01
1.726262650259369202e-01
1.927530741891304578e-01
1.028811786449946641e+00
1.020136921356941562e+00
1.724038981229198686e-01
8.867458146852751355e-01
3.819501381750365493e-02
-7.382212170431767806e-01
1.031049753517618628e+00
8.210884394675450615e-01
-8.714581885128873662e-01
-9.565016233776023613e-01
2.790858282201090224e-01
6.894950291270031117e-01
6.929955388124997562e-01
1.586046830678357278e+00
8.770967634420395731e-01
1.135104780141254155e+00
4.919117352285571343e-01
4.440695992960093097e-01
7.058239658536371586e-01
-2.357899886620226926e-01
-5.023446830140333025e-02
-5.850553331940554214e-02
4.564623883973266405e-02
-9.389691887519122648e-01
-2.253452598962375486e-01
1.673035934570653138e+00
2.769413558134420916e-01
1.050190911889818501e+00
1.266210061485446126e+00
3.865457961768872241e-01
-3.050923243772661886e-01
1.065199072042887884e+00
6.617128849531294099e-01
6.795607522571222026e-01
9.392554088962210557e-01
-4.232141336389395880e-02
1.011085401731150579e+00
-3.670209650151660674e-01
7.164797530563105088e-01
-2.508640569754801430e-01
1.315490905435973801e+00
1.291730175196071917e+00
6.263152411996140978e-02
1.059843901718986015e+00
1.621875733318250523e+00
8.042424141429656004e-01
3.787979028731173758e-01
1.464691611778975888e+00
1.522654902497998231e-01
5.016890400550999551e-01
1.149234758496275655e+00
9.896851141117521955e-01
-2.182759959461448296e-01
-1.848473678249533403e-01
-9.895975700105887063e-02
4.810447486143838991e-01
7.960262576891967701e-01
1.272664013444549935e+00
8.987605235995193009e-01
1.257429992797937324e+00
3.594197033036860001e-01
9.466254686503712268e-01
8.405232935895038393e-01
5.228136781568509805e-01
3.385165169906100835e-01
3.513112158751402481e-01
7.148968024121238329e-01
-3.051843862978339539e-01
1.288946609201301552e+00
6.815415132727697944e-01
2.304829587919451916e-01
1.443060403984069984e+00
-6.319674701342975487e-01
7.201648107754730910e-02
9.516281923964007294e-01
1.130529332576559520e+00
1.385294317279553988e+00
1.227732548279167002e+00
1.360258964535179693e+00
-4.025357474704329697e-01
5.465605279397250937e-01
1.091576128789959244e+00
5.421077440836592487e-01
6.269498120371961303e-01
1.142058241195279322e+00
2.265954940952783492e-01
1.337027179035449542e+00
7.736345149468315530e-01
1.171472242444397072e+00
9.035251821078410517e-01
7.961608081424947914e-01
6.929863948511618688e-01
-1.553435389758152374e-01
1.667786248029899721e+00
-3.469945949152933307e-01
8.149380356432236461e-01
7.968497575506408581e-02
8.109992728192144673e-01
9.081476651255022681e-01
4.370546447563204706e-02
-6.363354106459614967e-02
1.346033671791348363e+00
1.387703604205600350e+00
-3.625406649136900805e-01
7.040476670053545938e-01
1.465901375441229781e+00
5.536764101463036436e-01
7.034763799299107445e-01
3.296235488603923430e-02
1.068898855627194333e+00
9.237371291690388286e-01
9.335741833537629653e-01
8.425319432630640204e-01
3.015998456890365276e-01
1.368168641801039920e+00
1.247327178648670459e-01
-9.553963851898895632e-01
6.556522127329040828e-01
1.457169773903047361e+00
-2.074996004517505321e-01
-7.846526230616494013e-01
-5.572893743209717671e-02
9.235223456095242867e-01
8.243884920893674861e-01
-8.179465149628331599e-02
4.554510578780127661e-01
8.006649230455712418e-01
3.805395015380208523e-01
9.166163114274566981e-01
9.655403708823052655e-01
-4.228787664507631106e-01
3.228409602102439435e-01
2.121122837832525865e-01
1.744485938430679478e-02
6.794202615805791101e-01
-4.406253375257913885e-02
8.680445458591097285e-01
6.733373084173635004e-01
1.136126828955303703e+00
7.362207580473212332e-01
8.957440248081989520e-03
2.965937780197277496e-01
-3.143826829228691944e-01
4.602994581583619849e-01
3.639135501690967112e-01
2.482784143360315388e-01
5.812302187954019317e-01
1.454094222581839291e-01
1.095348014874627962e+00
1.080978232976273157e+00
1.326889809653152730e+00
5.058215688881927408e-01
-1.543367812607104317e-01
5.971110983674553507e-01
3.972987419821659150e-01
7.282329832957435967e-01
4.008847222070437422e-01
2.513962803844991822e-01
1.051505040304678840e+00
7.925203875388582286e-01
-9.063113206084343343e-01
4.006814032065818543e-01
-1.377254474134147894e-02
1.798101623649591918e+00
1.248620584357768848e-01
-5.530913454996322365e-01
1.377726913629696570e+00
7.759800630971126489e-01
2.573966430690087792e-01
1.118327192018089722e+00
5.449281446142053564e-01
6.376929522921516158e-01
3.025264719593026008e-01
5.067263536992098194e-01
3.250731066110328915e-01
1.302243573222099604e+00
2.773108079245593105e-01
7.538501536271356995e-01
9.733886352856597757e-01
5.660106153299432341e-01
1.532087766676180074e-01
1.288383494173140909e-01
3.667733180862340903e-01
-3.870419913677767276e-01
-5.565216233765372250e-02
8.122978009746764094e-01
6.213654864496573893e-01
7.602457414047766315e-01
3.824500806571078937e-01
1.474278551457309516e-01
6.420452977088439983e-01
6.893314921346085922e-02
6.279847839284511402e-01
4.522481428831458539e-01
3.612749270412106695e-01
8.900785958719923396e-01
3.882541919875313885e-02
8.826414719497568395e-01
-4.456725877796995916e-01
1.100029959813714653e+00
1.232134993201680490e-01
-4.965881476638619452e-01
-1.554066028079515160e-01
8.650946643789689805e-01
-2.774318267361152168e-01
-6.909517392782642542e-01
5.651712299154924013e-01
1.770446741728320672e-01
-7.882904514920940908e-02
1.565027964251740622e-01
1.864608612145516986e+00
1.084861496758019461e+00
1.980216836455776230e-01
2.619722730061218585e-01
4.864157675945118275e-01
3.195508373774562649e-01
-1.823052488098406421e-01
8.461988099626041038e-01
1.542655264221236111e+00
9.608867414540307461e-01
1.585942029174220558e+00
4.723073285621092743e-01
7.616532978767055484e-01
8.569638549442443187e-01
-5.031149862890341717e-01
1.891621963447259747e-01
1.016241064329117316e+00
5.011839279367011901e-01
2.471554407671663900e-01
5.496924179306443836e-01
3.763611239597037805e-01
2.142890628386684870e+00
2.167311948200297822e-01
7.198591398234706340e-03
1.024770245807818947e+00
3.474605975617228726e-01
8.650699802811738781e-01
1.217435415311963975e+00
4.164008002520742241e-02
1.187519093447473084e+00
1.916493005349814371e+00
3.900935929750111164e-01
1.221209438904840461e+00
1.013525390619183786e-01
-5.204781268908624803e-01
4.101282444400815019e-01
1.695023431730855179e-01
7.028472938329187736e-01
-7.825553687509809730e-01
-9.098224014265018922e-02
-1.864253043927519005e-01
8.109115840409859555e-01
1.364570477440069540e+00
-3.600003969487500233e-01
5.462571258068044111e-01
7.069718730597820966e-02
2.260631652491736365e-01
2.706152728905850818e-02
7.304839946736250145e-01
1.623730530447472509e+00
5.702177381476031259e-01
3.083148271663845863e-01
8.722154585561943119e-01
9.056139087351254835e-01
-4.775587368019834633e-02
8.489207852782497676e-01
7.677397328059809567e-02
1.399816543177984762e+00
6.943215379876815918e-01
-6.610950970669281224e-02
1.497634660029276255e+00
-4.148852096527019806e-01
-3.647413297440039726e-01
-8.385941824560710911e-02
-7.283767842263751957e-01
1.481308178457759306e+00
2.867455919513974272e-01
7.235066440348495442e-01
8.621139658573457876e-01
8.261043175560478513e-02
3.184745755476277029e-01
7.849320187252804004e-01
1.653527646707892096e+00
-3.220885069244404098e-01
7.696452236138398018e-01
7.510727885199218745e-01
9.126594654973038123e-01
5.070010641426554443e-01
8.131301085481985602e-01
1.030765529529533431e-01
6.788726304537108236e-01
1.100077488983417506e+00
5.226168125773231754e-01
6.250996430988848829e-01
1.563866680699865785e-01
6.429655610242743236e-02
-3.734936808030428490e-01
3.486838879855996276e-01
-1.708225054977149590e-02
1.380725321209198109e+00
5.378052291890264014e-01
1.071623594273277025e+00
-4.046595564363425490e-02
8.963270466236855638e-01
-3.409383233429841842e-01
-6.572018336647227343e-01
-5.370252892222192598e-01
4.076105656724356430e-01
6.847066232174860989e-01
2.625065714616285906e-01
-8.956879366949408450e-01
2.367419622883595309e-01
8.653719139154698592e-01
5.006932886423834939e-01
1.173363212732639882e+00
7.530290960493983832e-01
9.386056626732852681e-02
1.435506037064332163e-01
6.264243150892631062e-01
-1.740198303428555082e-01
1.064718481127574945e+00
-7.098388961348875981e-01
-4.056708023472872515e-01
1.209021141854905723e+00
7.277380586256130268e-01
6.505639825513978014e-01
1.550967609550421900e+00
-8.399121781633597794e-02
2.776322875800479317e-01
5.485856648384356271e-01
3.608366649263095027e-01
-4.999703800047889390e-01
1.037040671745335096e+00
4.457756450234483525e-01
2.441041385994668911e-01
1.654381642407887654e+00
1.166256984894907811e+00
4.571299355009393883e-01
3.969984919930122924e-01
5.795730214839923677e-01
2.433295738739857661e-01
6.807619518547797233e-01
6.990038271562635241e-01
-5.620406714147941907e-01
9.361162068003846537e-01
9.211205036905142363e-01
1.300643691666498736e+00
-5.246109601547885859e-01
9.635678730577396101e-01
-5.187551925055262636e-01
1.969398988602024669e-01
-1.469322553974903023e-01
2.380858193106513421e-01
-4.278721204662216948e-01
7.883885192867241543e-01
1.607530123054711435e+00
9.544153108407030794e-01
1.242401316478479067e+00
1.077762691768881176e+00
1.222460344864596316e+00
1.383363436684842629e+00
1.695436644961703654e-03
-1.966005655099651028e-01
1.574207548646711530e+00
1.195466930049724485e+00
1.687047527402209868e+00
4.411576098323094497e-01
1.151060761124902632e+00
1.112589968635095961e-01
1.071471191246758936e+00
5.324374688584013193e-02
-7.401671022116760312e-01
2.516242495397806422e+00
7.542390732204787285e-02
6.278938042615477000e-02
8.866611579387126962e-01
5.087650050009438762e-02
9.397674259010243558e-01
2.106412481014111604e-01
7.954582201089227533e-01
3.398685214231076945e-01
1.012287143262732947e+00
1.508055686672551687e-01
-1.473459591249161593e-01
1.112331330340355917e+00
7.640785063791212250e-01
1.078191087940848225e-01
1.328782075666395501e+00
1.047100679483339736e+00
6.627223050986732478e-01
7.597460409951068971e-01
4.546910850879641308e-01
-1.103481086733362204e+00
-2.634310170443414367e-02
-6.107137197474392654e-01
1.340246370848263702e-01
1.770727838056304737e+00
7.522051121909190119e-01
7.223209432037639433e-01
-9.167624098694593382e-01
-4.604659738707688743e-01
1.210761220285470730e+00
1.514972185994365450e+00
6.584726828035844526e-02
1.136159863954972593e+00
5.915834036118365891e-01
9.629044886050040775e-02
6.630011886779660912e-01
-1.403931255524729083e-02
1.117801895514363597e+00
4.397366222843077099e-01
-7.048225297930328370e-01
-5.031573018558467281e-01
8.099848293377785724e-02
9.868101888582327952e-01
5.972164396878922865e-01
7.434821301935627957e-01
1.072085613149363459e+00
-1.423470636854808902e-01
3.789736442868786304e-01
3.786883854527947069e-01
6.252985042032178642e-01
-2.576109510237049038e-01
1.900097835065448715e+00
1.016507234322872266e+00
1.698973880624390920e-01
1.019091913561845225e-01
3.005625228805633431e-01
6.918767600463628931e-01
8.814719497186548347e-01
1.054349853795856440e+00
9.394132801650079134e-02
3.389451531820108499e-01
8.737835638498729907e-01
4.804567357325791321e-01
9.993338691705466736e-02
-4.137795321259974957e-01
1.678514110706954110e+00
-1.793574494550337628e-01
3.808675874609606660e-01
4.474411679601589809e-01
-3.612050780887934853e-01
8.694401111185353637e-01
1.122023967478900541e+00
1.020322915627229321e+00
6.794747890850638683e-01
8.780987024046139622e-01
-1.353149704677671095e-01
1.590061723389130988e+00
4.847177245474080798e-01
1.683779186583293230e-01
1.022996886956049956e+00
9.852359064005831168e-01
-4.197899217529358906e-01
9.066471765366387325e-01
1.633129279880117357e+00
7.508415531120078423e-01
6.730881357275719790e-01
9.969546516283098736e-01
4.558943790883638880e-01
1.438711433187697342e+00
1.566472753367474491e+00
-6.395253768537287886e-01
3.478407721331696068e-01
1.222915373032480019e-01
-2.795291707171503881e-01
9.342184507023546525e-01
-6.960821515693862427e-01
1.034270188588712003e+00
9.306410603719680319e-01
1.355561488093955491e+00
1.419044724690827763e+00
1.625409610215983180e+00
1.390965164705540769e+00
6.652856674946557858e-01
2.135135930041855978e-01
3.585592509697659858e-01
8.347821090448996895e-01
4.985562042062933186e-01
1.121380573667005054e+00
-2.210885976997398472e-01
1.000645439287792149e+00
3.597578660278131224e-01
8.986494779925563448e-01
1.109394756464989307e+00
-6.566631860794251985e-01
-9.084904195274512428e-01
-1.916086919854805004e-01
3.431992900262905710e-01
6.019952334493507140e-02
9.114339788161158751e-01
8.510597419551785281e-01
1.039565009280982277e+00
1.430811555969801363e+00
8.821080061087135382e-01
1.797940922949239573e+00
1.230716923814095365e+00
3.027369351448997437e-01
1.598183289330585177e+00
2.838837826970222467e-01
1.358150743927686754e+00
8.005459912571391001e-01
1.142118649997216906e+00
1.148642412725115358e+00
2.887442468654770056e-01
-2.831490440322155244e-01
2.524364250859000847e-01
6.008550387289184336e-01
9.010704864976278872e-01
3.885806964971683097e-01
-2.645732331444432539e-01
7.501773451619111466e-01
-1.441666949422742983e-01
1.362293825216776000e+00
-6.205552460336929421e-01
4.023581643422555754e-01
-6.855618839775048379e-01
3.223826819299709934e-01
9.615164260748394476e-01
1.574864475474016201e+00
-3.068651078951102340e-01
1.303673125190147442e+00
6.391480041865141848e-01
1.694994807262963032e+00
3.612454347839190727e-01
1.704712158143378620e+00
1.245580087722851642e-01
-9.079923452824886776e-02
4.632048130592238411e-01
-7.132577734877817988e-02
5.316042649712507950e-01
6.453497808523692703e-01
2.204710261636155355e+00
1.439118336163553558e+00
3.371470452345508018e-01
-1.122018952549391768e+00
8.112158368298861832e-01
-8.468003422417610393e-01
-6.949422380604681759e-01
1.963040728957046732e-01
3.942303439755915351e-01
-6.144371150017561289e-01
3.080786764354192381e-02
8.553654338069095475e-01
4.731712231478820696e-01
7.423690153525217550e-01
-9.183441812711047592e-02
-2.273849316778042973e-01
3.213454658854961177e-01
-4.520811343976992580e-01
1.249360393348524889e+00
4.806332595345169656e-01
5.840300223482689512e-01
4.673066618617307544e-01
4.920435965505016163e-01
-3.259119217793906426e-02
-5.764248886515683790e-01
-4.267500870739979191e-01
-6.334252530747619403e-01
-2.090344550952613623e-01
9.132647925218659868e-01
8.766465558871311403e-01
4.219404655225687112e-02
3.612070399898667517e-01
1.309959809557510457e+00
7.747410038611122207e-01
8.661041402000139167e-01
1.440173934151529611e+00
5.087920305413413946e-02
5.770398710051217739e-01
5.567575726425806337e-01
1.198523173851613610e-01
-3.789931559082973522e-02
2.003187591344069429e-01
1.178408556289658682e+00
9.571826940709240450e-01
1.005909875501732387e+00
-5.683369238431648096e-01
3.616600992916227386e-01
-5.772881172748086653e-01
1.698890307273567712e+00
5.789954269429972156e-01
1.415047599771292131e+00
7.664482235088486695e-01
2.991518142517986534e-01
6.005469266525784860e-02
1.039278633133350338e+00
-2.026093812755262458e-01
1.664478928820490866e-01
-3.668756247373696766e-01
1.280826464094779293e+00
1.149485642325877244e+00
1.983691069043146127e-01
9.926516052026640446e-01
1.270597383575781114e+00
1.201673964748104284e+00
1.896172217263776716e+00
8.765210757120962537e-01
2.502226069947760534e-01
-5.150654612229709217e-01
8.605844051739367506e-01
5.016397488261233883e-01
4.599109710996025502e-01
2.885777470139260781e-01
4.235791782538035899e-01
-2.047330750678142686e-01
4.948469212250860561e-01
6.874093302840181829e-01
6.663591195401685763e-01
6.058009864079459961e-01
1.042369360528012878e+00
2.117858612214235325e+00
2.733111710694260399e-01
8.588242899338609515e-01
1.635454079431495344e-01
-5.439636953977838862e-01
-1.088528853980559097e+00
1.851314301607454915e+00
1.820604687044964809e+00
5.044576862805072448e-01
-2.278385481862434392e-01
6.596326831818379033e-02
-2.415926606755006700e-01
-1.445140194257920133e-02
1.104149452509030738e+00
-6.023075771229124964e-01
1.051812043990250523e+00
1.994283575839024047e+00
1.046568696245858465e+00
1.354698761497045378e+00
2.533127298271419803e-01
1.547043315432161892e+00
3.132227104697900555e-01
6.608955229324238179e-01
6.720891840801403866e-03
2.026714976877057595e+00
2.177361051595409769e-01
-7.168253966686941592e-01
-3.954323404218673121e-01
1.717367583535913678e-01
7.956209187797039784e-01
-5.731678778372962801e-01
7.999094840828306907e-01
2.282226561020209710e-01
7.935394911879716240e-01
5.710632938402832037e-01
1.994963922881220597e+00
2.049627109251800083e-01
1.102934092077040518e+00
7.225370024759699694e-01
1.053508273684327534e+00
2.329431631731557484e-01
1.364498270351460318e+00
-6.439425761472843401e-01
-6.927748723181995638e-01
-2.765309451235958838e-01
1.377864474183132071e+00
-2.071762597651992666e-01
5.493806484296218651e-01
-2.557147051389291326e-03
2.144186538019535876e-02
1.703076052221642822e+00
-7.551119179670393589e-01
-3.641168537993051957e-01
6.356970721919840139e-01
-8.027858898729398618e-01
-3.404488909424478460e-01
4.028867134153994445e-01
5.103901349521533515e-01
4.942592977360342199e-01
4.655486085175686295e-01
1.557154567390973909e+00
1.550387878325604873e+00
-6.335308515740276647e-01
-3.213783488418854584e-02
3.714281254233800511e-01
7.452272932901269353e-01
1.025482652410614870e+00
1.223360690231033582e-01
9.277009993270055599e-01
-7.108199916965489695e-01
4.335417617547077107e-01
8.830565704049753162e-01
-1.241871831583148539e-01
-3.780635863642060057e-01
1.061652703066086278e+00
1.496164729543696614e+00
1.274103333742802713e+00
8.629621752629611925e-03
3.096443753648110420e-01
2.610164069647394891e-01
1.007325446200347585e+00
2.765819622063354633e-01
-1.458070165984108602e-02
1.828839612717082064e+00
-8.929991689952815337e-03
-3.612538952850368745e-01
4.350902107716470013e-01
7.597448015496206519e-01
6.474574362895797464e-01
1.364198706644021986e+00
-6.790440055080221304e-02
6.389218187609320143e-01
1.009919349378273212e+00
3.558634525250137237e-01
3.202995386342299411e-01
8.769061282856362993e-01
2.060167173573108634e-01
-5.060663805820648786e-01
7.371486542050269541e-01
2.000863545147145151e-01
-1.873818316187105815e-01
7.596202800587996684e-01
1.788461695800728779e-01
1.140958408842020211e-02
1.722418719644708052e+00
7.823411778769764346e-01
-2.373113850215154419e-01
1.035732246726690065e+00
8.204865374884421358e-01
-1.703721716640263228e-01
3.877680874321656201e-01
1.312138213075033644e-01
8.092981051233751888e-01
7.259333682793489562e-01
-1.064967969322963837e-01
5.618147508218861441e-01
-2.751601389958774901e-01
1.610489846321612406e+00
-2.408985787639235654e-01
3.211088055408644060e-01
1.020062908212145736e+00
1.044760338921421949e+00
-3.168980751917229721e-01
1.189307726252155195e+00
-2.365805276614099673e-02
6.278545798840919900e-01
1.210000244862696306e+00
-5.958784868628460574e-01
-1.128240808078058294e-01
1.004900428651869015e+00
-5.762928529504250941e-01
2.270899471876598741e-01
2.256410824802577986e-01
8.210148319304690911e-01
7.182823936740914128e-01
9.434552778237935700e-01
-3.636704303637022795e-02
1.419447739835184852e-02
4.228967953572199123e-01
8.959180463006164441e-01
1.114122672713751205e+00
2.479596824969956814e-01
1.155058467663815369e+00
-1.579080959005227380e-01
6.733302976949679941e-01
6.805941012782555921e-01
6.537782456831185973e-01
1.603139725432807250e+00
1.184944029560256684e+00
1.094881196828737746e+00
1.344170092409405770e+00
1.207008074340871762e+00
4.781416923047491774e-01
4.424750826106791379e-01
-3.125334511951289307e-01
1.992690089512195728e-01
1.041415759937124097e+00
1.729059988265765790e+00
9.209083281443563029e-01
8.615371338344543495e-02
8.756584440876324926e-01
-2.453601620251668891e-01
7.477786334424797454e-01
7.384075159953262801e-01
-8.441878215877964831e-01
1.022698508038644594e+00
1.197958617431248207e+00
1.187093526210093453e+00
-5.272613129568096690e-01
5.885472171563235766e-02
1.160761743778350619e+00
8.690244564119233850e-01
7.808858590107918829e-01
4.423838569365102225e-01
1.235601299359401883e+00
-4.148878799340675050e-01
1.255879319716933118e+00
-2.364183601921344136e-01
-2.014351043788641105e-01
-7.444381709590803808e-01
1.159001469747183544e+00
1.903391894953181673e-01
1.683389009629584765e-01
1.319566490231445677e+00
2.990481629542262043e-01
1.327904945251732860e+00
6.173007926219556962e-01
9.953104360880739021e-01
8.910361531994948070e-01
7.283670067288094963e-01
1.052180111994649003e+00
-7.295231394143626424e-01
9.606434436816919664e-01
1.734126146724584150e-01
1.219526236678877495e+00
1.805339184247243711e+00
1.192270556319222408e+00
9.934575861522275397e-02
-2.564589677615991548e-01
1.229278871704169301e-01
3.690172909407270496e-01
3.034629119680183895e-01
-6.563860198601409457e-02
7.312041134898565886e-01
3.856177162698302685e-01
-4.302520070226949905e-03
1.139371815367307361e+00
1.060665542780899750e+00
9.761259114008515869e-01
3.215118773102640937e-01
1.309688758999272284e-01
1.423799590746027910e+00
1.718653798602367000e-01
-6.759035348444605851e-02
3.284254146516147888e-01
5.669283443715019688e-01
-2.999648909070857239e-01
3.770461373265768246e-03
2.391304099726861976e-01
1.176290667455608840e+00
6.086376393027320697e-01
4.129686753903338836e-01
-2.738906108141592188e-01
3.870615309181470454e-01
-3.147005777584117592e-01
-1.394076406247456712e-01
6.498446841082495817e-01
-4.301830019387036796e-01
-3.108157993240007189e-01
6.349613945734632336e-01
9.080391045334975653e-01
2.662763851092277978e-01
8.064977125360575094e-01
-4.553232360406597179e-01
6.922285970318131643e-01
1.203727469528807603e+00
1.412328365482225623e+00
4.587242534475907130e-01
-1.138251512410706351e-01
6.110213925491453368e-01
7.384465958731744051e-01
1.618922088432786399e+00
-5.562359665557952138e-01
2.160835205478265908e-01
1.524118930534398952e+00
-9.809919092707755084e-01
1.193816041386614124e+00
9.042484477446586233e-01
2.953115314622585807e-01
4.079499721677847801e-01
4.768273212113451898e-01
4.859142769603296275e-01
-6.087120625846568350e-02
-9.459787012549938923e-02
1.090743826613433720e+00
5.290773396878498125e-02
9.332431574271448094e-01
9.565384797193685618e-01
-3.076342355073012902e-01
6.335473400341872230e-01
-2.458988616720801934e-01
1.446744543455583898e+00
-4.545578964163982799e-02
3.626645444252912798e-01
1.352280044388402658e+00
-5.270805941672606076e-01
1.408460330152872253e-01
2.559923469508905147e-01
1.183732380403120121e+00
7.246250238467277782e-01
-5.802165091887961923e-01
-3.689870562038912727e-01
6.870075620081483869e-01
1.025674418138496025e+00
2.669980349556707599e-01
-4.110519943789286423e-01
1.498450818972514975e+00
6.308416565875425430e-01
1.500697417807175027e+00
6.055468616020868167e-01
4.408502184786325939e-01
2.370785020208244775e-01
4.152635363752105180e-01
1.403223698653350282e-01
-4.767119647716880904e-01
3.548070294520954127e-01
5.512852473250172691e-01
6.196367096384446105e-02
1.270570559825032086e+00
2.968652159328910578e-01
4.217643057282485231e-01
2.140418457586484857e-01
-5.324087567465066728e-01
1.774729256081271522e+00
4.067378600602861716e-01
2.239575953272012199e-01
-1.161683250374998533e+00
3.698019866485675600e-01
2.512292097861542617e-01
1.026224904240754965e+00
-1.031828679119989878e-01
1.038989089411870959e+00
-7.304048733440525465e-02
-6.612324771106636856e-01
1.126587367879010815e+00
4.425322645242747432e-01
1.086278582549642158e+00
3.548204215618649959e-01
3.372975902878426746e-01
7.618193476471186720e-01
9.544557982844243949e-01
1.011594463339074323e+00
1.982452471015918594e-01
2.687727915642112997e-01
-3.850139605951432564e-01
1.388884212896099868e+00
1.842105633687354249e-01
1.011948226945000862e+00
-3.295821562715453568e-02
-1.333447080128334072e-01
1.863194227534635816e-01
9.869939914592511243e-02
5.138563041883462690e-01
1.159025117856751219e+00
8.104799730931413482e-01
1.467082419485669642e-01
1.423951482314043560e+00
3.832266019463648754e-01
5.176595338208225261e-01
-3.369870946089253416e-01
7.342577069424366387e-01
2.145148929984882491e-01
-7.296139785211345208e-01
2.912508844190652146e-01
1.563489553177382918e+00
5.095173386208455835e-01
1.118652131232757752e+00
1.047187392923187410e+00
-1.583005632329218759e+00
6.350595264821228270e-01
1.274134678544788013e+00
-4.442840805072529875e-01
-1.934435255754076710e-01
-6.145381464951329281e-02
7.362577407331377666e-01
3.759324997489291165e-01
1.702181890196174663e-01
9.369500712159205547e-01
8.509645108662194923e-01
-1.065535778439055808e-01
1.081670730472849229e+00
9.455869778489012223e-01
7.220043600792090954e-01
1.379161330425983545e+00
7.911953888718905592e-01
5.577934939685370852e-03
-3.555369711534936417e-01
3.893818863682729781e-01
1.476057585461185040e+00
-1.822698588319876523e-01
6.153537841126718311e-01
8.372629311075693304e-01
1.508021199233510745e-01
7.840301238845083232e-01
8.224978522654596835e-01
4.052111936828292071e-01
2.104177118096606236e-01
-5.939085588682473382e-01
8.263721061260764778e-01
3.410701213649707797e-01
-3.404324474632853814e-01
-1.727733058567654245e-02
-1.450728076918311182e-01
5.901665781056267823e-01
1.461290662277517471e+00
1.959824563758919835e-01
1.583153582728719644e-01
1.170607088080293900e+00
1.494497247596195733e+00
1.157924570686758914e+00
3.766906603253201702e-01
1.384775267373059560e+00
5.930448052410567383e-01
2.367460742917331940e-01
8.477609750121225529e-01
6.410881707031604870e-01
-2.027283763648849713e-01
1.845531579349010687e-01
8.122137948227100557e-01
1.058188376503785610e+00
1.724474646552793367e+00
7.951371438384027823e-02
9.099575158450539103e-01
-9.536408965453332387e-01
3.088257016734182736e-01
3.412523758016760556e-01
3.097794492063499217e-01
2.290534362976240634e-01
-7.259975072708757526e-02
-1.526612890624456237e-03
-1.006911991822193042e-02
1.886295373693405164e-01
7.467373778801834616e-01
1.037246925692664412e+00
-8.199011226205887848e-01
3.093547962300814413e-01
-1.013808906684773081e+00
4.084203550109917757e-01
8.024183534945154017e-01
-6.768881432711172375e-01
-4.733372818626466194e-01
-7.514713598582101195e-01
-1.701506854595488394e-01
8.595042066095287536e-01
-3.005365678764129189e-01
3.705598526532954962e-01
6.907675094040603980e-01
7.588813382984991307e-01
8.096689183200874718e-01
3.189590594152360015e-01
3.089536400161032037e-01
2.067626596592136767e+00
-4.006376871973471032e-01
7.922153105433910047e-01
4.302241035161528115e-01
7.713894138288905911e-01
8.380149211098740503e-02
7.382998050637450405e-01
8.423006714252205818e-01
-7.116489942859181017e-01
3.418479347414766223e-01
9.184932686715382433e-01
-3.174722749975907865e-01
6.645466448651707880e-01
1.007328645177687054e+00
-1.819225222126820696e-01
6.032667288990238852e-01
-6.648714400435623562e-01
-6.541161052600814596e-01
7.825026871456481903e-01
-5.954972488663271557e-01
5.109245116203521286e-01
6.098641199644047051e-01
1.263653691261579004e+00
1.148464942726053206e-01
7.217509832463608888e-01
-3.048609511355503399e-01
8.189486180589808928e-01
2.408443546645704647e-01
1.668438898768555001e-01
3.591880893953089959e-01
7.765741089520192819e-01
5.017694266395491542e-01
1.186184807231827953e+00
9.302340289599250189e-01
6.508805873562355515e-01
1.695028868176789438e-01
8.673170179463682850e-01
1.085817717450849651e+00
5.016235491438494343e-01
4.410937495216785131e-01
1.644419004967785813e+00
6.339057260738509836e-01
1.182936288257831065e-01
1.154016115410498422e+00
1.037998608337613593e+00
1.442010535759777889e+00
2.140122739947210029e-01
3.090636661847890876e-01
-1.608106289749920426e-01
2.032671438538607989e-01
-6.179778679040590084e-02
-2.890526474954380198e-01
4.200584638711197250e-01
4.761136144643177692e-01
1.413307882434391205e+00
1.833377175409721671e+00
1.658122881745422772e+00
-2.062172781727159565e-01
-5.161855017483265584e-01
-5.112683469194874153e-01
4.240156378414275395e-02
2.313116133079218817e-01
1.539464073791914911e-01
8.199485401333099777e-01
1.624903027474874806e+00
1.121559654251108595e+00
-1.530997099463686117e+00
8.985983738440980195e-01
9.436926293652491138e-01
-1.094143363827864979e-01
4.799396592505120740e-01
8.018405218689150793e-01
4.972655359010774156e-01
1.045780762127531016e+00
2.408717783789271483e-01
1.263475401664545750e+00
-2.740577871439430768e-01
2.476573765029711771e-02
2.258417701638316122e-01
8.022174107275885646e-01
1.542679364664365643e-02
9.540973924434644760e-01
-2.023880525124683583e-01
9.418070379420375726e-01
4.249452850082695576e-01
-2.798168617625792498e-01
9.071424526598630134e-02
2.452273904504949087e-01
8.610416859719441929e-01
2.388634253136705243e-02
8.589233068312167596e-01
2.642968810808295904e-02
7.523974472425925750e-03
-1.239026993803463705e-01
1.459893034565129311e+00
8.997911967792403543e-01
6.883908053881555855e-02
1.465655203879413948e+00
3.546321129192633315e-01
3.634623722526073714e-02
7.056877292611396513e-01
3.152368329537215685e-01
1.921091677341286275e+00
4.062933535380110206e-02
4.286944062676346090e-01
3.363452139545716757e-01
7.420602626393943413e-02
1.485264813035280351e+00
1.435896881270035674e-01
1.080196914753023929e+00
3.366040550523011765e-01
3.766462196613687974e-01
3.565654041671759145e-01
-5.568075528751961212e-01
6.825170526604454890e-01
8.580677158490861434e-01
3.410989286994006719e-01
1.083384441594036129e+00
5.172320388711580952e-01
3.947273592005625664e-01
4.022799324995537384e-01
-2.996387040443811989e-01
7.801581313390677508e-01
1.703449210359919253e+00
1.308320918331775218e+00
2.973361225188217438e-01
8.073538684846546243e-01
1.686314890093078223e+00
2.789143959694420638e-01
5.530016793394046948e-01
3.227000092443298440e-01
1.340929134404637013e+00
1.409318590276777083e+00
1.463800697141076634e+00
1.969012441147958370e+00
1.571915822228030946e+00
-5.350910383621487743e-02
-3.686460967447283132e-01
8.878078479515474353e-01
-4.580263078312441644e-02
6.993220018613095501e-01
1.038631460352699598e+00
3.040107515423822182e-01
1.811886976422083295e+00
3.376150538259015677e-01
1.082742662038377324e+00
-1.118679261911552647e-01
1.042385116670022871e+00
8.266486179523835354e-01
8.549788901843843325e-01
-6.760107773063852576e-01
-4.128821557888220917e-01
3.564519045962423749e-01
1.129887908970479860e+00
1.571285704287413543e+00
9.746132801163509551e-01
7.216017052682373034e-01
-4.533768014701982513e-02
9.381501091429536032e-01
4.324270468407746537e-01
1.375744305841203552e+00
2.299257492203284348e-01
-7.941837992870915963e-01
1.294027358094948177e+00
1.467655785617166808e+00
8.560097424461642346e-01
5.229704102371505181e-01
6.840264716751212060e-01
2.099512297131700678e-01
9.306569482821441808e-01
1.210716996462380513e+00
6.137540588598433544e-01
2.171213202034427692e-01
1.428726665638294868e+00
4.746458843332873601e-01
-5.722989035844221473e-01
9.883308522369097515e-01
6.536298812612104658e-01
4.283672738719318529e-01
1.409773077219349524e+00
2.089465573220232186e-01
-2.768908833685849724e-01
1.281384562517892345e+00
1.113875610114415604e+00
1.011714336592211660e+00
1.742281060158473727e+00
1.304102118126995169e+00
9.716518393099343731e-01
8.167544203123446866e-01
1.074766899825543076e+00
-2.127516032418683145e-01
1.628525125254993489e+00
5.536237642089811839e-01
1.209402821523626548e+00
7.380795462003612029e-01
1.040488117163207216e+00
9.571698947184076323e-01
5.327627309008559076e-01
-5.052940184772214405e-01
-2.018127670492856074e-01
1.284874701081966109e+00
3.611242648234666563e-01
-8.446163406506328186e-02
2.499676140879312780e-01
1.079398244531388773e+00
1.121734778714922609e-01
1.685344812160444627e+00
-4.036472315361687713e-01
1.574733604515936358e+00
8.134981373919095704e-01
3.217582965048972898e-01
1.312904293590206217e+00
2.877023882337444993e-01
9.921261934433791563e-01
3.858665599464545792e-01
7.987030351513488835e-01
1.009295033613046011e-02
-3.504178441439938507e-01
-5.180835199496687249e-01
5.216866817360202302e-02
5.734072990789121915e-01
-6.899405410927255122e-01
1.259718720254462854e+00
6.043485799707768447e-01
5.487063304654727913e-01
-8.755479997835946548e-01
2.529566168370775969e-01
1.243906231305195731e-01
9.195645753208282480e-01
1.365564265460550430e-01
1.331528208577782202e+00
-2.729961737874695427e-01
5.619119668255087574e-02
5.629197073409276664e-01
6.993207398813497955e-01
1.266490109908728900e-01
1.615541896767996644e+00
2.007251920388638311e+00
9.183439429533483134e-01
9.322752768060289519e-01
1.231882596707637861e-01
1.150477425187204084e+00
3.760007043794324488e-01
1.692512241647101678e+00
1.418290667960787843e+00
1.124929104841928318e+00
1.460045116727745729e+00
-1.970247570108510371e-01
1.005006940358011747e+00
1.072453071372809694e-02
-3.533484488900384690e-01
5.355977658986705858e-01
7.920128200770402138e-01
1.035569847101575292e+00
9.330494322910934946e-01
8.085302792755222345e-02
-3.663001145798188141e-01
-3.659406836623425585e-01
8.393716005398531577e-01
1.477387552819699135e+00
1.879962726988941291e-01
-1.511004735011140659e-02
9.538695392423682806e-01
-4.091138164034421321e-01
1.505775045304400983e+00
5.505533011173313618e-01
1.484979180173982893e+00
2.161522815144937271e-01
1.085684682805468482e+00
1.212590958895130244e+00
-4.299305367520763199e-01
-4.171184857131098878e-01
9.600244819920775163e-02
1.063811846312415543e+00
8.539581049040526617e-01
-7.145752704080697848e-01
3.106722684859366534e-01
3.159462569394161369e-01
3.052817843363358485e-01
9.595583283215692871e-01
4.187401342214299160e-01
5.807343415376302609e-01
9.716150148380529872e-02
8.318615449646994398e-01
-5.737300091218072717e-02
8.413465824501089596e-01
-3.760101680045300765e-01
4.106837081349644092e-01
7.324105567661820526e-01
-2.370015423629237561e-01
9.624454511421943748e-01
-7.915451642417300482e-01
-3.068660529745006471e-01
2.359382353069573030e-02
1.434010140573412473e+00
2.129776973963307396e-01
1.782728339144148411e+00
-3.177177243308268451e-01
9.163614275407732102e-01
1.289500380771353649e+00
8.928826549756310182e-01
1.068641047693558832e+00
-8.012822039265690144e-01
-3.561557226649741947e-01
8.662563334776287594e-01
8.621122743758291573e-01
-3.785227335830512740e-01
4.943299531521787582e-01
3.885821080539114125e-01
6.356802589139262105e-01
9.721229071238499109e-02
3.249656542595683595e-01
7.868943102038085113e-01
1.571305457875078915e+00
-6.379448699484693841e-02
1.092349280317488569e+00
4.214166568374878019e-01
2.072559212331858969e-01
1.782820419270086110e-01
2.121793494933520652e+00
6.963031353454423034e-01
6.860787874240863449e-01
7.567265791203248160e-01
3.490775369693143726e-01
1.612625894815244987e+00
4.347620836452033011e-01
6.969211015893685968e-01
8.761856448580294943e-02
-5.713294506658841421e-01
1.270869269559500747e+00
1.057345561148340440e+00
-2.482485969827741557e-01
1.336026601373578648e+00
1.130087558016088956e+00
-5.870952158593721881e-01
1.312830167854298624e+00
1.370828582984800814e+00
1.753129071100119063e+00
2.365875095818199825e-01
1.281863846833052767e+00
2.322529993285548169e-02
3.821191591012036426e-01
9.780139225608295295e-01
1.633346996698878506e+00
1.391605106582666451e+00
1.037383861811274205e-01
7.018636245764194870e-01
1.201551325173839002e+00
9.908740086104533829e-01
-1.369908800866327658e-01
1.493978287580511877e+00
5.732809334310746269e-02
-2.108658830506740245e-01
-2.507047098547084407e-01
-5.582347005667633866e-01
5.946691773263161895e-01
4.875222669241411899e-01
-4.952432757582074518e-02
1.834382570691311942e+00
-1.622037481528446345e-01
1.231866881838888261e+00
9.471897445152390738e-01
6.663518893170073953e-01
1.065398960049852795e+00
1.103152470626414638e+00
1.341897810149265124e+00
6.636519541964505109e-01
1.167272596090853654e+00
6.721115019258691037e-01
1.096725382536529070e+00
1.816012894967908187e+00
3.112371954153717035e-01
3.505461433876934374e-02
-2.431118464717172134e-01
3.387499015518367629e-01
4.449301811198788648e-01
5.802038910282492079e-01
-7.333900571548821468e-01
5.007245266874679190e-01
-5.198734850758887083e-01
2.064444992860699379e+00
1.160803854672241009e+00
2.627191019171432607e-01
7.812981322383988347e-01
1.221265287658304111e+00
1.680388228487543101e+00
1.876861456951871343e+00
3.302130913231448583e-01
4.014534514958839062e-01
1.282830085412068666e+00
7.636254565016282747e-01
-5.638257425772232739e-02
1.257439634342395474e+00
-4.689568397810404687e-01
9.570927591103987053e-01
-7.010158915284070424e-01
6.318484109108922497e-03
-3.534560919530512213e-01
1.269821350902760937e+00
5.507380276591640200e-01
1.013850786635261514e+00
3.726444700327696258e-01
-3.202205492369277762e-01
9.277789997878366224e-01
-3.089488092546743836e-01
1.087542756447626768e+00
5.701746586449792931e-01
-5.310351864128524113e-01
3.709160536363141913e-01
1.228295025353377756e+00
-2.032149779370878984e-01
8.806952279273788653e-01
1.565574385131787816e+00
7.717899087845480066e-01
6.426029767990566743e-02
7.504586066339294925e-01
-4.294698164335886137e-01
5.557794185780603469e-01
-2.034119314174584470e-01
1.551457184265685907e+00
4.395449380228012570e-01
4.539336731420459681e-01
3.411578847709867413e-01
-1.281566443395966703e-01
1.941289047808839152e+00
6.536478092358555259e-01
6.973910649271138074e-02
7.600340220499643973e-01
2.947215837323418630e-01
3.291396484678498768e-01
8.339582915066692803e-02
1.345887433326913296e+00
7.365443607441476415e-01
1.480683920030044787e+00
6.705119786158801887e-01
1.013680277045605482e+00
9.264995271287559397e-01
2.658223804619022079e-01
1.743365653616591737e-01
1.362801120433617896e+00
1.090902621854555665e+00
1.243919135288327427e+00
-2.344373286340681040e-01
7.486457139753106560e-01
5.042450696560766277e-01
7.268581937275571114e-01
6.194092359175966678e-01
2.931713858656112004e-01
8.920854329342928768e-01
-3.896452299121295759e-01
1.008521125957375641e+00
8.067776113318565478e-01
1.077512510685150471e-01
1.294573589870460673e+00
1.112994566049420264e+00
6.027760487891716812e-01
1.317127918431836742e+00
-8.206253086623354481e-03
8.872723064113190450e-01
9.073671703052217374e-01
-7.439584835262620377e-01
6.863053179771350099e-01
1.018715690440426647e+00
-8.146975182060394172e-01
-3.060539693623940960e-01
-2.446535522435987209e-01
4.763900432879095148e-01
-2.808975066558475620e-01
-1.351685878796785381e-02
1.437943754163869103e+00
-5.553733728346538223e-02
1.122376756457188041e+00
-1.058285692897612124e-01
-6.247148550875174511e-01
-3.630377628668489676e-01
1.206237813994119612e-01
6.637431005696711739e-02
1.912906984437276137e+00
-2.982370350978117424e-01
1.270783004047536302e+00
1.168875399003599824e+00
1.651024600618801186e-01
8.580700242766041708e-01
5.317002803047656823e-01
4.675109521790318245e-01
1.584307114302089536e-01
1.175156085311789278e+00
7.364770747988449440e-01
6.856912209331842423e-01
2.829467315647633541e-01
-4.216090730271970788e-01
3.316827070226989749e-01
9.949592934905713282e-01
-3.588425237858659522e-01
-2.586922221164119629e-01
1.336122911103464039e+00
5.239831643526062788e-01
5.353224958264825029e-01
1.799298591593792018e-01
5.106152134280850241e-01
2.641356466499542588e-01
7.558907897642895835e-01
5.220270291732032053e-01
1.859759940347485374e+00
5.552311155304821000e-01
-4.484833869404688533e-01
-5.497012467403055158e-01
1.295698779600080286e+00
1.057144997204408465e+00
1.110933860044081900e+00
6.755028315215880763e-01
-4.893628247908524131e-01
-3.644451419200663289e-01
1.788828578079138532e-01
9.589563899559832016e-01
2.841668532832333227e-01
1.029647239147542415e+00
9.159987328096547143e-01
1.312199107998968994e+00
3.878508196393046781e-01
1.353723614624145755e-01
-1.509673194166388233e-01
1.591231350979277259e+00
1.120650141384571530e+00
-2.079809980662321311e-01
-2.708797165620581704e-01
-4.348370120779416204e-01
8.467124365484689497e-01
1.015692714458726886e+00
1.189350569124165480e+00
1.279445785642970623e+00
-3.514079867776849220e-01
1.948665740914990119e+00
6.224690113810883441e-01
6.505729236978382568e-01
1.247722995241491301e-01
1.654790814154300849e+00
-3.026557360670700803e-01
3.682554363123426433e-01
-9.802840065091450450e-02
-5.257930809218882562e-01
5.831575587638930525e-02
2.052297230547127649e-01
-3.302342051899620490e-01
1.370237741206858040e+00
8.112389644237082420e-01
1.232929762694977560e+00
7.900711183152180350e-01
1.474777424558570749e+00
1.456263409905811601e+00
-1.824223248701199451e-01
1.900904055112251134e+00
-4.916397911326593206e-01
5.365347438437282346e-01
-1.063658761398400265e-01
1.268669619890749889e+00
7.427882425204291872e-01
3.077289614729361023e-01
-1.637980822979295259e-01
5.120024720227119713e-02
1.040751617467669254e-01
3.953768717903934360e-01
6.851964961468351989e-01
1.257989026484784612e+00
1.015522487055242618e+00
6.709659760171410303e-01
9.672359286476269746e-01
1.045153394096024924e+00
1.966190615503258243e-01
-3.020675921424041399e-01
-4.594597235032795712e-01
-4.106691639617973677e-01
7.198989504133967987e-01
3.051269250456085103e-01
8.529451852924052613e-01
1.555566285953970951e+00
2.986244892945555396e-01
5.748323946283128150e-01
4.589921459818145921e-01
1.221049782808096174e+00
-3.640725639809161973e-01
8.465496883176147902e-01
8.590155940321456685e-01
1.081887702361352455e+00
5.554842017322424441e-01
-7.626919335754684948e-01
3.060577958865035586e-01
1.104343833069898029e+00
5.789486383677381331e-01
2.647529261926117594e-01
-9.771945053046138252e-01
2.185746020765609865e-01
2.754270092312938178e-01
9.285541336956378844e-01
4.969503996909092614e-01
7.246831302898044669e-01
1.432895959832380384e-01
2.425998154023691067e-01
9.894079929461929712e-01
-5.386168195757484733e-01
-7.350564112776930559e-03
4.657972019309297718e-01
1.522360346224316263e+00
9.923033902425375530e-01
-2.890346420642807557e-01
-4.381533320388713015e-01
1.161340348375188514e+00
7.045590928652877283e-01
9.136209527152862331e-03
8.887981564741064266e-01
1.268351160513447873e+00
6.619908453319531816e-01
-6.634700386578012976e-01
2.970089215254488324e-01
-6.501474845461807650e-01
9.254360455549831554e-01
4.317536880107721853e-01
1.256618580038448174e+00
7.079547435927847632e-01
6.378482838181567249e-01
-4.978296257716144924e-01
2.716642669510480751e-02
-1.883110521027088757e-01
1.404606048216568703e-01
1.677656373005068091e-01
6.717910342051084394e-01
-2.026893701777299495e-01
-9.099479755613867349e-01
2.921239450751209610e-01
6.904426517628676763e-01
-2.085383497899462590e-01
5.546778422785393348e-01
5.215946742914669143e-02
9.609759924747012239e-01
-5.710178969624614131e-01
8.233018422656005475e-01
1.029547262695132526e+00
-6.615125649811647301e-01
2.264639047640712999e-01
6.516005498439952914e-01
3.509032193016111134e-01
5.356157380444176441e-01
5.098217959919050246e-01
4.578399674406722908e-01
-1.727160384135907056e-01
2.364667067660441435e-01
7.150682918481398032e-01
-2.511945775537753889e-01
-4.745737106907255698e-01
1.393872389362582398e+00
5.586008936171192873e-01
1.521333983200771345e-01
-2.896519155944867752e-01
6.910963738379191090e-01
-3.516789914978842302e-01
-2.360939771730425907e-01
1.710878207219082459e+00
-2.451037780466049365e-01
5.302798818937694003e-01
1.168332133978852605e+00
8.094933236586824288e-01
6.039228079280869466e-01
1.878101191339148324e+00
4.533032263593469308e-02
1.194955580487270019e+00
5.191097309864538545e-01
4.062706838704506218e-01
7.792595521596861197e-01
1.231910639622597614e+00
7.516933744563532027e-01
5.457943269002448750e-01
8.702683933569775876e-01
1.059868010301540792e-01
-4.915078019195371906e-01
9.631070068890877911e-01
1.331359851198019584e+00
5.284906657769294913e-01
7.273916961066697606e-01
-2.374961039614328917e-01
7.514432693247904416e-01
5.830652815183816617e-01
-3.828416688600737583e-01
9.468252404661499089e-01
1.800893601134509581e+00
7.169337910217432608e-01
4.816565775803092753e-01
-1.117153561250347898e-01
2.215720298596811078e-01
1.047869420601113211e+00
7.944646624718255667e-01
1.180815021192919562e-01
6.055121093840722946e-01
3.472427794080789609e-01
3.334679136601504390e-01
6.248016735843145986e-01
1.377203138325781839e-01
7.896390755119183646e-01
1.115310836588833787e+00
-1.688803325753599482e-01
3.664750938336122088e-01
1.152694725370253304e+00
6.392384861372027993e-01
8.841925561519730081e-01
1.185714620085553672e-01
3.651930399247613757e-01
3.810104301479599331e-01
5.495846651984762632e-01
-2.776428073170116306e-01
1.138386286855545881e+00
1.174872917203413136e+00
3.521092094652122917e-01
1.359117711029715236e+00
9.724991838113089537e-01
1.482944222838202153e+00
-2.873411019626016527e-01
1.936427356224273533e+00
5.336359829117830467e-01
9.998451507611889610e-01
1.579139395478764252e+00
6.321764634359635648e-01
-7.181226668671497615e-01
-2.477423028712043285e-01
3.003359923217457372e-01
1.268557620756908255e+00
5.784429921858561530e-01
-2.270484391350348075e-01
1.569593163207336328e+00
-5.363829119247514043e-01
6.698627828362173631e-01
1.420503178101529596e+00
4.740799346763973077e-01
7.246098234383903380e-02
8.057293172294052730e-02
1.772458778261124746e+00
1.116947519914063713e+00
4.308072386470757076e-01
8.876637940689163786e-01
-5.430996247133725030e-02
2.114595385311473785e-01
4.877304789684888675e-01
1.455342169602816815e-01
3.202628448225207369e-02
-8.164044753047060565e-01
-8.866711524077177664e-01
1.395918824757015564e+00
1.529158984217474648e+00
-5.533780710083737731e-01
4.710241738052523552e-01
-8.812963792670444607e-02
6.286462498764251450e-01
7.232420430032185932e-01
7.840508956749180358e-01
9.509817136721446795e-01
-4.790157767968445945e-01
9.716680247772842005e-01
1.244650621289892900e+00
-8.158398592705572439e-01
7.055911907109735370e-01
1.080225471239383062e+00
5.028246388404465916e-01
8.585868362365755013e-01
5.290773607491329189e-01
5.479467261871017181e-01
4.700768440109871493e-01
-3.885722688285973003e-01
1.002293911296888995e-01
2.582927270316742185e-01
-5.912505653765449953e-02
1.582988412447942972e+00
1.262010151840074368e+00
1.181259503657637211e+00
2.677389905988390439e-01
2.378014177189778922e-01
5.336976986820026747e-01
2.292802491124788511e-01
4.562878839165526723e-01
-3.214644790074615566e-01
1.602946369132898452e+00
1.790800903470996630e+00
5.579070321725073667e-01
8.511339802298276691e-01
1.066306503650842785e+00
1.277097827910306238e+00
5.763454935774273702e-01
4.815067459165069397e-01
8.408243401654860172e-01
-3.458880319256262825e-01
3.676489191564986658e-01
8.211208405682483003e-01
7.344075363360771380e-01
6.801332630316544448e-01
2.311879927917521171e-01
-5.584554074593673922e-01
-2.493008071742904841e-01
5.267222727568983132e-01
1.356963254213268355e+00
1.175104625156357108e-01
7.974033088917640288e-01
2.349272360869025800e-01
4.235505185015590868e-02
4.355589014403992709e-01
1.360863286127883542e+00
4.861554057199172219e-01
4.926258860686507091e-01
9.759653613013781481e-02
-4.286785282572114220e-01
7.003902846011276218e-01
2.843755846194792603e-01
5.833847876953016792e-02
2.948856318791150399e-01
-7.502987303351377202e-02
4.511257724094800414e-01
9.104827319912542904e-01
3.153739666647850104e-01
5.085930461461162233e-01
1.160073339685050220e+00
5.420479555616647405e-01
-1.550513598716169728e-01
7.077632479941613486e-01
-4.566381762731153149e-01
-1.484288615514059995e-01
3.349691917918937167e-01
-3.769862675298730204e-01
9.472657317489562301e-01
5.227748789119442963e-01
8.951793819815380138e-01
1.131196701860027742e+00
8.322683608136367539e-01
3.260441337753591240e-01
-7.797562817691661152e-02
-7.996150619777431245e-01
9.589246010426932809e-01
1.119494230239001631e+00
4.561586365896526107e-01
-1.007080683931912413e+00
-9.741680755489776633e-01
-4.413571706792032701e-01
-3.088004560247144537e-01
7.324793010727159714e-01
-1.713095137282170388e-01
7.073816679120626949e-01
3.316237538838398002e-01
1.483325277342910420e+00
1.271933660493729246e-01
6.683861199809166820e-01
7.147187092602811376e-01
6.678710865069470426e-01
-2.259020303467335622e-01
1.505222640648398169e+00
1.404620508491125408e+00
9.571892168038662607e-01
-1.409485620007067119e-01
1.847570505073007144e-02
-1.187891259322213094e-01
-6.912616010569708758e-01
1.175010514078648427e+00
-3.447499300536576716e-01
1.404908157705551108e-01
-1.603001416700985671e-01
-2.054810999166548913e-01
1.905520542342103552e+00
7.681215957207792044e-01
4.017771752701712051e-01
1.323069707379405990e+00
8.261134676349589645e-01
1.450692648695683040e+00
-1.290087122912872142e-01
5.320348270298420612e-01
1.055273929942001310e+00
-5.083590531937176582e-01
2.199258277421954344e-01
5.972035969397522237e-01
8.938606879094688207e-01
8.591361210678520877e-01
2.728791300864171765e-01
1.068096291149003729e+00
1.043195461009356617e-01
5.991950790983178177e-01
5.586863290681107902e-02
4.544795912633601276e-01
3.043497391913226741e-02
-8.918925474675493126e-01
2.263506393004683648e-01
5.091751789847949461e-02
1.273352783201588956e+00
5.818857195889124423e-01
9.105761685568655173e-01
1.179610215545700225e+00
-1.992160853997520797e-01
2.138126450671559153e-01
1.136029878021175055e+00
9.830628210449035009e-01
9.862891105652893398e-02
1.424262306245374976e+00
1.482265287316109348e-01
5.088144276405726085e-01
3.756336508010280073e-01
-1.249712292361402355e-01
6.921664112780592237e-01
2.215171700478661410e-01
2.055617198154199299e-01
-3.522191268813751885e-01
1.504919060561790145e-01
1.294602883435502783e+00
1.223430179618612446e+00
-5.414863289743586661e-01
-3.726923875792014784e-01
2.234680277335990284e-01
8.038683483655493234e-01
2.075212683468427299e-01
7.543243198166831309e-01
1.379325926596555729e-01
1.397023443121023556e+00
9.601472942310284031e-01
3.917468305773704751e-01
1.506157049919216728e+00
1.341573377434945868e+00
1.427055818614806126e+00
-8.659432146441761735e-02
8.409221759448387568e-01
4.461028301088483250e-01
5.865579093138668654e-01
1.281614860206458095e+00
1.136673169747734580e+00
8.679493392332293666e-01
1.616763398356024339e+00
9.349952938656427293e-01
1.047939463931749637e+00
1.290490934541487889e+00
4.646536337322906135e-02
5.405340117989186899e-01
2.183324481312397258e-01
4.794123702568917622e-01
-1.381559905795484711e-01
-1.298603516437107919e-02
1.403917274156982975e+00
1.445987806384264163e+00
4.451325648809843494e-01
1.398099704057243153e+00
-2.926578972148237701e-01
-7.720357306718231838e-01
1.127205742750829076e+00
1.159019059783693351e+00
7.135916546720117992e-01
6.177224780260077708e-01
-7.536020592145397101e-01
6.757172221012121005e-01
1.017021374405688849e+00
-2.544823674030918248e-01
1.126408240343170997e+00
6.248732398956872158e-01
-1.044294991995516453e+00
5.000043467091757066e-01
5.747213310237112571e-01
1.347110911621781870e+00
3.388143558636975694e-01
3.075573580703284682e-01
1.398106602944589438e+00
1.283032636032643836e+00
9.671850247230693309e-01
6.496377469474886590e-01
-8.485859619189477510e-01
-8.612809524665054894e-02
-3.888617173295170204e-01
7.565316155791056429e-01
1.602608578281161211e+00
3.885186213654175935e-01
1.964808702529248663e+00
1.601733534993319052e+00
1.039111126245682859e-01
6.626786970535313293e-01
8.379455471500515396e-01
8.179292664896459231e-01
2.706889207003900788e-01
5.258109868056084490e-01
2.011420572138925000e-01
-4.302784465706916417e-01
3.255601502626249699e-01
1.361538142925711403e+00
9.105796759044467725e-01
-2.149677422264073545e-01
6.095693423228235597e-01
2.937909591001615639e-01
-4.549165146365939938e-01
1.642596017608370929e-01
4.858257505005102866e-02
2.190644077867834605e-01
2.760406320810314118e-01
1.926422598425783006e+00
3.055524947486020770e-01
8.119033655198728550e-01
6.974618407679803456e-01
5.934842020042288002e-01
-6.148708075987270316e-01
-9.810254300893267443e-02
6.629330868121621201e-01
7.055672125088255919e-01
1.020719907092086487e+00
-8.422038287749197272e-01
-8.395299538711968601e-02
1.229539284068952520e+00
-6.687499099823749488e-03
3.280811074177574227e-01
-9.620877967405136455e-02
6.887731288483188719e-01
6.920615219378786209e-01
1.367373943645739498e+00
-1.182743248702465833e-01
-1.187908001910882860e-01
1.209254840729100167e+00
9.434613813545890126e-01
5.734614032475336964e-01
2.604026932202427869e-01
3.952600674992253760e-01
2.457245385083380307e-01
-1.183414324674698925e-02
-2.241819765638202733e-01
6.914358022648356972e-01
6.107430737789704134e-01
8.260051300408114416e-01
1.285605989846746233e+00
9.242555470948288221e-01
1.075972478272618993e+00
7.814627256598982719e-01
1.632631668848494089e+00
5.969455204920030011e-01
6.418275410704979977e-01
1.083462602673804343e+00
4.589695652435395457e-01
7.806249483159914959e-01
-3.094319816465804784e-01
1.762351257835199192e+00
4.487047189057640217e-01
3.041455938045693475e-01
9.359614350071996380e-01
-1.071602750624808253e-01
1.267494337101087609e+00
1.750599127018287737e-01
1.307611750262223316e+00
1.432662257380606041e+00
9.928725277527923332e-01
4.256300714095042070e-01
1.839994334406011456e+00
-9.156298531219579928e-01
-3.424863822832373284e-02
6.479847484687606407e-01
1.649700363629471811e+00
-6.628066051667441672e-01
1.272198255212441675e-01
1.821853893015439596e-01
4.108320984627499839e-01
2.737085066145318324e-01
7.132872273022236032e-01
5.675005303165571169e-01
1.281291462671410586e-01
9.276302901134749757e-01
-5.028183925353301165e-01
6.701964329109036389e-02
4.123240481975968263e-01
-4.203344641667713238e-02
1.299297789679229598e-01
2.748486461577622775e-01
4.817023011205681104e-01
1.232375903106482373e-01
1.384591774630572703e+00
2.497622238097897684e-02
8.312718779803313085e-01
1.186262825959041756e+00
8.150472391603288402e-01
1.325815251834322250e+00
3.468869474841948519e-01
1.322774192335567089e-01
4.107605397720281992e-01
6.935851462603051173e-03
3.264266631862083878e-01
8.494188349821046868e-01
2.191924554694020255e-01
1.090824436251673024e+00
1.872553954671362542e+00
9.181930677889725834e-01
7.218967210499778187e-01
1.653185655335528415e-01
3.242184688869584330e-01
1.131877201820080669e+00
4.424096235374531672e-01
-6.524778676354829610e-02
1.115242731676191923e+00
-6.230166839022986958e-01
9.119450177563659388e-01
1.306418159110137367e+00
2.146502721482976828e-01
-6.090074369374692820e-01
6.037836920743939739e-01
1.594511755200920700e+00
-4.057070388006370765e-01
7.420610444318078702e-01
1.090749534571912038e+00
6.635970783631451875e-01
-6.587123842770553628e-01
9.326115300405615205e-01
4.573453547082308446e-01
1.427365449472950409e+00
6.812112915895434107e-01
6.367313413442046155e-01
9.733563125197439714e-01
1.850226182225355731e-01
-8.596400143416296769e-03
1.015589518353186005e+00
1.790457683638054354e+00
5.264035883311826147e-01
8.865949647947657386e-01
1.442982875599025050e+00
8.905706625856372183e-01
-2.702231165256120393e-01
8.966945166067873396e-01
6.384711898046454559e-01
6.496962364742822071e-01
4.383613885761484807e-01
1.368032392400234887e+00
8.547018285459445641e-01
5.166129874857677828e-01
-1.979630275952008189e-01
-6.997666961436756206e-03
1.235098318812268392e+00
6.635626218136744248e-01
1.423886713965021533e+00
5.260377684345528548e-01
1.245087318303651713e+00
1.302784322576287845e+00
5.238184234169175335e-01
1.975534623470183160e-01
3.872311795725726924e-01
1.334890383109053891e-01
1.720736639294771220e-01
1.355834846475617361e+00
5.577797238325660212e-01
7.706949960731704907e-01
1.245815554479769771e+00
5.191059059735157744e-02
9.170724737688853434e-01
-3.368564027336138911e-01
-6.035719177700342719e-01
1.467051144445492117e+00
-5.225595837405450084e-01
1.164843508891113821e-01
-6.478311884590455261e-01
1.462499649563229864e+00
-7.082662804957509661e-02
6.918044425363520933e-01
4.695284079337156413e-01
-5.936627745976468251e-01
1.045921770795753103e+00
9.093265360079045845e-01
-2.276277985254114289e-01
-4.238176421841975960e-01
2.637421858468111391e-01
1.371899399864314528e+00
2.341678497764159594e+00
9.228264107594671417e-01
1.552595597299520624e-01
1.782981289701531802e-01
3.999798635363661647e-01
-7.025292907589092417e-02
-1.183621224474314393e-01
-5.923804023452909906e-01
8.487175516427118982e-01
3.090886800364691100e-01
-6.166774101249259399e-01
-8.196519173772903732e-01
-5.236560501298133108e-01
1.005912614692648033e+00
1.042568904185791290e+00
-1.150198315760271178e-01
8.843689816808438797e-01
-3.939102103111505881e-01
7.164844118885658197e-01
1.840323478856289163e-01
9.426510315420162378e-01
8.778574053139791555e-01
1.875703526997112736e+00
4.729655462423533185e-01
-1.492198868971190973e-01
-4.947580672008397573e-01
-5.602664880000725045e-01
1.413983055418392087e+00
1.927436162818989995e+00
1.183042371979932561e+00
-8.438013641847480484e-01
7.121170597056748763e-02
1.293495748123830280e+00
1.034675198353349979e+00
3.132392200597379217e-01
2.307807925204984900e-01
1.267755025870293817e-01
1.103346121350442521e+00
1.248572900426075494e+00
4.263157082276963772e-01
-1.240923545645350283e-02
1.039649633102925241e+00
-2.045120591863972825e-01
3.789949129606397515e-01
8.627560772007046852e-01
-2.101954336664699774e-01
1.376128064925150385e+00
-6.694080510357603986e-01
8.433412538577458317e-01
1.114373378993837038e-01
1.344639997339543147e-01
8.771253951168570540e-01
2.314385269658468802e-01
8.154961381089761430e-01
9.491464356667691504e-01
4.400036861330298144e-01
-4.518269905638506723e-01
1.593484603722730597e+00
-3.360478689881170045e-01
9.069617420319505685e-01
3.485217345087475715e-01
1.216354879486565066e+00
-5.390605669658513621e-01
4.580201372482604893e-02
4.632998900446891333e-01
1.384968760107632590e+00
1.263037928713846680e+00
1.334519194963897926e+00
1.385201540407753118e+00
5.145378005964694815e-03
7.303860869940652645e-01
-5.814831885599432842e-02
4.556440065372061726e-02
1.064934466208877994e+00
1.622037278840574026e-01
2.537371599011586584e-02
-2.694446261725402803e-01
7.401097034488459681e-01
8.024416171798910424e-01
8.858339682016261873e-01
-7.758004845595402044e-01
4.367899783517295575e-01
5.412363877805024259e-01
2.689358338738071508e-01
3.514020015773858252e-01
9.666637665236907928e-01
3.782494735708295530e-01
-1.156718192804183365e-02
3.148377094744287535e-02
3.871810393128590766e-01
1.073144568558628720e+00
7.868535234739257866e-01
3.709568357607417322e-01
-1.216633631517586994e-01
1.243046826299605945e+00
7.614027553545741345e-01
-1.653298130137046199e-04
1.210810655370369721e-01
6.689212376570197183e-01
-7.797711622975975199e-02
9.454092905888833442e-01
8.421866185308600761e-01
1.578643739923107636e-01
-1.050840002844785515e+00
1.242431000052322126e-01
-4.242172037745671198e-01
-1.112656867100640268e+00
3.639840624424974247e-01
1.014809284405855827e+00
-2.195997358458547100e-02
5.470955160471228096e-01
6.687847392737199248e-02
1.062368098013131812e+00
1.508916718225836728e+00
1.300912741630428693e+00
4.999085455873580192e-02
-5.702017142516769416e-03
1.230350149358792278e+00
-7.882052423839874811e-02
1.119066380739972555e+00
-3.889520847389450475e-01
3.637655880118658702e-01
1.018767854556992924e+00
-9.830947083346344706e-02
4.565493740114548449e-01
-2.415210862230191546e-01
9.304915111964119356e-01
8.365384188229275653e-01
1.118754228706601239e+00
2.468839119167345608e-01
1.888499296606350963e+00
1.163889783841750347e+00
1.144297720448346212e-01
4.320558926129712263e-01
-3.916508218493183757e-01
1.249486082294739564e+00
2.508726514755212911e-01
7.648449385145168478e-01
9.458135343854352506e-01
-4.471618449101298909e-01
-2.999368806499008722e-01
-1.216088564371827219e-01
-1.717989994248954599e-01
8.490730557843126913e-01
7.462885026993317794e-01
-6.136242766352377476e-02
1.295792439405379248e+00
1.542503319180738908e+00
-4.297340414438768907e-01
-3.234054346234033761e-01
8.105187859264086914e-01
8.795386024859722651e-01
8.382833987959642519e-01
-8.621659467326645565e-01
1.113123218986221907e+00
-4.759569572265215931e-01
5.925443789030413466e-01
2.383146414770532639e-03
9.184217521678248453e-01
6.099664912113660353e-01
-4.820558806343841485e-01
9.071912994345926462e-01
-1.185806979501300984e-01
-7.090906360134449637e-02
1.349655007480745406e+00
2.370677317767188041e-01
9.280365959835836787e-01
-2.910860917168182627e-01
6.605636412573325789e-01
1.279569202739607725e+00
2.762313847798561484e-01
7.494415937430954910e-01
1.451963432155994882e+00
-7.475004744966436132e-02
-8.478907090405421454e-02
-4.085324956400046004e-01
5.982123203028575364e-01
6.452276909436053254e-01
-1.016928425567085181e+00
1.371936376842991523e+00
1.102422822150196158e+00
3.117160754328816008e-01
8.591089702420208196e-01
-1.056556374994604974e-01
1.288056220220310299e+00
-9.135912294917936105e-01
-2.212955417954408366e-01
1.426031488619511622e-01
6.134957829709201949e-02
3.870097240327411425e-01
1.311769597044378788e+00
-5.817543775310902304e-02
5.202459576056266410e-01
6.955474728957520281e-01
-2.827530657087249932e-01
1.010240558582326198e+00
-3.460783779861564824e-01
-6.942105458995163902e-02
4.731604900322173846e-01
1.247174240367421749e+00
4.050215014680021985e-01
2.672062419705675818e-03
1.582452410216936389e+00
4.018084985665952846e-01
2.262193869989075345e-01
3.999822631595811306e-01
3.734679977264803719e-01
8.093930606868705580e-01
2.918636756705399460e-01
-9.090283291777093155e-02
4.597075947217689751e-01
-8.076287137500192115e-01
6.013928652284538101e-01
3.736685021371303206e-01
1.609669774163621669e+00
4.050042062952879385e-01
7.897366077675173068e-01
-2.211681886580017520e-01
9.279327982953099463e-01
-3.693856809210434022e-01
4.566406717916761115e-01
1.175407704860584879e+00
4.359025819973911808e-01
-2.231875563081246461e-01
1.804474308558822626e+00
1.308690315511451541e+00
7.126041008328090065e-01
4.038125856229306532e-01
1.798979407168866729e+00
4.402755761121478484e-01
1.809172005483008216e-01
1.850440034941022716e-02
6.758250920927973138e-02
4.023860469123878847e-01
1.674213951174161386e+00
1.452440304758879641e+00
4.752698928816115331e-01
1.455478145525723077e+00
-2.892502060047782431e-01
4.152172965534156601e-01
3.705670351681440988e-01
1.325266933377429179e+00
5.108979996022302572e-01
1.224306676164189200e+00
3.100071548245742492e-01
9.116117925098469188e-01
8.998213352490473937e-01
-2.151427594350146383e-03
2.751344563134227109e-02
2.217243983686732367e+00
2.898378452775701164e-01
3.376365099830643812e-01
-1.209432823571660459e-01
6.507131493656610477e-01
2.165039282486131422e-01
1.702707537098986590e+00
1.601000990743794428e-01
2.712801638161747575e-01
-6.356127404296250949e-02
-3.708071394321016956e-01
1.277782635022944646e+00
7.996511950162303872e-01
1.774362955674816611e+00
9.337977585252212054e-03
7.010259403986117688e-01
2.749230760109004912e-01
1.417177512225709785e-02
1.151450656896824132e+00
1.151344446317583980e-01
-1.095964081125699596e-01
1.688785798008599418e-02
4.460310311951635187e-01
3.657010571485605488e-01
7.621832031058088930e-01
2.485850974370333866e-01
5.748461122886792118e-01
5.854345420728163107e-01
-3.292443576421362761e-01
1.187075555771910151e+00
7.332902578089519618e-01
1.602716442623080828e-01
6.822192383421403772e-01
4.394174841265705012e-01
-1.269172884140162272e-01
1.905117535909150339e+00
8.604412191241245234e-01
6.132972692126793524e-01
4.827396402803768027e-01
5.700325001527086766e-01
7.365425773943760079e-01
3.908637950316195542e-01
1.323534560317823905e-01
4.513409507940061016e-01
6.121932380270855845e-01
7.732392888022035504e-03
-3.126190804130168366e-01
7.619222595418225774e-01
-9.399097469583126419e-01
9.593489368340055723e-01
6.732256181914246795e-01
2.465446667256711577e-01
4.463286492375130865e-01
-2.598253543617408123e-01
1.173826579963382244e+00
-3.722255348366751981e-01
8.832724375807590178e-01
1.091786995374204317e+00
4.049498983385280138e-01
1.310416252475772980e+00
9.879169960811047257e-01
-1.082885550334268254e+00
8.435923595303835842e-01
1.477075944554562259e+00
8.815373636335799290e-01
6.430198296194881147e-01
1.618827827112985507e-01
-6.465723584808963365e-01
-6.189072830003357062e-01
8.934137683444165479e-01
-7.874925800244626795e-02
9.197356313176248133e-01
5.925974036623404828e-01
1.703401151877824704e-01
6.605608178222718285e-01
-6.009497712876750164e-01
1.122067596967196268e+00
2.277547483604321910e-01
-4.068574119467068817e-01
-7.142030272566067817e-01
5.049978499666317733e-01
-9.135067126319837971e-01
7.377159211474197953e-01
2.776203664779032798e-01
-4.225960608268440333e-01
5.287487589242374497e-01
3.649429575280663807e-01
4.436780983922535282e-01
1.196129766729722377e+00
3.802840457641606942e-02
8.241357087739595855e-01
3.233557678432295579e-01
-9.469108039225362372e-01
2.379778729984770580e-01
2.974304779404628452e-01
7.058546906170887203e-02
-3.722569564579011336e-01
8.808946140649283052e-01
3.471002973964013028e-01
1.345966980426561932e+00
1.358783699944295931e+00
-6.687778992632067987e-02
1.027217667324283878e+00
9.534795188202069838e-01
8.178796093717071169e-01
9.350220627839220811e-01
1.389573671993718396e+00
7.169449723329729407e-01
8.444648496402048510e-01
-2.586233498196842673e-01
5.675873250660439240e-01
2.711294454775040053e-04
1.119921116284713802e+00
-5.285750895236588504e-02
1.151783176947801524e+00
1.761791065638036224e+00
6.914332026499514505e-01
9.703279826674280351e-01
1.793176957683021988e-01
-3.609146208025462155e-01
1.453155937245927676e-01
6.246520547111918953e-01
-1.622489196194777106e-01
6.365986223215641671e-02
1.360205194561339148e+00
4.723658303429184024e-01
7.182518771016185299e-01
-2.248550604487906113e-03
-3.483780303249946475e-01
-4.353544334259277226e-01
9.350026107556540511e-01
-9.788909563330662478e-02
8.695263611525830827e-01
5.692150058270101232e-01
-5.890339032107786421e-01
8.061202743528972370e-01
1.505610069450236121e+00
4.428080455216092393e-01
-1.112836796697688868e+00
1.316656229706405723e+00
2.490368142502248638e-01
-4.236319682304854339e-01
-2.635034694556974699e-01
1.564303909077169097e+00
1.290776691822055122e+00
5.996855080231866530e-01
4.143907956771242795e-01
7.688277356558153031e-01
-1.062173385683866655e+00
-7.816005686036765487e-01
-2.065302102755219860e-01
1.386151037051600365e+00
4.016345526588426806e-01
2.076472951708905335e-01
1.369975921542169628e+00
6.802789035532739170e-01
9.782594247119206221e-01
5.404610692666037552e-01
1.141641248300691469e+00
-1.502426547099754428e+00
-2.372532107591723005e-01
1.604216826751668101e+00
4.191799235730360174e-01
4.904863372201741512e-01
7.203789016079796825e-01
-4.245854859733967368e-01
1.754900109166777966e+00
-1.723724391222093699e-01
1.302729683317051634e+00
1.629873664386856769e+00
-4.442443458954059565e-03
1.225966488498094309e+00
1.088006683520549522e+00
1.063405912466991732e-01
4.021666689024852581e-02
1.444134637614013228e-01
7.682843250030399473e-02
1.374690448541304510e+00
5.831344260780433331e-01
2.679204981715375272e-02
2.627433821852996898e-01
5.137718452735253738e-01
9.058216557897511567e-01
-3.824688996318899026e-01
3.364634396427442775e-01
-3.553092296858058052e-01
9.249025817636616909e-01
-5.318334483045724648e-01
1.343280045380240262e+00
6.797730247526297953e-01
6.678043496940588852e-01
-8.919681242964674350e-01
8.161552022834868136e-01
1.615287001239192888e-01
2.273156928181731817e-01
4.024355134248658317e-01
6.753608977030014504e-01
4.905966045089130145e-01
-3.676299617753519544e-01
8.935107404540294507e-01
4.602188228328559227e-01
4.887112807340561194e-01
7.885510813547825792e-01
7.964029772271266072e-01
8.932197724580858145e-01
2.350145743129024023e-01
-3.034590693609552914e-01
-3.828962317767249934e-01
5.893140120948080485e-01
6.151798368179698384e-01
-2.690039804752054065e-01
3.094457953798604444e-01
-5.770696217041967335e-01
1.927644277114072713e+00
1.775612426296581337e+00
8.789024093292974182e-01
1.248064545369960365e+00
3.601433214107354064e-01
-1.915574052330087373e-01
1.244375241405527355e+00
1.929086574997670722e-01
-3.072474979742910173e-01
8.563129288769005809e-01
-8.961318515555199982e-01
-1.130278417564969384e-01
-8.646696952295445104e-01
7.277814767102321891e-01
9.249629649421842181e-01
5.187429070111609919e-02
8.214802179603503118e-01
8.931862565386101960e-02
5.229982674657973618e-01
8.998612313730917078e-01
1.468922240176302685e+00
-6.825792549954019517e-01
7.631446408590458752e-01
1.711038640029497904e+00
4.045857404793040679e-01
7.298879044611036315e-01
-1.734736121705380552e-01
1.305974383320106513e+00
4.756198190451504937e-01
1.003367160698141358e+00
6.623810011064081849e-01
6.761954314588949355e-01
1.225828980354669362e+00
-3.008650262617092452e-01
7.885358926143190006e-01
-5.343395141833496842e-01
6.845889905077772175e-01
1.389380146849068520e+00
-1.657314180749357713e-01
4.981448353153803965e-01
8.838571581297635094e-01
1.146303330322690384e+00
1.472884127472042559e+00
4.990966003838401832e-01
3.707440706705016908e-01
-4.431291088092775277e-01
5.775882573488716476e-01
1.393177363266842717e+00
4.582096575675464675e-03
1.909623893973876330e+00
9.675551486999061090e-01
1.232219408707701636e+00
-2.656600583273379113e-01
4.574550484965382857e-01
2.575230144025710266e-01
4.572079893816801133e-01
-5.033422308861739136e-01
3.393166668996119850e-01
9.167565894586565678e-01
2.675458623673540037e-01
1.250019505631591477e+00
1.167077252905887708e+00
6.423946364391120989e-01
3.109803582548326117e-01
5.731027695544096412e-01
3.280029857441115193e-01
1.126522922530504012e+00
8.727577234469569012e-01
-6.525426387241118897e-01
4.600576959385227482e-01
8.832977382643590891e-01
4.729011031754813965e-01
1.207629286142486991e-01
3.953674793663283227e-01
1.477244023894973557e+00
1.348341258842488788e+00
8.171360116515317129e-01
-2.669047944285965479e-01
-7.589140085892199794e-01
3.148241520547553352e-01
-2.504765851625957995e-01
6.965966969120271912e-01
2.240493649522450337e-01
5.671815356639750005e-01
8.144392008206169375e-01
1.273424684685537933e+00
-4.382485682286817175e-02
-9.871879305619010725e-02
8.763710052744001500e-01
2.430389957572857973e-01
1.230960389691025947e+00
1.610864394547412148e+00
4.705319488250254284e-02
1.289350385861316672e+00
8.049846226060998478e-02
1.248000085268727855e+00
-4.025260673273684670e-02
1.016168731457699759e-01
-3.333215907916588228e-02
-3.811919634342700869e-01
1.196405227572328922e+00
1.215796547942238348e+00
1.398533128910198320e+00
9.194731246189310481e-01
1.259722613719761741e-02
-4.097205982287782655e-01
-4.425521387544247842e-01
6.942395869729278690e-01
2.133882032239911852e-01
6.712776485934836002e-01
9.739629421801465625e-02
-1.777396847934972768e-01
9.560786302311307105e-01
-6.248555194794097600e-01
2.568281222324365065e-01
-5.812583759876464862e-02
1.349836305551918580e-01
2.748756651538534213e-01
-5.394637744172072757e-01
2.948856786230290572e-01
6.157968489046805605e-01
4.297059586671144737e-01
1.750104251223667973e+00
2.701946852498755547e-01
1.766829833081521750e+00
1.503326048850986418e-01
8.329523707574632008e-02
3.016379573416415605e-01
-5.335735503826483789e-02
9.516184339966512473e-01
1.042001850643460958e+00
-4.549739440963903592e-01
-4.619661209713380456e-01
2.739659852461354128e-01
-9.942037851703541818e-02
7.120056222980541971e-02
5.011400765200758611e-01
-7.454166758518108171e-01
3.978654474514994321e-01
1.482909909540007121e+00
2.815930699259375780e-01
6.632150853650013722e-02
-2.502301523569245775e-02
4.279842688590782540e-01
4.698571480408121892e-01
-6.173102321356453703e-02
9.974543651682479806e-02
5.362967906549950259e-01
4.447904134937861742e-01
-6.502194079370180457e-01
-8.907296566777783697e-02
5.462409637092535686e-01
1.180744787945208651e+00
-4.603144090153733492e-01
3.822324132724574941e-02
8.246980696700551006e-01
1.156539497350295598e+00
-1.620294948584281303e-01
5.388227967697826193e-01
4.609315173760707429e-01
1.536963931057034660e+00
8.441020401893126746e-01
-3.475852960377186496e-01
1.592381331733806693e+00
-1.337731758497223977e-01
8.917500818229299187e-01
1.785270390666437723e-01
1.632634059460221776e+00
9.084620771003245610e-01
-4.442589661744454355e-01
1.097455533411594075e+00
3.415450012641104705e-01
8.583431951212899813e-01
9.745363330987502071e-01
-9.108713090095586773e-02
6.855303183887778706e-01
4.787818307245352289e-01
4.701540905944649740e-02
-2.469089728175053178e-01
-3.302308189841705599e-01
1.432536252957269829e+00
1.754809843722411333e-01
7.293895746419524206e-01
1.299953775452788562e+00
-8.301294059586303842e-01
1.819994620054375734e+00
5.014916639805816478e-01
7.184935234867608767e-01
-1.321180370134081850e-01
-1.948110809142601374e-01
8.992578401886154316e-01
-7.861701706465415995e-01
4.418025422569246685e-01
2.978548819635016276e-01
1.573841616399866083e+00
5.104259097324481687e-01
7.175010872158481545e-01
-1.574130961410221546e-02
7.076519348962132527e-01
3.990201874059391973e-01
1.029228575986712801e+00
4.430000024039721929e-01
8.401160936909626842e-02
9.710853075132690471e-01
2.236377151569004240e-01
-1.499372158736953231e-01
5.559239723188494908e-01
7.342470405478360718e-01
8.499406763320856983e-01
6.405880879816968632e-01
9.454484174623741799e-01
-8.174132265586921131e-02
-1.029472529778474865e-01
1.382750028875268322e+00
1.351790484055509278e+00
-3.292924688708810943e-01
-2.245761075550406216e-01
-1.479142718458381078e-01
-5.453885516903257402e-01
1.576790149098321048e-01
8.982450347601409479e-01
-1.988439450801400277e-01
1.457665086134841470e+00
8.742828020248234466e-01
1.802056558454390611e+00
-7.633364088934262159e-02
4.227226306364640918e-01
4.611335120106465069e-01
9.712200560533452709e-01
2.133202019112948877e-01
1.209720019499956889e+00
5.127827954697909973e-01
1.146887337908580218e+00
1.058444251167278027e+00
9.751705596270863197e-01
2.689266949569764642e-01
1.118489676859873772e+00
-8.055642696859897922e-03
6.674208920247527432e-01
-5.379502395144029059e-01
-6.426115921780142237e-01
1.331425631842919843e+00
2.974819261862078346e-01
3.949209615346563340e-01
1.396761911463333838e+00
1.614425898977359386e-01
7.070556122497076990e-01
9.595342175697582077e-01
9.699383378931619726e-01
1.640311978371705282e+00
8.077301593094096122e-01
1.927563072459863580e-01
1.809002709544774157e-02
-1.555442715229639894e-01
-2.164260807301261191e-01
1.457895878322075900e+00
-1.863898428710782929e-01
8.130091482866671493e-01
6.237749317017864392e-01
7.421100566436095169e-01
-7.330751935735568825e-01
7.766076818738640863e-01
6.452041220536866017e-01
4.774839505681496288e-01
2.648735976831746997e-01
2.198222070705387055e-01
-5.040874360063893889e-01
-6.796245342874485118e-01
3.111738450987316384e-01
1.458171734971072331e+00
6.289171026795812303e-01
4.866699130933233031e-01
-7.597295345146961587e-01
2.010617843308151464e-01
7.673683651940416128e-01
1.417443571414160886e+00
7.209191176813111168e-01
8.767521751164308874e-01
-3.030642633160373078e-01
-2.854305818787170046e-01
9.628583834718427159e-01
-6.687028061587975136e-01
6.253799579904442130e-01
4.185314328210543167e-01
1.021044837274257266e-01
1.356669599849847030e+00
2.460144311309452325e-01
3.485715714606509863e-01
8.655328496029413010e-01
5.853954524097588763e-01
8.631871042255968574e-01
2.940435059014278041e-01
2.642314288291499058e-01
2.036144784318854872e-01
1.233088750258696908e+00
-1.467058589822105352e+00
7.101554564377233758e-01
-6.416065757541957737e-01
1.573061638128668616e+00
-2.307029155164112555e-01
1.149115816594917572e+00
-5.331811821281660091e-01
9.546937433996037781e-01
7.216583896401870812e-02
1.252378068364633501e+00
7.807481333928095735e-01
5.936407080030668970e-01
2.344765571723348152e-01
5.719745937984134221e-01
1.028652054319659115e+00
7.286944568915134646e-01
-8.961522345443365678e-01
6.436357853876777391e-01
1.919723059845433732e-02
2.522839260494614266e-01
1.567040201589580128e+00
-2.732893858102032336e-01
9.202355645336832701e-01
-1.302638549215436314e-01
6.062276430973823071e-01
-1.300230639515017605e-01
1.311190845885870759e+00
1.593952496453963530e+00
1.136536570996062645e+00
6.902392697903622087e-01
1.048391223716811593e+00
1.072992622177921518e-01
6.439682628474221460e-01
-2.354310548788048352e-01
8.295942898065458704e-02
1.989216869130688847e-01
3.852702162197103875e-02
5.200790182527094130e-01
7.091216742448594457e-02
-6.722816048861750271e-02
5.551701923310886633e-01
1.648538883052187431e+00
6.710516105461186154e-01
1.277089148911934924e+00
1.058138681479219745e+00
-2.105837240845451486e-01
1.269936047971753412e+00
2.077368611218461392e-01
-5.014997140198075298e-01
2.372472433066419750e+00
7.844024994298460784e-01
-1.035775168746999597e-02
2.191028854117824665e-01
1.099042226848035014e-01
1.069130811695619521e+00
-1.667228073822385748e-01
1.122381683525330187e+00
8.809310614287638175e-02
-3.635466263927351616e-01
-5.022261052624202859e-01
-3.572407302911157490e-01
-7.890253634406597938e-02
-1.607822768356530485e-01
2.418037331660836398e-01
5.400091655024048531e-01
1.043047985999956850e+00
1.027746613231184991e+00
1.128114633808093847e+00
9.090334567559129608e-01
8.546406289985630789e-01
1.461598322568646635e+00
6.562442717218447408e-01
1.081389260145059206e+00
4.690057574935232454e-01
6.581139466902675705e-01
8.564763401614522431e-02
7.402228974600754130e-01
4.362893338924344611e-01
1.840401572400105934e+00
-6.486584816079260518e-01
9.012639494200874735e-01
-2.965806921531313756e-01
5.035679465073528149e-01
1.063321878219302546e-01
1.476875607598235218e+00
1.133087033650476139e+00
3.593883003767901485e-01
-4.625162268589237402e-01
2.237493359298218520e-01
1.530257531680515731e-02
1.039402319773759187e+00
2.398161930972381173e-01
-4.412153442807924958e-02
-3.383827361353225482e-01
-2.719936172881788281e-02
7.938242009452376458e-01
4.750467419933772639e-01
7.521348519863928495e-01
1.299199083938154642e+00
2.277941244075293858e-01
1.620578922802022315e-01
4.020349585029722728e-02
1.042836926598137204e+00
3.740371386270033294e-01
7.655599581409189280e-01
1.351296532145800783e-02
-9.121877681386078573e-02
-1.669983502152134758e-01
1.700337207636365422e+00
5.637915250592867578e-01
-6.783033601553801750e-01
1.132731820330885597e+00
-7.149137122801304534e-01
-1.431336560435981786e-01
6.528195828541679679e-01
3.762288128435387069e-01
1.932661607234310019e-01
3.782009691774426141e-01
1.160464701077674521e+00
1.351619911760067794e+00
-1.329110421070175407e-01
1.527394312323223646e-01
1.304570137367624394e+00
8.351074261039371782e-01
-3.552231509040268964e-01
9.942688967541699618e-01
4.180314366295451167e-01
1.156952477811260094e+00
4.204418268830126260e-01
7.085567222831867795e-01
5.842786357558509280e-01
1.417532388839293001e+00
7.447061103075041100e-01
2.789254432353444058e-01
7.604768888956195405e-02
1.222033297889440151e+00
1.166733757022180989e-01
1.661607411271603940e+00
1.761115848917753635e-01
3.485211644226250405e-01
1.812902964065712164e+00
9.024615524875926331e-01
-2.454200157032711271e-01
1.189267628550849665e+00
9.681658212277249875e-01
4.057606857270434908e-02
1.037967847995905801e+00
-4.584110317628102560e-02
-6.263951243055383700e-02
6.666482627305132524e-01
5.197045363039473065e-01
-4.037336395974495951e-02
4.155520523137254396e-01
-8.986529758346115671e-01
-6.015218375386096605e-01
-6.637519888626797204e-01
-1.149214778348539856e-01
-1.644063930890919956e-01
-1.227398981715242254e-01
1.685547715797065749e+00
-9.945792350418032612e-02
-1.753288973470209788e-01
4.764846441296732849e-01
1.179127186755713763e-01
6.784004408840835776e-01
1.043797196151881712e+00
7.513508741566052862e-01
-2.774007771153439994e-01
6.662397726825892708e-01
-5.405090553776935591e-01
8.870423659611570422e-01
9.056097785704486647e-01
-2.192485026389938418e-01
-2.288467317000807411e-01
1.774819972577263094e+00
3.905857648045452657e-01
-9.077930527931396543e-02
1.218177918628991385e+00
2.418724943482238043e-01
2.615850860643158526e-01
-2.131190340271088557e-01
7.805853280965558971e-01
3.935659667284994723e-01
1.118040606503419854e-01
6.584115873482576653e-01
1.022087655228652414e+00
1.785567244074628135e-01
8.140655855901176574e-01
-1.345657223385753332e-01
4.256935655500832527e-01
9.270603361653676489e-01
1.232211257798405957e-01
8.383391261702298758e-01
-5.220538402631846875e-01
6.445017051802309771e-01
7.507368159970398969e-01
-2.743477918598327125e-01
9.075057845287732849e-01
-2.354067854689157469e-01
2.397850593803113051e-01
1.282179957028938055e+00
5.634298671548861048e-03
4.714004864203757417e-01
-2.261356092872825463e-01
1.067071727713309715e+00
1.175009571834443101e+00
2.725613546214055161e-01
-4.466395232407300298e-01
1.763853684101657660e+00
9.003272709729598366e-01
4.494449286505139418e-01
4.867219044366611347e-01
6.111244152379129435e-01
4.622858153785083801e-01
1.442989573691166871e+00
1.198093261703292667e+00
6.826913864069555915e-01
-1.010965199521706603e+00
-4.631191817244431630e-02
1.099916222330898252e+00
1.251586618299572184e-01
1.170698259249179030e+00
1.951153501565918713e+00
1.038136737715682489e+00
2.492656486645421499e-01
1.380962514701819410e+00
4.131766814759987305e-01
1.399905625411691723e+00
6.924885210776665634e-01
3.556691886141473136e-01
7.934689812800022057e-01
5.905094180232861589e-01
-1.411052967746168896e-01
-8.324284960731955785e-01
1.093519704277653437e-01
-2.481908040846920738e-01
1.830172612358090811e-01
4.087303670635095143e-01
1.088296064315927181e+00
-1.011548553969870701e-01
3.130030492375111134e-02
7.586390115242845900e-01
6.831070988796663634e-01
-1.755093411900381650e-01
7.151760201570563913e-01
8.860653721470350686e-01
9.014468269584988702e-01
5.269044252806702466e-02
1.906795652160935273e+00
8.558153559296681756e-01
1.246033957107705259e+00
7.226296952598170176e-01
1.405748521368184845e+00
6.666534343512356409e-02
1.146011945286996792e+00
7.748127986043812365e-01
2.497246834674910626e-02
-2.873389383223742821e-01
1.421470326141929030e+00
5.713197506373367540e-01
-3.861951051686993708e-01
1.806373257457705439e-01
3.976882943768779155e-01
-7.733953869802078218e-01
1.095439585178199282e+00
-1.205246312698830900e-03
8.975790936764019845e-01
1.246356730447263139e+00
-5.417953513183138003e-01
-7.286798126007865140e-01
-3.639272301882959249e-01
2.993174940193413930e-03
-1.020949787953863985e-01
1.961431003585524802e-01
1.374603441825621886e+00
4.811477051939456184e-01
6.492543128527022978e-01
-4.524993943379195804e-01
1.175210045072026255e-01
1.809563662335262890e+00
-2.917251436134500886e-01
8.129749961288355031e-01
6.185186185216052790e-01
4.265681586169220441e-01
1.394079030804105779e+00
-3.201514976654594447e-02
-2.161586108005055795e-01
9.803195488378986244e-01
8.778342226011002225e-01
1.048787094207377812e+00
1.093996447279041717e-01
3.936681284852017182e-01
5.789304994332294951e-02
1.466175159445589848e+00
-8.796024228627018493e-01
-8.041675166180554113e-01
-9.891748997770452023e-01
1.002486235792234170e+00
-4.756091141000748923e-01
1.592565348617329013e+00
1.167627903865502415e+00
1.214428700083003410e+00
2.940662546313172476e-01
9.317457731987365266e-01
-2.762983863728486755e-02
1.166344292143270955e+00
-1.023743022570608174e-01
5.524607664245956284e-01
5.172404303809129411e-01
1.610285604525449665e+00
9.530293466179726725e-01
7.283291896819328315e-01
1.876696172955999997e-01
8.266824719025481771e-01
-3.421661867024760051e-01
5.870143006538629249e-02
4.456866764907329026e-01
5.693548825083387666e-01
1.032785953148426250e+00
1.478508578621953840e+00
6.949757815525653415e-01
7.302050289040400155e-03
-3.307488788988284245e-01
8.813274490775747649e-01
1.615072736904976658e+00
5.694392104283489964e-01
6.893247140373774950e-01
-5.204430927928269668e-01
1.438329176946291810e+00
1.610709435779155596e+00
-3.276163539166050964e-01
5.799325376798465659e-02
2.108385456352827259e+00
1.236722441927690319e+00
9.431451160191006711e-01
1.689951997103962045e+00
1.074056646415122579e-01
1.417398012855017653e+00
1.216156285714266927e+00
1.105899336997919313e+00
1.368204166146391954e+00
9.771956399494949874e-01
1.413616188023772091e+00
9.640601592517740459e-02
1.040181549522256166e+00
3.675266164055920326e-01
9.528403558725681011e-01
1.587986951674360547e-01
1.314827445328939692e+00
1.089131136384069443e-01
1.302418408665430904e+00
1.728391197767004339e+00
3.596180496295482421e-01
-3.374972256209631261e-01
2.414792940276674904e-03
-2.536164001939509305e-01
6.937255343227293203e-01
1.695393874471165407e+00
3.737744813259327725e-01
-2.042617123991333772e-01
1.019153067637112331e+00
9.023027359258024571e-01
1.344302251752057309e+00
9.190488503220746175e-01
-4.430192466643442101e-03
1.013330001434854244e-01
3.069416626579530849e-01
-4.444592995888566045e-01
-4.148185241907665355e-01
-3.166883680368548504e-01
8.550402235535909945e-01
1.413117033932683064e+00
-1.483863875118243969e-01
2.432051525244713353e-01
7.352232345023015370e-01
1.387575549697127320e-01
1.203047774258103608e+00
-4.882401460884325944e-02
9.115635676002810106e-01
2.387121986066919721e+00
8.602406749550575160e-01
4.819260382091817840e-01
-7.014641619502848258e-01
4.027383935626684952e-01
1.031164023249896866e+00
-7.561628929502827168e-01
3.185189573368708005e-01
-1.378223336167090918e-01
1.232647502664056427e+00
1.087354891182546135e+00
-2.753290733093769482e-01
4.569913110607370377e-01
6.017965364252312321e-01
2.274437747896137230e-01
3.424472302126998491e-01
-4.167529526503854220e-01
6.741466822789077273e-01
1.406885611325167984e+00
1.010770299661063243e+00
1.429416483170265373e+00
3.518853921640370253e-01
8.848097702634332151e-01
1.091307867882338911e+00
1.231277251984839172e+00
-3.609276285298983478e-01
-4.794106346123879203e-01
-8.766419539301101294e-02
-8.275153885396950570e-02
5.969880334912370801e-01
2.220086119671021152e-01
1.018206766126453111e+00
-1.635472933075359792e-01
1.492844145603465345e+00
9.868411374275214420e-01
1.085754594167361725e-01
1.299321604569107169e+00
1.353978443248570196e+00
9.174909329723145435e-01
6.423166348220035182e-01
-1.081239657900438522e-01
2.002722645435711657e-02
1.284833232031565631e+00
9.409160869499515467e-01
2.622278300247817273e-01
1.087789081671754365e+00
9.238027803946329275e-01
1.203949138615904912e+00
5.002891939923066744e-02
7.900471504419648294e-01
7.359554144723887692e-01
1.510883933067242335e+00
8.849634350207634670e-01
9.332702322671364570e-01
-6.652581226785692081e-01
-2.505768946532928587e-01
1.003279398974278758e+00
1.623448110146232803e+00
-4.404422024647500905e-02
-2.376888872230304151e-01
5.887200155515472932e-01
3.533498591607336925e-01
5.388088693566834841e-01
-1.127408294713055370e-01
9.473739141015967702e-01
-9.642430828913854945e-01
1.084243005140144156e+00
-4.651213872450134512e-01
-5.012444991672506678e-01
1.022799189612386916e+00
2.719807243918226369e-01
1.700866115704798176e+00
3.144570232749012151e-01
-1.245347630850820453e-01
1.987734745258699920e-01
1.302387553598566061e+00
4.273922669170243660e-01
1.029737035714630988e-01
5.166993278171320148e-01
7.062828035296225826e-01
3.419276810916989651e-01
1.030366503093641528e+00
1.111992134412503219e+00
-2.426255389442119048e-01
8.450568125710118395e-01
8.413748763009845644e-02
9.643194997553325987e-01
3.784782023450121713e-01
6.503531902706465306e-01
4.282665953445065621e-01
9.774829006883030136e-01
1.346036021487274636e+00
2.244829893191207792e-01
1.488465429895673153e-02
4.786450155460275080e-01
1.696228617111486869e+00
9.785151681901120835e-01
1.618175489318005866e-01
1.971298360651556891e-01
1.005594243373157726e+00
2.838758499457773032e-01
4.461239839426583420e-01
1.913428336165367838e-01
1.106962969561449572e+00
1.336801943344654964e+00
8.103160890403707795e-01
1.346119049435537285e+00
-1.031301124433912919e-01
4.654293041075558968e-01
1.531843572360265693e+00
3.258404982213624484e-02
1.903124933014195552e-01
-3.714105192659984400e-01
2.021918824306538076e-01
1.016895127941243482e+00
1.484743414229384717e-01
1.214892594240444268e+00
-8.041935086852798342e-01
1.648856038127682444e+00
5.663881470253516737e-01
-1.569129688874393858e-01
3.177061806616719719e-02
-4.790513045873966980e-01
5.531389676687243906e-01
4.674160750243160911e-01
4.067619738699063126e-01
2.155805633557779655e-01
-3.058258829092795963e-02
-1.070390188403760989e+00
5.061501614658442394e-01
1.174497269139007233e-01
1.882462813488513520e+00
9.287075197965012352e-01
4.434969168921896188e-01
-1.127869198693294411e-01
1.566189287736754254e+00
-2.035620619588892344e-01
8.443269316302783878e-01
6.311389377005918178e-01
5.163263525940670062e-01
-7.674011489837206934e-03
3.865775074096212127e-01
6.404455112918879811e-01
1.328988127516670947e-01
-6.032036418217961993e-01
3.922240596099247356e-01
4.900758263097759748e-01
8.809168616380601557e-01
4.218351305049145017e-01
-3.858184812580019440e-01
6.516838227559708097e-01
5.889059839291670428e-01
5.602559077697029100e-01
8.576077254210390244e-01
4.717983854209381600e-01
7.024696932308890363e-01
7.022536684602942447e-01
5.125318664956722836e-01
1.607087182544688853e+00
1.370815858871490489e+00
7.710282894064334203e-01
1.861266287967417998e-01
2.490286697484602185e-01
5.636452857449586462e-01
1.561069619649649409e+00
2.539417702088639928e-01
-6.023050127767297646e-01
1.363600991114831462e+00
5.855291120203099942e-01
4.405450182265921999e-01
4.871042484065864486e-01
1.210179517379110115e+00
-8.781360020774633957e-02
5.337747734685439616e-01
4.208646526811818944e-01
6.974287285072830467e-02
1.561066004997918810e+00
-1.697845742541766456e-01
8.861666808551493801e-01
-1.038810950610672273e-01
1.948461731083775128e-01
1.813628028737017894e+00
3.729021026198242050e-01
-3.950309805373818928e-01
-8.807430211647014895e-01
2.540506075049083212e-01
1.417073523737404139e+00
-2.127485140579600809e-01
-3.383176926606335511e-01
8.740796078841477357e-01
9.259876664635370291e-01
-9.641380507446700721e-01
-5.468824478626995722e-01
1.467123072806766571e+00
7.423194513804016736e-01
-2.491238633122171420e-01
3.624065907700422390e-02
1.138190306771521138e-01
2.491739689732542784e-01
-1.615782182900779920e-02
9.812143611957627742e-01
6.253610920640731985e-01
9.887815281648777432e-01
-3.312525287913762884e-01
7.533412373400553974e-02
2.680660021214841260e-01
8.634524107660603853e-01
3.387245891268317322e-01
8.265427454634789450e-01
1.260818099013656657e-01
1.815918788137180911e-02
-1.278785877095639067e+00
1.384317620354962031e-01
6.036136398947580251e-01
3.866027890089966945e-01
1.149911780929824934e+00
-4.177392261685395902e-01
7.625412459147401512e-01
9.978084887221628785e-01
7.047873188029009084e-01
9.142120698057556449e-01
3.258529522321419736e-02
2.348264542268510280e-01
6.955766846504091161e-01
7.111068381822129858e-01
-3.323666395931156869e-01
-3.718473689405130123e-01
1.197433526027071871e+00
9.947920105534060475e-01
7.670994282291891675e-02
4.232016610337688278e-01
-2.005932692049172961e-01
-1.248261123201410694e-01
1.009543696689573444e+00
4.869406767031546623e-01
9.937678741793066761e-01
-9.661952571299219084e-02
1.004326325742594062e+00
-3.345449095999844524e-01
1.173067644536324394e+00
-4.893348816419698100e-01
1.005463330842196523e+00
5.289951940152615162e-01
1.246123804203990160e+00
3.884979353529727786e-01
1.062553885164640111e+00
4.709995133273184864e-01
3.272870393543343415e-01
-4.425837186100782805e-01
-4.081872602830939611e-02
-1.755103508879364282e-01
1.366622760242154622e-01
-2.223560331825919778e-01
-1.139930851047545185e-01
3.981064275291007482e-01
1.276214165059104122e+00
-9.484384051779201630e-02
6.199554568988102643e-02
1.013565571342145866e+00
-4.362335053093857606e-02
1.205694701229903520e-01
5.212196399886995790e-01
5.703504038578113278e-01
4.725002581895729192e-01
-3.105330797066214732e-01
1.151820942334350617e+00
1.063826931934168218e+00
2.209237897537816853e+00
-4.075894194021920103e-03
1.288172879264656956e+00
1.087469077492262626e+00
6.682685906387100250e-01
-1.445444735668928171e-01
-2.185064912786346958e-01
6.668409062372606666e-01
1.398324767441392558e+00
1.184107236002880370e+00
1.668912272742744785e+00
-2.641529559129417448e-01
-2.829657308021178361e-02
-1.010877317017419563e-01
-5.378302905370823117e-01
1.304719664849529615e+00
1.399101353933520642e-01
3.402139497645262356e-01
1.543874147911835637e-01
9.048124574474902815e-01
1.124677349750098643e-01
1.989263599973416508e-01
6.722457797370523513e-01
4.329559974970250691e-01
4.600523713435847317e-01
1.081235476231070303e+00
2.051008423789844493e+00
1.378081636836663959e+00
8.298423108485050159e-01
6.602528854803763059e-01
7.361100084753267048e-01
6.398847522405979316e-01
5.639162251266470749e-01
6.682473133366441109e-01
-5.156554084519626713e-01
-1.842003954195753357e-01
1.813781196513289951e-01
9.102463588680590467e-01
1.105554290119169780e-01
-5.367826358759129057e-01
4.101391174272410733e-01
-9.720521739536586159e-02
-3.430143128078108061e-01
3.043016250433807635e-01
3.993895134816877190e-01
4.053435559319565340e-01
7.433623029203932642e-02
4.985501528202466170e-01
1.811815026462914924e+00
1.024142380857478329e+00
1.039210022801019706e+00
7.091928329459072922e-01
-2.509427805053989213e-01
1.656861678589434339e+00
8.771212457932172635e-01
1.042253775407660843e+00
5.000726225054784591e-01
-1.074073115481083640e+00
6.118582690102370991e-01
7.006744043631197849e-01
6.058767015257182642e-01
-3.139813012392358993e-01
1.460282124767978695e-01
9.476796355456995613e-02
8.545669034504062012e-01
7.273004241808274095e-01
5.960411657471937907e-01
5.144328285860771954e-01
2.783151264807255942e-01
1.690059132479495019e-01
1.270885573026749427e+00
5.995170008160798369e-01
-6.947186240965904647e-01
3.420453470926181350e-01
-5.272570568806773661e-01
9.525968473997042940e-01
-9.667374210292242753e-02
-3.404585235864469595e-01
6.195646031028055889e-01
5.155251887431614444e-01
8.623432170733619229e-01
-4.799762731155199913e-01
1.515252199746929263e+00
4.890161807633393032e-01
4.990077482404963183e-01
1.420765391236294084e+00
-4.692911856714171992e-01
1.307679803444030897e+00
1.767627457197596397e-01
6.323023141569335259e-02
4.296634007718111437e-01
2.362832861771952397e-01
1.282411313652002338e+00
-8.114550767452914926e-01
6.049138585060669371e-01
-3.566656929627597949e-01
-9.102190363150586272e-02
7.072254713356399547e-01
1.247670849977101426e+00
7.756202320519594018e-01
1.593792246639034460e-01
7.322667418713225684e-01
1.064836795891914489e+00
-2.864983310269442751e-01
1.029789753987251810e+00
-8.719897582341564757e-01
-1.268830076218856906e+00
7.664341897677399151e-01
-9.995369193104941541e-02
-4.302013453214777461e-01
2.848884376902469096e-01
2.010644552060834922e+00
3.389303716791336463e-01
-9.245214401245654967e-01
-3.602205188230012123e-02
1.843176840576456588e+00
-2.023353956618844374e-01
1.606888663947637075e-01
-4.044993250188409495e-01
-1.032698308391148505e-02
9.308046305255589514e-01
1.928798353129129173e-01
-3.718860900815456616e-01
1.265624565938838764e+00
-3.992363287785639231e-02
4.823124649649214724e-01
3.636530441209744335e-01
1.152743181077610757e+00
1.131375039614795019e+00
4.975517762806626054e-01
5.382361847765261276e-01
4.792770378819971588e-02
1.476032770261448690e-01
8.091250934594519384e-01
1.059890799650314630e+00
1.933489580559533683e-01
8.191517922649531325e-02
1.288311324149721049e+00
5.180132352842675703e-01
6.687240084575619692e-01
8.048242530973395148e-01
1.225612017718024305e+00
6.546919838883494824e-01
2.892065610154924138e-01
7.226445043770741705e-01
1.047460018497840650e+00
-6.797013769250208615e-01
1.217372680595729006e+00
-3.859681816672404925e-02
2.804466393609924557e-01
1.102570206674025943e+00
1.374858241966427919e+00
5.586444155517042987e-01
2.595874495620730804e-01
1.105270887147072001e+00
1.175339456930140969e+00
-9.580904309002251373e-02
6.714857903764478442e-01
-7.220975479547894760e-02
-9.784084759485811578e-01
-5.029615374415224993e-01
-1.410838567602714921e-01
1.214672502596328307e+00
1.105537917146496518e+00
-7.146965638823435038e-06
3.257914860060561746e-01
4.129673952383166591e-01
8.574210011529496134e-01
6.805854853583069575e-02
1.277204095273822171e+00
4.501928768946128478e-01
-6.512011891944711195e-01
9.390124514058016958e-01
-7.760179939511595570e-01
7.590481067259059467e-01
5.209548520912096192e-01
5.488696448533795236e-01
1.015879703583794980e+00
9.479566013309224104e-01
1.016511416239934240e+00
1.024420723655163901e+00
2.061726551800214524e-01
3.458623884310114693e-01
8.105786205930171073e-01
9.312519104860513819e-01
8.222834155538349954e-01
-1.220489213089759051e-01
2.496603322800721725e-01
1.701853677087157068e+00
1.064992509632568973e+00
1.100017433515592780e+00
5.898794847396305885e-01
8.644983766111644652e-01
5.811195467052698849e-01
3.465001610641925134e-01
1.299300395450849965e+00
-1.030083945306460969e+00
4.203388029193635411e-01
2.654495328384438024e-01
2.477259660759707494e-01
-4.613398114622027091e-01
1.033137617559380939e+00
-9.280590969336455220e-02
-4.800216432627283925e-01
1.577663915316730670e+00
1.072492160219069429e-01
1.619292652839833258e+00
6.473417142341133523e-01
6.696183546831265820e-01
1.065412008252591303e+00
-8.832419992016243837e-02
4.249999723678877239e-01
-1.436594293267223765e-02
-8.732646507401496672e-02
-6.256772464985430604e-01
1.328846723471795110e+00
9.436113855950728491e-01
-9.403618199860180882e-02
3.790753838337093673e-02
4.698533365072306012e-01
1.119698743325341805e+00
3.424920898781963485e-01
3.334999690002008466e-01
-6.893970268281801594e-02
1.391014016725177438e+00
2.481169451275600235e-01
-5.182730439965578251e-01
-1.077341824336405907e+00
4.797472589304064838e-01
-2.510132990628050065e-01
3.067285953856546676e-01
1.005165856540742197e+00
-5.004561211683503652e-01
4.916439963456999407e-01
2.144842611368405372e+00
1.811463720399725530e-01
1.287042023836668658e+00
-3.271807769277381706e-01
2.161979176695912608e-01
1.501972159952319252e+00
-1.190907746223742181e-01
-1.815389054831248183e-01
7.028785965903254773e-01
1.098344202384458068e+00
1.953375140983376612e-01
4.781199563406229314e-01
1.249498790227039358e+00
6.569692460263938383e-01
7.497795261776005749e-01
1.006949466752020239e+00
1.005755915064613149e+00
5.651038078095617090e-01
7.722385072113840954e-01
-2.799396060628199789e-01
-6.954782588036112490e-01
6.556568125151257531e-01
-4.484032151519576348e-02
-4.425607832295498367e-01
-8.537223007672699315e-02
4.798931446750318019e-01
1.534940477217798527e-01
-4.848662529243524255e-01
7.033783095383525641e-01
5.462132070864201827e-01
2.027793099781239894e-01
8.063726887257482989e-01
7.432137747922396009e-01
-7.096477513233143686e-01
-5.286384310312561979e-02
3.519524068947503248e-01
4.026515433711453928e-01
6.755908270622725809e-01
7.107248304020934437e-01
1.149653801413856646e+00
1.107416728746037027e+00
1.350515140805215841e+00
1.435605217760382635e+00
5.823164906570947874e-01
1.343295365540996489e+00
1.631682035749486115e+00
-8.559670299203867572e-01
1.267304733530748018e-01
8.177364608774313759e-02
-4.285321441592446212e-01
1.247847288479470906e+00
3.224848023256226409e-02
-4.892702651169580572e-03
9.869473178207428532e-01
2.460094567747590777e-02
1.173369239009930676e-01
-1.654911816934825919e-01
-2.523807855610142314e-01
-4.312759915156656465e-01
1.531275944920848231e-01
1.138398996029070132e+00
1.035413444070765188e+00
1.062658756173683550e+00
1.149404587523983889e-01
-1.905110381229834504e-01
4.972501876222035766e-01
9.061358751433352676e-01
1.107889511536225724e+00
-1.399670070384186338e-01
3.105784972312490289e-01
-2.649869660544210692e-01
1.176314681264669648e+00
-4.661465693539603716e-01
-5.481264820284860451e-05
7.174583590429549351e-02
1.070612254403338737e+00
3.625241261723096131e-01
-2.395023965361193219e-01
8.990277634117054273e-01
-1.827057090032294662e-01
1.260317860843593041e-01
1.357818796246383908e+00
1.569892200185968090e+00
4.005966423428018452e-01
3.297064966226719851e-01
-2.618933719459102250e-01
6.496124649233027126e-01
-3.123680475419799429e-01
-4.128620699596831645e-01
-3.151013023592882933e-02
7.869377627706348743e-01
7.027328284584538620e-01
1.401198436249716073e+00
1.207075274416280042e+00
1.702227999858166418e+00
1.648169190851417554e+00
5.095598322182698370e-01
-3.067567298428004463e-01
-5.629144019697883694e-01
7.810379790471446704e-01
2.170083164891986605e-01
8.208909789035954141e-01
8.872268352717426199e-01
-3.369829710283893665e-01
-7.757867121877126682e-02
6.405872530254379527e-01
1.068093999621436974e-01
7.012784733599536358e-01
4.520060618581910883e-01
1.618521877954245958e-01
1.463330133443426107e+00
4.478729996467614716e-02
-6.868075230106884810e-01
2.027592088177518070e-01
3.079652164322235763e-01
4.844975318313907708e-01
-1.552869259392850310e-01
-3.563060978066436291e-01
1.264258444595476982e+00
-2.296133462106873246e-01
2.138472972648274573e-01
1.230076864514352719e+00
-3.638246008524161912e-01
-1.291215467690506880e-01
3.422289613375950612e-01
-6.933040163831701852e-01
1.272313629237489696e+00
6.377702743209348046e-01
-5.753340458162410354e-01
9.431555133683418024e-01
1.447454250382662622e+00
1.145200097465014499e+00
4.144423252056987916e-01
9.207659357304648351e-02
7.853161259690879525e-01
-1.468296970139511215e+00
7.136076990867624981e-02
1.516995422969705576e+00
1.049782084220520495e-01
9.814763730799682673e-01
9.929585243165206521e-01
-5.358115927984286042e-01
-3.391754337602344571e-01
1.115106101917437531e+00
-2.813868788096832718e-01
8.798989802553734974e-01
1.199578236540916665e+00
1.293135662046677847e+00
-8.412327961705585722e-01
7.455050570096358742e-01
-1.195201681124595516e-02
1.286392915709531515e+00
1.068780801387229751e+00
9.419637177466926303e-01
-3.170464329838110218e-01
2.659258143483968218e-02
-7.833181015358320343e-01
-1.916211376124673793e-01
8.335452690291417222e-01
3.738571466378931563e-01
7.213472671524705504e-01
-5.668531213202242514e-01
-3.374809033152953996e-01
9.973562355007206670e-02
3.795205734150849386e-01
2.222223380364719142e-02
1.818735082769283862e-01
1.626537493265626910e+00
3.814701020429908107e-01
8.254274043731278931e-01
1.483421910389844944e+00
7.233135745435975705e-01
1.138659798225530428e+00
5.616639393426283711e-01
7.539991403998107522e-01
1.114537343352734050e-01
-6.603215713574031032e-01
5.537808190137266662e-01
8.207326511509789313e-01
5.012351967798087671e-01
1.052147832580684339e+00
-1.207340619965347264e-02
-1.563000513907406575e-01
3.829750644584228314e-01
1.590111274974908007e+00
1.504756132936687418e+00
8.790259671229556648e-01
-4.641497104132031315e-01
1.603105616745677420e+00
-6.497867756385146132e-01
-2.183567764207480083e-02
8.252854696242116761e-01
4.454938954296527309e-01
1.062420732796622858e-01
4.284321534292756528e-01
5.605299027299797121e-01
-4.082992612705177438e-01
3.751988391394008859e-01
1.420149697011047429e+00
5.567543307329488877e-01
1.553824524009947305e+00
5.002261441879937154e-01
-3.833112203687970287e-02
-2.897217966870737627e-01
4.938727985652587305e-01
8.083006393396567901e-01
8.614512815252648448e-01
-1.438302937470563869e-01
8.702557786465354717e-01
4.629020352360938562e-01
4.854460320953624120e-01
2.280706510361054928e-01
1.504113041126619921e+00
-7.265417771873555752e-01
8.033951060616730810e-01
-1.046933213844759347e+00
-6.120710671638563971e-01
1.621833759018888321e-01
1.218128831997905337e+00
3.062370388902828089e-01
5.473792152714692660e-01
-2.780859499404522706e-01
8.815516867578899740e-01
1.000858466080320808e+00
1.682781436496122440e-01
6.094683973427403867e-01
2.356215118964983812e-01
1.352371981612413343e+00
1.235175695902827053e+00
6.594985381104994104e-01
-2.160679506982859654e-01
1.450735168969968125e+00
-4.160703002365609970e-01
-2.794820695414295120e-01
1.290503390968140707e+00
3.844642359783035923e-01
2.947002352117824575e-01
5.011649466767773009e-02
5.981403167744980820e-01
2.087220552240033888e-01
5.078485524410847329e-01
-3.104270499537113426e-01
-8.737027395229935989e-01
1.428914394087429374e-01
-2.109900094723340946e-01
1.440413091925870637e+00
1.368343168296934032e+00
1.034590186335954343e+00
-6.769040302194171410e-01
-1.139780192492923366e-01
2.008495876310825157e+00
2.237906684174533645e+00
1.279009157550444975e+00
6.952881996215097837e-01
1.423217880164900362e-01
1.086647968699395506e+00
1.202776920519905979e-02
1.016746304883510588e+00
-3.560115417299152263e-01
-6.223252401291496927e-01
1.964264620696967723e-02
1.391104474556683845e+00
5.357440638872132954e-01
3.282800625657754101e-01
4.919942653129540933e-01
2.145020525525642707e+00
8.779724551525323051e-01
1.326509492342075269e+00
1.192632331752365271e+00
2.862668451956136284e-01
-1.400241313698585566e-01
4.814747467466138908e-01
1.459212855842602907e-01
-2.142240261026864545e-01
1.695481496867419224e-01
4.326816237616870064e-01
8.479922317825436817e-01
3.028827497288939519e-01
2.604880430998020024e-01
7.813396013981198651e-01
1.065549786587450587e+00
1.701391289004264284e-01
-1.777110310254641501e-01
-3.987587043825197020e-01
7.571567204076716795e-01
-1.134208040191806571e-01
3.081512521853533859e-01
3.648606842838610087e-02
4.753569167756668823e-01
5.116066465237524563e-02
6.543101856449706766e-01
1.017381272771973544e+00
9.084980315066680800e-01
5.659802094050736532e-01
-7.045829609102005620e-02
-3.152367869537402445e-01
9.771383949651269996e-01
-2.424422555343929142e-01
9.436880663908582267e-01
7.026880118930228791e-01
-6.767645718996845305e-01
1.097937601295885024e+00
3.442376117040870098e-01
-2.394077437258831931e-01
-1.389433201454034761e-01
6.250814906339615673e-01
-1.687853836553425690e-01
-2.214239719173240473e-01
5.314785166466448052e-01
-5.989465484768441428e-01
1.314744212955111458e+00
8.160821943502253317e-01
4.006979732350919865e-01
3.017211272857990845e-01
1.532454782774002267e+00
2.092842300064131356e-01
1.634887715326311719e+00
6.520996463331870663e-01
1.403688545865998893e+00
4.142510581837045569e-01
8.096480302458167744e-01
2.032808193354415649e-01
7.171594395431254432e-01
1.083495795698294462e+00
7.681889226965890050e-01
4.263942355291245323e-01
5.541619096262142552e-01
4.832352481100430919e-01
2.906975874075078403e-01
1.177768982126696784e+00
-1.491497064782814630e-01
2.320736461810905815e-01
5.016107701799326080e-01
9.694714283143344158e-01
4.203547629005890962e-03
1.456903529712340273e+00
1.301455743641884988e+00
1.292813881491120087e+00
-9.955495890897749639e-03
-4.775414742123235134e-02
-6.637859912077443969e-01
1.409853396349806665e-01
1.262947543936988604e+00
8.152340638424240282e-01
1.416448382240383719e+00
3.798560348885015037e-01
-6.384789307676830283e-02
7.784141094332566180e-01
1.643686264736524905e+00
1.823227974731696233e-01
1.107067138644374005e+00
6.156614152211765667e-01
-2.730778966347356396e-01
9.452440993628435928e-01
7.168833359781577874e-01
8.506374735525009667e-01
4.314661568596021013e-01
8.255999314815442025e-01
1.043009148159417476e+00
1.318059605973458170e+00
-9.822396540341519211e-01
1.073329371615035388e+00
1.201489330197965888e+00
1.134281450510763456e+00
8.283902715272840611e-01
2.654355979841157009e-01
-6.532160368285043761e-01
9.315364751332080306e-01
1.731035697371499982e+00
9.820358804656342810e-02
4.449015112006285411e-01
7.171719536060641165e-01
6.899162166293660858e-01
-6.872884132337579999e-01
6.476231634917202218e-01
1.766430124654076783e+00
7.142300572851640883e-01
9.369770411393660847e-01
6.541599223641264560e-02
1.955411661139895563e-01
4.759556997135035439e-01
1.112035793615808732e+00
2.423479921319593722e-01
7.790989784039807908e-01
3.181920861592276717e-01
9.184541783123775227e-01
-4.146435537527571880e-01
6.664001677092957765e-01
4.598547445792390276e-01
-1.872466970715030293e-02
-2.260361285776713719e-03
2.138436928590506381e-01
4.833122155765388062e-01
1.032037706986943304e+00
1.005663682338064469e+00
-2.326564235150564430e-01
2.923046021747887080e-01
1.414771821175715427e+00
1.237675970116890012e+00
2.746694029477813603e-01
-7.088902333958767288e-02
-1.101100084750857189e+00
1.484343730433043129e+00
9.031490384443454644e-01
1.099146447029963225e+00
1.900035275992928985e-01
-2.935220091583523594e-02
3.721241153090829590e-01
-1.887153535334510912e-01
3.332762261095738032e-01
-1.260052807861467228e+00
1.669155123187118006e+00
9.389252254909589146e-01
-5.565609175227018701e-01
2.065789734018825374e+00
1.004062989010478413e+00
5.205611778735826922e-01
1.033606683215266830e+00
6.272486393896646861e-01
1.032350874314444278e+00
4.322802893664044466e-01
-1.774716876189090242e-01
7.657732565660957391e-01
-8.015171581235732701e-01
8.747470609072066638e-01
8.877179044326848345e-01
2.981921247695477062e-01
3.047731718425139014e-01
1.300848064660882653e+00
9.629504697740086661e-01
-6.648446063906360282e-01
2.770023568535517899e-01
1.573068314243747601e+00
-1.710373968929787547e-02
1.104434893344978796e+00
3.422700118252584162e-02
-5.794259633360454576e-01
9.394934372896287522e-01
5.783379385349082247e-01
7.156715268791455919e-01
2.914224887309816991e-01
9.552094644841968574e-03
7.776012073690347082e-02
4.331875447118014311e-01
-1.372434088855110090e-01
3.153106857529298090e-01
1.530942786993941374e+00
-2.013983020811203617e-01
2.592083258945474533e-01
4.022352558926667321e-01
7.572851856188883568e-01
1.530238721863196760e+00
5.213091023135305591e-01
1.091846565482957221e+00
4.508291258761537579e-01
1.224046895463885454e+00
-1.907257685032896499e-01
5.199158739690254993e-01
-3.646843893607019660e-01
-7.153999369460008195e-02
8.268821368731472665e-01
3.179033917496211781e-01
-7.131681685020635486e-01
9.298329016722437501e-01
-5.304969063695252895e-01
1.482761690636494656e+00
-1.148237305743367243e+00
6.297034927483463607e-01
1.087750357639296395e+00
-4.763046332146382844e-01
1.107415286702835955e+00
3.687999281305844312e-01
-7.538885549303614431e-01
5.617592117560382681e-01
3.151244031761939457e-01
7.616851177648146232e-01
1.564896412444214624e+00
1.413473030979141232e+00
1.153142464501792475e+00
-6.723232919619340775e-01
7.697989026486073971e-01
2.012240860898094841e+00
6.290953986259743003e-01
4.910061517306982815e-01
-1.311104233523768120e-02
8.439794166402451170e-01
-4.429198284861207147e-01
1.592070639294880019e+00
3.925929262475660320e-01
1.130622910516024815e+00
7.127437060925578827e-02
-1.294764975419974116e-02
6.844719453437474455e-01
6.531180647400196548e-01
9.131853827248471722e-01
-5.568298684457237968e-01
1.338084489849195480e+00
3.764617999200206566e-01
3.009505309177025190e-01
-1.307455330303502194e-01
-2.287619201546634701e-02
-2.911503252042331180e-01
1.179704950629443028e+00
-3.594694566893618104e-01
5.862886431705029988e-01
1.492846641338540392e+00
-4.789667100637179376e-01
1.523535285557954033e+00
-1.434747424267415195e-01
1.432200182779487518e-03
6.398051787020056502e-02
9.681439734932040242e-02
7.051513095895034500e-01
-4.152808499214044047e-01
5.840461576014311929e-01
1.348164166325452218e+00
5.312233188857110600e-01
-8.450436628244600845e-02
9.601301795765493363e-02
-4.203264888637674446e-01
4.068202197253739105e-01
1.102325566628871822e+00
1.060727005332142703e+00
-6.040748259983304974e-02
-5.395766574379098346e-01
-2.750609502500767634e-01
1.667689775694370047e+00
-1.753115946524135826e-01
1.261564694579100587e+00
8.971889548536255976e-01
1.157971064596375332e-01
1.263005537648309362e+00
-4.641417050751346640e-02
8.213810160175065711e-01
-9.097978267984169198e-02
5.205214493812870824e-01
2.582611767223816912e-01
2.384200709947457142e-01
-3.774876941974132372e-01
-1.289803184711581230e-02
4.294199779208686674e-01
7.918111976797025386e-01
-2.076957179750488769e-01
-2.271989942752571656e-01
8.197307711846562039e-01
8.915110785728964649e-01
2.672395376616158447e-01
2.230312050086988018e-01
1.454668703258383267e-01
1.243905468157008753e+00
1.255273313961818182e+00
1.611505233507776191e-02
1.373743170920297685e-01
6.140459186279557668e-01
1.607481585829320325e+00
8.938533183707521035e-01
2.251838500643162377e-01
1.873592866693038150e+00
6.140410886393554701e-01
1.504822798938668216e+00
1.381741778067860915e+00
1.473369223452667187e+00
4.722303327586644395e-01
1.618561234479101718e-01
8.653511644312140705e-01
2.146056922034883518e-01
-2.379634714601853995e-01
4.204263163613322085e-01
8.116003113693212034e-01
-3.474493328893446531e-02
5.021791155791622829e-01
-9.764021824293477037e-02
6.782051481200469523e-01
1.091419663329304290e+00
1.107145450139132237e+00
-6.725595123303772516e-01
2.622441130900936557e-01
1.770357616105203702e-01
7.467899897175876989e-01
1.550765087674318199e+00
-4.629548651525998426e-02
8.410440958912277498e-01
2.616310701339590317e-01
-1.151671000782679144e-01
8.048376475265568430e-01
-7.705458636848057097e-01
1.509990561933137743e+00
-1.956270197225269680e-01
1.054117725730927768e+00
1.924542547343789156e+00
9.321962361581982437e-01
5.431768004323043186e-01
1.063769248435311843e+00
1.321892719387899096e+00
-3.268258690525270294e-01
3.118595620440286487e-01
8.632810269107952239e-01
1.462174764295352425e+00
1.513789669705176477e+00
-3.098291530785963754e-01
9.852911011431023658e-01
9.001059348820549255e-01
8.022482394819091533e-01
1.929113267459844905e-02
3.092409652826608180e-02
9.368677840828008030e-01
1.469028928639227072e+00
9.175713886950115361e-01
-3.204838256884022796e-01
1.074809180207385140e+00
-2.310248170569781101e-01
8.636138520324668777e-01
-1.537686132952285623e-01
9.102248257615790372e-01
5.691071593400927053e-01
2.779665497764312598e-01
2.029266405658518124e+00
-2.180045328399016213e-02
-4.939822185264918786e-01
1.286802904025405869e+00
-5.612734264120909922e-01
3.862989432761175790e-01
1.161468222620528623e+00
7.061866147052506815e-01
9.210375030675841401e-01
3.115386314575219751e-01
-3.424691453425424692e-01
4.768543134386872273e-01
-1.724871494256065285e-01
4.303611491106443809e-01
-6.888388067173457918e-02
5.066483056650844530e-01
8.517649373705122873e-01
4.697041094253942006e-01
5.537308470976424202e-01
8.644385643024119492e-01
-5.680803734651161674e-02
-6.666062616695753174e-02
-1.243417631009686997e-01
1.848936146343997722e+00
4.788417978858482832e-02
8.365326862076819525e-01
2.478562356763759356e-01
5.604175136477034247e-01
-6.320885351041706235e-01
1.699296658379633451e-01
1.328777750221152298e-01
3.902273120386807181e-01
-4.883800233401193458e-02
1.823902156414441311e+00
1.677606859848937315e+00
7.236074086129905547e-01
2.032794530921139042e+00
-5.896750034089879300e-01
9.467713441138752017e-01
8.243488815260278102e-01
8.545432184665565645e-01
4.844402523329554011e-01
8.666963192020645801e-01
1.894652473646480095e-01
3.442391211234854254e-01
-2.903832422832315352e-01
-2.367607014255171394e-01
7.240671515757020060e-01
9.292287557684110189e-01
5.663696371680784214e-01
-2.944750335729984236e-01
3.701988440636271305e-01
-2.137299206553660569e-01
1.373918566444109146e+00
2.662024438583826536e-01
-1.166117086552325294e-01
1.315446409213234080e+00
1.004156835350199728e+00
-4.888537940671920934e-01
8.074817675129716266e-01
-1.785211700055348502e-02
-4.937207708453060229e-01
1.551842372335487719e+00
2.216944317592019209e-01
1.013118145514604107e+00
-1.749016829536349099e-02
5.021842046813539406e-01
-2.988145232580490807e-01
1.531775103086804035e-01
-4.339305252042902072e-01
-1.144289586614500726e-01
3.918535058897572587e-01
1.394390608247533914e+00
4.115745900195188489e-01
1.485444398675641375e+00
2.307633022385923383e+00
-2.566934150972915996e-01
3.804319414398547594e-01
7.386281297514547539e-01
-5.998650617106044969e-01
1.235947358836334997e+00
1.068545415974555546e+00
9.670336782983701696e-01
4.397736794232164903e-01
5.858122382210413370e-01
7.607977404542511923e-01
7.382780341466981255e-01
4.352305276733144379e-01
1.758982345491581833e+00
5.932356571705446058e-01
-3.410817157986581472e-01
6.891259739956469010e-01
-5.189639960142775621e-01
2.227747032900084800e-01
1.104443793815395258e+00
2.224529260075260306e-01
1.517253380001258423e+00
2.956519672019023992e-01
5.069646137723281543e-01
1.214811667843629150e+00
-8.539291118418037563e-01
3.262203016560930036e-01
2.566834861863062089e-01
5.194398539467103282e-01
3.331931252897475937e-01
1.561689176818031211e+00
1.274842834392011515e+00
8.681447663007439974e-01
7.010597729122820532e-01
-5.554104990384876039e-01
6.281896410420633181e-01
4.270281375920670364e-01
6.362206049759397963e-01
1.233345996371482789e+00
4.571080443485762701e-01
4.073877235529806407e-01
4.065912951631619476e-01
3.958498649765004873e-01
-5.705992046594099421e-01
4.063101845142189084e-01
8.668935013356068309e-01
-3.364890923447235727e-01
-3.136970072596115822e-01
4.111785835009105217e-01
1.422981883868479791e+00
6.575637429397598321e-01
7.563610357807075690e-01
5.329131544306640045e-01
6.990362653179670316e-01
5.237473723736877362e-01
-2.923288380601730685e-01
1.615858419555294523e+00
1.390639576728498472e+00
1.763732790866791911e+00
-6.372283414850623551e-01
3.724218989440021554e-02
-6.628840001021201189e-01
-5.010286492112672740e-02
5.315457752846360906e-01
4.557361397230874078e-01
8.099434859362202310e-01
4.133202622863476616e-01
2.776318905136200901e-02
1.461503071133699372e+00
-2.226167058476923311e-01
8.354919460426253330e-01
5.433298710139090604e-01
4.177916791934810914e-01
-2.499732125539554789e-02
-2.247244016838333136e-02
1.093566733074033737e+00
1.588651536867579983e+00
-4.476870769721237875e-01
3.551158383505368943e-01
-9.249644962676101256e-01
5.368770494976958796e-01
8.569955452666501161e-01
9.204798474282805953e-01
1.112645587785825674e+00
9.296009958686458630e-01
1.135259687798211736e+00
1.057840181655063549e+00
1.469482633577076092e-01
5.552951077602605867e-01
-6.401896778205894423e-01
-2.702500751214997887e-01
-9.231420211405411136e-02
7.704040831455903904e-01
2.880813199307832861e-01
9.395379841687780953e-01
5.743479205164425672e-01
3.621490266182893492e-01
3.118824533034864066e-01
4.537797558632132855e-01
6.542475831650598761e-02
1.658541097951991006e-01
1.923563188446458794e+00
-3.427700046531269307e-02
6.542710166413695516e-02
1.128897295538971335e+00
1.403672027749423012e+00
7.329117265219509125e-01
6.347519848541415266e-01
6.434492608153467019e-01
-5.494524844190212115e-02
2.199829108942401301e-01
3.556982490158325932e-02
5.830458727506598882e-01
6.079927050462926585e-01
5.584067867061779378e-01
1.206134207645120915e+00
-6.311263452213142777e-01
1.034378136544277682e+00
1.243337805023601472e+00
3.180273205738508996e-02
7.438988423086225765e-01
1.314868661060789590e-01
-9.604035805558501782e-01
-7.409328811281279403e-01
5.943617007239164751e-01
3.289513072104750524e-01
-1.150290149982901300e-01
1.280138338846877666e+00
3.775090756928992652e-01
-1.188533075381696669e-01
1.634826391730209050e+00
-2.299117415580993751e-02
1.395400529527405453e+00
6.194274801021902865e-01
-2.450433576250282686e-01
1.110345379335380134e+00
8.169967072500723404e-01
7.011273469490176824e-01
-5.357882280002117942e-02
1.575271276725710878e+00
1.153264507865548127e+00
-8.906606678254730403e-02
5.758302494516729514e-02
6.886706232920193349e-01
3.772038026968588253e-01
1.132221135463460371e+00
4.414408319584005591e-01
1.140098119269973731e+00
-1.545863701113942279e-01
-5.459400761682317027e-01
2.113614181634559941e-01
1.274175846987091187e-01
-1.716489327256944253e-01
-2.968759274223908284e-01
-3.800900877037179937e-01
9.459181403093749330e-01
7.220460983348396811e-01
8.370632409776768146e-01
-1.808855330107486392e-01
-4.897842794603837202e-01
1.532451244390728440e-01
-7.825804185876147345e-01
2.009416408446385471e+00
1.161941178058682356e+00
1.303467883073128775e+00
7.278086257775935319e-01
5.982675578478823253e-01
-1.240444555633853085e-02
-7.672453548643766441e-02
-3.273468011829532842e-01
4.211661155988855043e-01
1.152443408119851576e+00
-4.265219784069335107e-01
6.187830728719326823e-01
-1.571835572571285700e-01
4.211572241031309449e-01
-3.039657796252239266e-02
9.183433924770538770e-01
1.848246172369333307e+00
-4.566673785852633505e-01
5.093028096407464789e-01
6.262786329694300935e-01
6.653746487877898463e-01
9.927010399831938114e-01
1.066586320978790692e+00
-5.258688844731254086e-01
9.084607130917106144e-01
2.455704986341677998e-01
4.519107044841756404e-01
1.061594286539409238e+00
9.740539750380942108e-01
-1.171711103771484741e-01
5.394627277590160475e-01
3.048579071598213064e-01
1.107222273637965770e+00
7.084706947130373633e-01
4.235346647463199554e-01
5.158009092996549416e-01
-3.305732142256991718e-02
-1.137107299418951001e-01
8.689767168865157876e-01
1.083300722797271021e-01
-6.059299127574251376e-01
-4.389593179808526369e-05
-2.194777764000378495e-01
1.055778630445213917e+00
1.246714595201221742e+00
1.618665446528858576e+00
8.844711388044838030e-01
-2.112881212744606441e-01
4.426582005700180344e-01
7.594394250131457635e-01
9.253609679309771074e-01
3.081159510586117256e-01
2.311096677362366458e-01
5.609598898711912751e-01
1.184952779127451006e+00
4.516660536146698268e-01
1.676089759342018759e-01
-2.264700156446126378e-01
4.661705648751098829e-01
-3.917724150085638568e-01
7.127790355545000622e-01
-2.499710707113993180e-01
7.997968804175832336e-01
3.590826055141911888e-01
8.576806807586617731e-01
1.094249812512692266e+00
3.767026436214043761e-01
-7.390203014528661241e-01
9.561604332251114613e-01
9.174300385514854161e-01
9.970692999748874685e-01
1.505547773439484205e+00
6.192458936524607438e-01
1.381960593546018301e-01
6.822938616768968734e-01
1.122037497438044040e+00
1.039698633548657325e+00
-6.580037455626034371e-01
5.504162930798924824e-01
-5.487926442791872528e-02
3.557371422258449045e-01
1.047382338488621167e+00
-9.136647218134230641e-01
-1.727723495446748525e-01
7.692846022666539607e-01
4.157615814054615999e-01
9.868638521815330522e-01
1.417973382172167840e+00
-2.487179740818656337e-01
6.780297178910237310e-01
8.458678683987936875e-01
1.507472616443403579e+00
-2.129179166232475218e-01
-1.353808274567685349e-02
1.553640774249930967e+00
1.631144146324824129e-02
2.378005677566384923e-01
-1.190425700947501109e-01
1.336276460214705086e-01
1.704319984617091555e+00
2.638832954754046223e-01
9.697588623179597134e-01
-5.416050719779035710e-02
1.103220546872629049e+00
-3.424128378463053152e-02
1.239313538100844658e+00
-2.664393461409434588e-02
4.149123108080912670e-01
8.999168398134221869e-01
1.447983647483127356e+00
6.647039230140502353e-01
1.912431315496312401e+00
1.350971515932360978e+00
1.098456236872921599e+00
1.028562281447637644e-02
8.125727421535906547e-01
-5.540880008167347048e-01
1.612245732980387425e+00
7.296911115909539003e-01
5.332922971262115119e-01
1.192647753997466697e+00
1.100758683322913267e+00
1.199272221575328201e+00
6.637101784333336862e-01
1.699011983595456243e+00
9.446309096489275969e-01
1.136301641446987309e+00
4.596175651542724339e-01
1.777326962403014576e+00
8.589327657642281677e-01
8.963576140367800482e-01
3.166500528294620143e-01
2.179340939256730614e-01
-2.802164844660902654e-01
1.348191387832697430e+00
5.304566263467807019e-01
2.338778941249449073e+00
7.984954219011480836e-01
1.158756447165067982e+00
2.731488374946606790e-01
-5.713035370855876205e-02
9.911747144265505849e-01
2.458495421359932487e-01
1.552830213063292053e+00
-1.733655310743734829e-02
7.523063010210665480e-01
1.453099971070752061e-01
3.971727727733838642e-01
-8.357516266912821123e-01
1.202188029088844951e-01
-1.145801142251781313e+00
-1.396300457078087920e-01
3.466157408681401209e-01
1.604163169143883350e+00
5.802479296019057431e-01
-1.571703982652247755e-01
1.591843721962749036e+00
-1.155078169163667456e-01
3.436469316961435760e-01
8.110127566727072246e-01
-2.929514422571454224e-01
-8.669426510382662876e-01
1.405433883142248042e-01
7.231469036725930444e-01
-1.436009490607199623e-01
1.458984137011570592e+00
4.042969196584244029e-01
-5.991201347936849775e-01
5.257045911751065947e-01
-1.239747698821702104e-01
3.165421900610265182e-01
9.558236100138987057e-01
1.892258012940768674e+00
5.156333143968246935e-01
-4.127879150651531659e-01
4.275537649674380214e-01
-2.902286335623990854e-01
6.033720226032904810e-01
7.556402927049335472e-02
4.603802355506766419e-01
1.996004218909609218e+00
9.890338695071287933e-02
1.048399368278508437e+00
1.208194488792964982e+00
2.093838258507453531e+00
-5.617638119051509005e-01
1.049281446844114951e+00
1.080961397451093875e+00
7.857989166046824847e-01
8.960198637487086781e-01
-1.233332524245089601e-01
-5.595643043250078108e-01
1.665297796166435917e+00
1.188291706154495087e+00
4.608832718721105337e-01
-2.727872720987251087e-01
8.683734888158498588e-01
-6.208690705840326229e-01
9.642907004594467035e-02
8.269511505195819012e-01
1.469225862716416753e-01
6.888366190388829358e-01
7.485980492888054671e-01
1.004843165817488559e+00
1.379024909782190778e-01
1.053932882963453999e+00
1.437577762882945864e-01
-4.614893412288910146e-01
1.098237118774217924e+00
1.090982382139600526e+00
-1.720167797395406525e-02
1.119087095119880804e+00
1.239302544239368142e+00
1.742968011905547954e+00
1.228191825328344040e-02
-3.853562764356862069e-01
6.310952861198810826e-01
2.504655639691820146e-01
3.708341352253564649e-01
-4.342791825445144194e-01
-1.412118505119859535e-01
2.080550924190669171e-01
1.184731193772608604e+00
-2.036589281300149601e-01
2.911216827041351318e-01
1.035986067289691448e+00
7.463577719090166429e-01
6.072155416049987986e-01
1.162012812233537140e+00
-2.483806880833487885e-01
1.574475454183286716e-01
1.010477705474916776e+00
1.030964730934515877e-02
-1.020792373507784095e-01
5.766918353148763332e-01
9.515749726549534993e-01
2.840106702303579062e-02
1.815507113112538207e+00
-2.983285519928015050e-01
5.864268800229083256e-01
1.520642716155932606e+00
7.571099971611842117e-01
3.906319347128948682e-01
4.350339085100090597e-01
-6.127159102131012058e-02
-4.908123967311107672e-01
3.454126941069802226e-01
1.961298161476758617e+00
9.413170096089804595e-01
-1.134986513420356002e-01
1.802688318476954432e+00
1.334873855200607862e+00
1.538984352679958700e+00
5.309529239160281078e-01
1.172236169922470150e+00
4.202259409784809274e-01
1.251333540623756457e+00
6.656659378740585886e-01
3.650105521683183474e-01
1.806451037282886252e-01
1.327891631583398402e+00
8.902974339029815498e-01
9.467264809242457169e-01
1.613063325514464685e-01
4.062774475641030558e-01
1.819543828709763389e+00
-4.883683563524092719e-01
-7.894820676995865094e-01
1.019289089254183267e+00
1.574359424774202099e+00
6.048779398260950568e-01
1.516348860208547533e+00
1.257630194907460641e+00
-9.032685230370390839e-01
6.720215081625636744e-01
6.232793512991112728e-01
1.082550532695748746e+00
6.467438113409366141e-01
4.017461422450604447e-01
-4.073033005044138788e-01
-4.548756779727893274e-01
1.208340855288657201e+00
1.009654597500327489e+00
6.883982936666574459e-02
8.884145141589249173e-01
6.663909496659228271e-01
7.068471633275531518e-01
1.087066552207332171e+00
8.169793981982333975e-01
1.207315265635700463e+00
1.333917028858423892e+00
-1.687596338965293707e-01
7.561601120595672354e-01
3.290845756209457851e-01
-1.804798815759481312e-01
-7.699490522479679466e-01
1.169003517540812220e+00
5.230323828904179795e-01
6.988748520167099576e-01
7.751957830284107454e-01
4.089682246319810699e-01
2.196675975536844516e-01
4.019828620611062275e-01
9.242257731261240838e-01
1.210809556462036252e+00
5.805538236089239357e-01
5.810695402272769011e-02
2.818935653949700137e-01
3.843148340347047331e-01
1.624062137094761937e-01
-3.931364744083558627e-01
2.486674720011522732e-01
1.092469197409122295e+00
1.951056300551141098e-01
-3.490270764943048110e-01
3.478146580517978981e-01
7.009641531970779438e-01
9.885102232678124601e-01
1.556536628396139044e+00
-7.316216304769700141e-02
2.458492258979900758e-01
1.062775991242078888e+00
1.907271095672931072e-01
4.495045485294888454e-01
3.993680782270928598e-01
-2.342095331241944856e-01
-2.579334333913546051e-01
1.186571801167917606e+00
-5.911892872072826988e-01
7.189981627969760369e-01
-1.620297624529807856e-01
1.368985275075119468e+00
1.209875741319965448e+00
3.739220029891505703e-01
2.907724201556712296e-01
1.231867086905152897e+00
5.740530333747024816e-01
5.927240974025685949e-01
4.702142643170436065e-01
-9.817597885057767204e-01
6.019087878206812459e-01
1.779162474531553739e+00
1.871812249489600344e+00
-1.223872444534782472e-01
-3.156935178880657111e-01
-4.154116666195377672e-01
-8.904903442422450466e-01
1.044301828904140583e+00
1.037697815012937341e-01
-3.844089008352403192e-01
2.703059527326091560e-01
1.264678394662270611e+00
4.165704810779828349e-01
-1.079335981041953801e-01
1.518924417202805133e+00
5.765919673498305364e-01
-1.394563726670808856e-01
8.701138536231065590e-01
1.622174813037663865e+00
1.565186981762550777e+00
-4.818053280964870733e-02
3.983702602502219303e-01
1.693583584173334877e+00
9.258402350710888129e-01
6.137062027829780497e-01
6.841522529439910683e-01
3.566686715846059119e-01
1.152766603517024535e+00
1.256770185694324082e+00
9.030979902759203592e-02
-1.076591026642271381e-01
9.892828879581025969e-01
5.250304610014482343e-01
-1.160384125171375624e-01
3.813706681659496667e-01
1.014709167018295721e+00
-2.501921606297154987e-01
8.615367802856426227e-01
-3.460511642128900889e-02
1.091721322089760804e+00
9.335466525990926412e-01
-4.392088576089620000e-01
-1.964599368244662192e-01
1.828789729718278467e+00
8.242149810643040198e-01
3.455351718763644553e-01
5.518887873085915885e-01
8.460302573243034807e-01
6.191699317713135198e-01
3.408049105144779489e-02
1.634464198485257924e+00
2.036649498021086302e+00
-2.216597749555695163e-01
1.034868184742889496e-01
6.929070783506917630e-01
7.249886720736779810e-02
3.838019514252439257e-01
3.327628374164417480e-01
7.001254961101529561e-01
2.124536616416667911e-01
4.161982481991383653e-01
2.055756227595410823e-02
7.286795418751755848e-01
1.020195264008846081e+00
-4.937593428049891209e-01
-1.556932901114446988e-01
1.364430601277830446e+00
5.114581541352222205e-01
-1.400276980023472118e-01
3.237207442063704810e-01
1.010251399406173922e+00
1.479522566178389509e-01
3.016553046141020600e-01
1.226863992147976035e+00
1.051891931990306839e+00
5.332170075881348392e-01
-1.662388816977750094e-03
9.956822092263940549e-01
2.498727212727174796e-01
5.317602182295058100e-01
4.843716633742158884e-01
-2.120490713238941671e-01
1.109171992763727937e-01
1.127475872889851738e+00
-5.489160273909050591e-01
2.634049290824367895e-01
2.501019984322787049e-01
1.106286509826529318e+00
4.305219561721931321e-01
7.393785620255547419e-01
7.813903942040980599e-01
2.413553329305291317e-01
9.508303884423698893e-01
2.730390085123571842e-01
6.488641698810676539e-01
6.485444201623974392e-02
-7.141909260898439138e-01
4.026856153298050689e-01
2.883704974890491934e-01
1.334640415890503640e+00
9.537887085842390311e-01
7.684714140949943095e-01
7.430657293311123679e-01
-1.124532554398969930e+00
4.167312906971736286e-01
1.254346222738345062e+00
-6.441438891494448704e-01
6.751442498513861024e-01
8.006985574434550834e-01
-3.012618470583974251e-01
3.641130463582771259e-01
1.280959399254931297e+00
9.264210887153055962e-01
5.623306850359401921e-01
7.460299607693859913e-01
1.832738212629064223e-01
-2.523778342704912636e-01
2.016043858573380310e-01
3.128251829606172874e-01
4.729690766873688723e-01
-3.899250370736578319e-01
7.322222658418714447e-01
3.687198187321026888e-01
3.807391252651266544e-01
9.227568432292642120e-01
2.071903639191940982e+00
-2.370224273714800489e-01
-9.366391587643452254e-02
-2.346852005491426862e-01
5.695524807841232384e-01
6.171783529332869334e-01
5.224170898782863892e-01
1.022581197686811105e+00
7.966403845729772559e-01
5.614185623097678324e-01
-7.954436891085190364e-01
3.989970957845627719e-01
-5.070346725890945150e-01
1.038452734050983484e+00
-5.166250038120583782e-02
7.702231704157816994e-01
3.097735840375626624e-03
1.636591011614098701e+00
1.316494148314130586e+00
9.267676652775982404e-01
5.010774124016016406e-01
1.562211944920060880e+00
1.387435196209463539e+00
8.393067971276415573e-01
1.014795715550113941e+00
1.303729216842724137e+00
2.321749388941932168e-01
6.379000959209408794e-01
2.226212952054639274e-02
8.638254399657003813e-01
2.205344387523722471e-01
1.256447180715387635e-01
6.686187832851542279e-01
6.769109030236332147e-01
-4.461418390896810804e-01
-5.051689000836264709e-01
-1.274587013647446643e+00
1.306298189505646357e-01
-2.604799566425339274e-01
8.215618287220050053e-02
1.140263919323361685e+00
8.662236787053746445e-01
1.059315030360426402e+00
6.986160263719733976e-01
1.155692000784213080e+00
1.392938515292062363e+00
9.448341189209409352e-01
-1.954407428480384734e-01
7.315142167665253936e-01
6.281422528092738267e-01
3.680286720296454539e-01
7.107419119091081816e-01
-5.311368761969342822e-01
5.220987000086761975e-01
8.625584858922851206e-01
-2.387782047799981711e-01
5.179644677004666686e-01
8.872202701529055546e-02
-2.258243328532143490e-01
-7.355318286345681189e-01
1.099321468840851246e+00
6.066451226797597851e-01
2.879662739580952646e-01
4.835737477857774413e-01
5.088313312555424739e-01
1.060742415062027710e+00
-4.206352130003870871e-01
8.611617089737727548e-01
1.666350438450463489e-01
5.216461646209680225e-01
2.855531188290032496e-01
9.994376767976544951e-01
1.040849807388831705e+00
7.786944630708682036e-01
1.250094492832886650e-01
4.441831516760900156e-01
-3.278752224885216338e-01
1.691446601711862896e-01
1.508110931127176757e+00
8.996413290156106690e-01
4.060659140221070107e-01
1.585828137687193662e+00
1.686828553952365528e+00
-7.371662214789206358e-01
6.661347770406698954e-02
-3.039651110128523404e-01
1.082794372368166780e+00
7.792198629492695927e-01
2.783500870289962736e-01
5.596830721052770130e-01
5.602360264378736243e-01
1.413039260166662814e+00
6.458233622202249613e-01
1.506998828026805848e+00
-3.537983125749824542e-01
4.684049608152435901e-02
4.857045132758151529e-01
5.083643880624456601e-01
2.332819755709942267e-01
2.319823231187743695e-01
7.909195775856029398e-01
3.615233827754022466e-01
4.542017918350295114e-01
-1.212582219041917139e-02
-2.621830193505351181e-01
1.016448210239029537e+00
-2.762592002027053351e-01
-5.927379118739475872e-02
-1.427686000817686256e-02
6.868748740587965473e-01
-9.788873004105478337e-01
5.818171297678693676e-01
1.094313745818685124e+00
9.858676646863987481e-01
-6.888816273984216254e-02
1.405960041400472926e+00
-8.332141074242712664e-01
1.084631959636034537e+00
1.842396734527780577e-01
1.080340093845120197e+00
-6.139352245180873524e-01
1.564140078424037239e-01
6.295157240207746585e-02
-6.825213223690623776e-01
3.788907141128556866e-01
6.825532955911366439e-01
9.985394127929370089e-01
1.188792364403609358e+00
7.762079983502924163e-01
2.724515310776484123e-01
-4.695250130380550502e-01
-3.051765346757753794e-01
-1.831335989213280224e-01
-1.846461105060769881e-01
1.418980131923409438e+00
7.228313108948554166e-01
8.246952827754857607e-01
3.243358942437046255e-01
6.134379028854941573e-01
6.505077862933950072e-01
4.959209815518672015e-01
4.992624916669854418e-01
1.774187790032840883e+00
4.149202400581148420e-01
-4.408264263974238650e-01
1.791231018421968857e+00
1.273044841197477739e+00
-2.014686039901792541e-02
1.025831541941839564e+00
5.193686658155334257e-01
-2.318875391283302667e-01
1.775600908318390792e+00
2.739776507699144548e-02
-3.307745343465779975e-01
2.857427453940674170e-02
5.039656722601667527e-01
-7.687698223936814679e-02
6.668944485108165843e-01
2.128694353913117010e-01
9.301891899412213782e-02
8.081793297355756023e-01
-2.737997478235135868e-02
-1.996044558544359249e-01
1.322694860073588830e+00
8.361705821212437328e-01
6.443322062881610135e-01
-3.608100662895553923e-02
1.275806523996468322e-01
-9.711619421769965288e-02
-7.817144740020637306e-02
3.519447108116755540e-01
3.942783161182207841e-01
4.146929446430423771e-02
6.517469483369768835e-01
1.938545617152455103e+00
5.277874964200611752e-01
1.045829160727534124e-01
-1.412512207474879711e-01
1.423689973400631192e+00
3.204209383661251187e-01
1.063617819563068334e+00
-9.638761162140541128e-01
2.634318362686807191e-01
9.881660697527304693e-01
1.081778841616455322e+00
4.585748753701097136e-01
8.729859667327350969e-01
-1.002265082774635552e+00
-3.834666077219563984e-01
6.052183335265692854e-01
2.659446983462744329e-01
1.056316649491784609e+00
8.593282808561056862e-01
7.386468935875326602e-01
-5.265301703797069521e-01
1.648703203921028315e+00
6.653951480702978705e-01
3.232617435455240607e-01
3.794101887299741738e-01
8.640988469315732390e-01
8.531566694117544980e-01
9.145798940709051195e-01
-2.647506359192918768e-01
3.683583491044615243e-01
3.333249090579292750e-01
-6.092731106647777395e-01
5.147059728140906953e-02
7.746154198575792016e-01
-8.020331356823011681e-01
-9.328586167186482536e-02
8.353619933059613922e-01
-3.013231896586097691e-01
1.117485404616267886e+00
6.564517553517853488e-01
-3.165892589049285610e-01
-2.154564036869875965e-01
5.635243712199325961e-01
8.466594487765874977e-01
1.448227869266353940e+00
-4.303748442595334844e-01
3.817603703628836415e-02
1.240684158407079796e+00
1.169829404725109434e+00
-2.765341923561105419e-01
3.018332750452866198e-01
-1.479113181272521949e-02
9.268577790095092750e-01
1.263520777661927719e+00
-3.757393766125370349e-01
-1.774607966275424942e-01
8.687474597422902844e-01
-2.565252580367289315e-01
8.334068345873341110e-01
-2.768040538192970690e-01
7.622639247888401970e-01
1.111384554944309322e+00
1.243952269297166513e+00
2.309421304045039258e-01
5.029131978216738741e-01
7.553691021887367629e-01
3.688713216550797425e-01
-6.636463793802837019e-01
9.503713010161997099e-01
9.945063205592872269e-01
1.412514388908812091e+00
2.837026602986381651e-01
8.736474918858579963e-01
2.870025052053116754e-01
9.093369245207634233e-01
2.597642155788572049e-01
7.700880756610186673e-01
6.285060885003561637e-01
-1.235247923763457267e-01
6.230788862054796873e-01
1.985838526652271563e+00
4.753043684886194553e-01
7.450039317967497299e-01
1.312095384980284551e+00
1.561516332076832381e+00
-6.296714900811384297e-01
1.257607477896880654e+00
1.083476653678970392e+00
-7.515646334878045565e-01
6.818641208146429822e-01
-2.993663515182269919e-01
-1.534560466942300749e-01
1.537896540557407210e+00
1.509020196877792319e+00
-1.166480671880104403e+00
3.570416123145284115e-01
6.818253068821972240e-03
1.370465778707496973e+00
1.112852954418681817e+00
1.960865870454278070e-01
2.711631491914579528e-01
3.720364902744306423e-01
2.068562282435256083e+00
8.983443337167660303e-01
1.493706809253706247e+00
1.445840070054402293e+00
1.064417793839234072e-01
1.651963306162883283e-02
6.650544284653028826e-02
6.648209437036218805e-01
1.335040044919986402e+00
3.504785325027317405e-02
1.468015832383599895e+00
5.113188432210706846e-01
1.119002043739989682e+00
-5.899877231669334865e-01
-1.943445041094190445e-02
1.701218469858628790e+00
1.020520576376995558e+00
9.147489337264638198e-01
4.566752434297279700e-02
-1.582359615665244190e-01
4.190191381953555783e-01
-2.983763456561912553e-01
5.766225389407173552e-01
6.736477490087330877e-02
-2.770350296893492326e-02
8.781391928065204189e-01
5.771393103560550353e-01
-2.205399792141755355e-01
9.346549854684688130e-01
-1.629363613150702772e-01
1.105713475359072495e+00
4.063098671373140958e-01
-3.621934439709278419e-01
-6.878293606563736784e-01
-5.398155132619362195e-01
1.275840417191441922e+00
4.154472447726798023e-01
1.183263976318961852e+00
-5.002811187425765249e-04
2.557951877512285588e-01
2.263817985269674093e-01
1.296948530894260321e+00
-8.949871248566176885e-02
-1.310617052436374164e-01
4.116241587828319837e-01
1.158577141103731556e+00
-5.333872686667410212e-01
1.799284010037041082e-01
6.090309845426477020e-01
2.129088384826650637e-01
1.171065683789344503e+00
1.286094774620092807e+00
7.588758089039844279e-01
8.204922791697822904e-01
1.438090657025849817e+00
1.034943814649005978e+00
-3.429744206523529515e-01
9.431109612263843811e-01
6.855122128928765601e-01
6.869650716579176475e-01
-1.814943189483741726e-01
3.552521716503609372e-01
-1.096533834261371076e+00
9.356215453021573536e-01
-1.689885787592324551e-01
7.004363693552106973e-01
-3.961224362153310530e-01
4.579820576061776616e-01
5.196220999970017074e-01
8.683283483493184907e-01
8.266912632743783629e-01
3.618855444848843028e-01
3.581558907290745553e-01
4.099420125744515642e-01
4.991013706046092402e-01
-8.312609892859588179e-01
1.942112405145240972e+00
2.876553488623224686e-01
-2.777621668815401235e-02
-3.520019332088372144e-01
-3.560494056079508418e-01
-4.355330031993754347e-01
3.400071879191330915e-01
4.868135815439472158e-01
-2.263696335154371797e-01
4.994958399012816574e-03
-2.239267907472534680e-01
1.842196421365702164e-01
5.839533631398612368e-01
-3.038194377213556674e-01
6.518197290780193554e-02
5.644566882507489058e-01
9.436789794082476313e-01
1.321325335543922730e+00
1.600304095239634683e-01
1.584436829044573170e+00
5.334583963701535758e-01
1.718136350961246561e-01
7.958021194325229919e-01
1.506448507431108030e+00
3.003079110730403345e-01
1.268896565780297303e+00
5.919057393777538145e-01
-5.535348817046725767e-01
1.341958509523434095e+00
-6.435813635588653048e-01
6.288411588939391006e-01
4.338938176873103347e-01
1.184150595149997320e+00
1.146337777671511959e-01
5.855207306829659508e-01
7.832194100364414657e-01
1.676896065555755211e+00
4.176877462613495240e-01
3.574320019640998547e-01
1.624177620825268731e+00
-1.296446564882501207e+00
1.207845160924698319e-01
2.933918993787668072e-01
7.712304445017854893e-02
2.961587868339966845e-02
1.042166495572521168e+00
4.291732438726990340e-02
1.220663579737573390e-01
-1.392552369007976854e+00
-1.120557198410264271e-01
1.176553759791731935e+00
-3.548941971537701856e-01
2.605476393743940688e-01
3.727431447362017369e-01
-1.423362202949348398e-01
1.753512047256000073e-01
-1.664649731615763795e-01
9.946761584453159832e-01
8.421836989115596417e-01
1.246226612972744174e+00
5.770474018116662496e-01
-1.179218053891770146e-01
1.774793370599949460e+00
6.468016848972315547e-01
1.549157124041425027e+00
-6.136290797601242630e-01
1.172366582425042880e+00
7.324344611129895988e-02
7.513502993185001977e-02
3.835117589778219149e-01
1.365629778685219176e+00
1.050828200410919289e+00
1.766376270907453527e+00
5.405274613252502025e-01
-2.341847737433882803e-01
1.240534962788979456e+00
1.418702844768808591e+00
-4.310060725726370251e-02
1.598322726986928677e+00
7.061484153909559636e-01
8.072981867358127728e-01
2.056976299559806876e+00
9.521077903392385355e-01
4.165775625201301735e-01
4.170113045229786874e-01
1.168633519732448001e+00
-1.679304919969470955e-01
1.312293237131697543e+00
1.061811599747524149e+00
4.645281777826603675e-01
1.447023827605785851e+00
1.029356419972583314e+00
1.057599817267404374e+00
7.857958879525268892e-02
-4.482756519672322360e-01
1.238642118026402061e-01
8.129324138929049370e-01
9.998611042470318955e-01
1.864680458742181690e-01
-4.880167661565757986e-01
2.367891799085588833e-01
-8.630138837303353849e-01
3.801980347924418524e-01
1.899584822455988309e-01
1.008829481962619790e+00
-4.887584106447466215e-01
2.242828509978306017e-01
4.812361429446751493e-01
-3.051874181762994631e-01
1.153180527619628304e+00
6.584751329805550446e-01
-2.059253734830297777e-01
-2.446785077842999756e-01
-9.289222736731460317e-02
1.759428937310400176e+00
8.220002010291524996e-01
1.593463923208405797e+00
9.591877694125682252e-01
-5.342941980417557912e-02
-3.102601788096288615e-01
3.658930924091931547e-01
7.650883499526456299e-01
1.731409220234694235e-01
3.623471992065478431e-01
1.537026164210799906e-01
2.779404227141757944e-01
3.440725064176480830e-01
2.737701634532052064e-01
-1.830054708177018541e-01
1.273670539923037470e+00
-1.978735931210010013e-01
1.135804245699041815e+00
9.366364157032532889e-01
3.592570211815251935e-01
1.511114297549669860e+00
-8.691924479910561052e-01
-5.614126585316236984e-01
9.533919381912457913e-01
-1.194528159227276759e-02
-2.516465005203465388e-01
7.018499506800045529e-01
1.120069955556509456e+00
1.069352168806948500e+00
5.786647149803147983e-01
-1.659409840305582293e-02
1.445012685431801280e-01
1.237031622723491653e+00
2.074680321043572903e-02
1.426694378740787972e+00
2.575237882502071640e-01
1.571220521262123027e-01
1.119512233473633600e+00
4.517796172095628338e-01
8.032722837677259697e-01
2.951749943576380264e-02
-3.887011156315672150e-02
5.883944440915403473e-03
1.819771717889024365e-01
-1.494819503472475108e-01
6.014760736614835901e-01
-5.264151999925874292e-02
1.830363595296813806e+00
3.946243432541663432e-01
-3.465260058947809418e-01
1.423140932070163123e+00
-1.628998653419150289e-01
7.311412357798230399e-01
4.301956755080142969e-01
-2.512352212772417936e-01
7.454509422624164827e-01
1.081375248268012790e+00
7.843945952568909252e-01
1.277299444018134889e+00
6.899762260901965982e-01
2.137140775819984739e+00
1.099541443323191592e+00
9.163106696344061053e-01
3.374792635014577935e-01
-3.219662732108858477e-02
3.073297491292329986e-01
1.300979587451553288e+00
3.453954957285035876e-01
6.149137090539431583e-01
1.849415257066917839e-01
6.966702726969052906e-01
4.035248373790503718e-01
-3.736636713656902309e-01
-5.963537024610495590e-02
2.821729843655460535e-01
-3.161967160495801066e-01
1.900081686350513444e+00
1.011878865658142779e+00
7.891117893707555453e-01
1.110981221285806342e+00
1.772223198534016997e-01
7.671203437341004294e-01
-2.839296696597197189e-01
-3.276217870892165762e-01
-7.166499897635973670e-02
5.523479366437328286e-01
2.783936731072121917e-01
9.843842752583429334e-01
3.819249406024145532e-01
-4.466546731160576586e-03
1.033752732910246663e-01
4.147416176088661866e-01
7.406000680208596476e-02
5.286620579696091893e-01
9.182027151317263547e-01
1.026147628240485332e+00
1.763879891944568068e-01
4.366399055918064875e-01
-3.328796656561210932e-01
7.389547534104337623e-02
-3.333474437041987759e-01
5.230153709659609573e-01
2.947270199561181636e-01
1.723325457537015770e-01
2.095159211461513904e-01
7.157793345341133540e-01
-3.753032051512450451e-01
1.114651579176926033e+00
1.532181397981695392e+00
5.604417198672667633e-01
-5.682898594839626005e-01
9.551897006356179221e-01
1.372493727784621198e+00
2.609619735365496518e-01
1.129806428232030369e+00
1.742352202897608227e-01
9.212005267961586030e-01
-2.626361162061959797e-01
3.735694008541953770e-01
4.227475058961431276e-01
-3.586914952007301816e-01
7.756729880096641105e-01
-1.014208749099035634e-01
1.027678976885791629e-01
7.564239031484706333e-01
1.368209707104514505e+00
3.647958805126912951e-01
1.051318576847700692e+00
4.471440754698194353e-01
1.287983349404819400e+00
1.296551048578346688e+00
-1.471534002378138972e-01
9.695480691933160422e-01
4.633791069221926961e-01
-4.527806221213440674e-01
1.539522476591043354e+00
-2.313802962308403877e-01
7.719900900965080970e-01
-2.252184120082727503e-01
1.332520196096218301e+00
8.923267520624830196e-01
1.129938616086125780e+00
4.905768603040608355e-01
1.646262740916065725e+00
9.220975224430910666e-01
4.168723216107780849e-01
-2.389110525228489434e-01
3.294606103670533748e-01
1.182117286149031443e+00
6.707252862258875070e-02
-9.975785094738338910e-02
-2.865011303267001042e-01
4.551403417210484470e-01
4.638088510228442485e-01
-1.797241538780309233e-01
6.314040626935887857e-02
-5.745556015894766055e-01
-6.928618666531763393e-02
4.700615842501731367e-01
1.328361080204444253e-02
2.829340147337515154e-01
-6.086210373477829449e-02
5.963054487905181666e-01
4.434629326982898051e-02
5.813556668275953188e-01
1.690409851523524409e-01
1.138052820024558986e+00
-2.509323435793259227e-01
-2.938959991843106967e-02
7.752699142278715039e-01
6.554570044138259277e-01
-2.435906123961116276e-01
6.027799867866838746e-01
1.232684859966859392e+00
1.030686277936317952e+00
-2.821747546944619045e-01
7.994145358023038161e-01
-3.963334020680462366e-01
3.506512420405512309e-03
1.113912179262068314e+00
1.088739455718004345e+00
9.955390050886634423e-01
1.225203489162121961e+00
3.892210727060956832e-01
-2.669944837829817397e-01
1.446775119936527743e+00
5.864413292678620493e-02
1.014321264800514877e+00
-3.860599037976410464e-01
2.196900427366312580e-01
5.775566153267361891e-01
-2.790832565566754853e-01
1.552638344826941762e-02
4.025540692756266470e-01
-8.662953706781204022e-02
1.897963019240098026e+00
3.320501269168473768e-01
-1.412178844492903429e-01
-3.830057344125415986e-01
-7.422217501889798452e-01
1.133890197064339189e-01
1.972186205514591339e+00
6.019448244224880895e-01
8.276204592552072192e-01
3.026696383625570030e-01
5.680278691303241034e-01
1.126901879555876951e+00
2.760905952396455199e-01
4.625459794193949037e-01
3.934733084522888391e-01
7.351189695293526283e-01
8.184266668648831899e-01
7.345492987965865916e-01
1.329919291643554935e+00
1.321213248377133054e+00
6.129504371331053747e-01
2.074989391904819236e+00
1.237111715991175420e-01
5.897456668095345522e-01
8.191490259338548574e-01
7.942909341843406024e-01
1.596316135241223177e+00
8.426344263073887175e-01
4.500540710751110285e-01
-6.473149385592275040e-01
8.693626729250825136e-02
-4.404672055516435369e-01
-4.613395404172365710e-02
1.029443162933078915e+00
8.007656124993460800e-01
-2.166995593430561529e-01
-5.848252651531749002e-01
1.072041152820040644e+00
1.376373069441692853e-01
9.546011105662638441e-01
8.065772095499609273e-01
-2.616955031150383082e-01
-1.896002145731283672e-01
9.875016694034739750e-02
8.204502716406559815e-01
1.901057256231077908e-01
7.474470204384680017e-01
1.360537888211661439e+00
-4.561227862065010408e-01
1.712448968161915386e-01
1.416915774328654232e+00
1.853024822856366161e+00
-7.685454233217393905e-02
2.912271719644480283e-01
9.899995477026263258e-01
5.594700668112392861e-03
-2.675863283378049906e-01
1.053338532740812905e+00
2.408886326843786077e-02
1.242811694589037286e+00
3.318714001571904659e-01
-8.960045333924362421e-01
5.774028072228851727e-01
-9.673158772053425808e-03
9.875970219529873750e-01
1.088472047235414575e+00
1.778204375271265514e+00
2.614838564555148070e-01
9.270628321313718612e-01
6.357819504672486410e-02
1.024609753665147283e+00
1.095168437838179409e+00
2.887642888605985725e-01
1.294129740008197471e-01
-6.836861090627229798e-01
9.446463929624886458e-01
-3.741701934001960828e-01
-5.791865755895280188e-01
1.513403833264624243e+00
2.191426029229368577e-01
6.547421515039461015e-01
3.388077861218223852e-01
1.469001801918003114e+00
3.698964283236510497e-01
-4.862671814921349922e-01
7.504968198196976248e-01
7.164810365259650649e-01
8.463890673077500981e-01
1.094757290028311347e+00
4.623413613810286038e-01
-3.537401657047760106e-01
9.402653996427344785e-01
1.527027950720614813e+00
1.200959114555257834e+00
5.950208593381282052e-01
1.295033823387657712e+00
-3.306248815164209987e-01
4.478275683191563772e-01
-3.993990213032744263e-01
7.413908780389106834e-01
3.883355746570525957e-01
1.020875190964705137e+00
6.344900995062016102e-01
1.332701086745251784e+00
9.882884510815803658e-01
3.807518143320507975e-01
1.234200338536313168e+00
1.146463236624338133e+00
8.845141971053018803e-01
1.143462668882099020e+00
1.251321795287866134e+00
1.062265016843076504e+00
3.875499246872546322e-01
-7.288978900707580033e-01
-8.249376817787039406e-02
-1.975159338675876453e-01
6.027626442878051272e-01
-5.942985738316688415e-01
5.463048099731683260e-01
9.823852940677166856e-01
1.400653166669159511e+00
-7.866880277659650256e-01
1.785392879172901792e-01
-4.101166769322275307e-01
5.488031796766436043e-01
1.496865398654981583e+00
4.650043184958866510e-02
5.796925194312907426e-01
1.003114751578920050e+00
-4.662780786284614343e-01
1.755327423517309693e-01
9.557894113250546830e-01
-7.197723944200001833e-01
1.522453643884668362e-01
5.858629759558794392e-01
9.340941270677535213e-01
2.961365050861726744e-01
5.128052945026205789e-01
1.702366022139072954e-01
1.245647942124110896e+00
-4.525176649004342133e-01
1.708059628143960618e+00
7.730112663246393456e-01
-8.354540566862107831e-02
1.889936259943174379e+00
-3.060255016509926818e-01
2.176682952918283231e-01
9.878719265309856556e-01
6.547527537419175481e-01
5.613231398316556042e-01
5.666071670890033829e-01
8.350158005327870114e-01
-7.293831946379712994e-01
1.095414415601053820e-01
4.033272716231685040e-01
1.197346202829564277e+00
8.710532005754796359e-01
-6.187926467851743162e-01
-1.164761890009658046e-01
2.928351482568350983e-01
-2.133330526763603519e-01
1.319587419150087593e+00
5.889507252648632507e-01
-3.123612962277297900e-01
-1.380953414001134250e-01
1.293038397030917830e+00
1.465931921447233721e+00
1.154900965950525216e-01
5.823597986774368268e-02
-1.536643036844650978e-01
-2.945194135845715655e-01
6.818829777973770545e-01
1.174954363907011246e+00
2.832239166720176282e-01
1.408784690599807154e+00
5.081059577014837014e-01
1.453303876608049161e-01
-4.321595204991993122e-01
6.319269479991389549e-01
5.763702817528917333e-01
5.373262537503792347e-01
4.609405776359934981e-01
-6.605038518694521521e-01
1.058095966343361782e+00
9.646513409335375488e-01
3.667586498586985488e-01
1.868197968309682211e-01
1.231031453653031127e+00
1.069283860048108492e+00
4.286768155829475124e-01
1.508377941835000957e+00
3.728119630859904610e-01
2.656832563791521329e-01
-1.134897685071714346e-01
1.154645176792049144e+00
1.383761109430409642e+00
7.942794882500364695e-02
1.236821035879934305e+00
-4.281245751841633584e-01
2.264015527329603095e-01
8.386848530814667857e-01
-4.319701725734283460e-01
7.211461733185654532e-01
-1.031593643643523642e-02
4.194480384328864719e-01
1.137574008239086387e+00
1.528521665672016583e-01
2.601582040470677426e-01
2.149718610103696914e-01
1.593645602975492404e+00
4.991304405970486413e-01
6.503406257311969974e-01
2.330282911259958567e+00
5.191283872314744752e-01
9.292731813921405459e-01
1.292357367251459888e-01
8.702901293432855345e-01
8.661645402892361734e-01
1.404204703211585192e+00
5.113216379513556564e-01
9.535965183921282229e-01
1.242541044553654661e+00
-4.751165265013176375e-01
-1.836944485480055123e-01
1.339543571643249331e+00
1.465850928960887201e+00
-5.851009801332620608e-01
1.000773770952181341e+00
6.995043405174989903e-01
1.087372384549965210e+00
7.081754353757733211e-01
-1.636999762847368423e-01
-2.968369815047010030e-01
1.038653238467188933e+00
-4.646270820247143107e-01
1.160099951840986243e+00
9.604093466596957951e-01
-3.798828580179701708e-01
3.760079389739443556e-01
-3.408476680332767628e-01
-7.796806638412723256e-02
1.781081891114455917e+00
4.039486164839223847e-01
4.554526308203625251e-01
7.926120982549531568e-01
2.339736160407751009e-01
6.861839535490077413e-01
5.316171279964018725e-03
1.492415840215868705e+00
2.789139353151113832e-01
1.519355310575164264e+00
2.551131692332738593e-02
3.329303544936467185e-01
-8.054904631910940749e-01
1.155396533489988053e+00
4.353245237750652530e-01
6.705927070640778087e-01
-1.563615102105045063e+00
9.411541213771426051e-01
-2.429382265855161566e-02
1.053648329159940111e+00
6.686611764610552733e-01
7.979591702136685782e-01
8.872380552203369408e-01
1.298003637771354635e+00
1.415503629449728296e+00
4.487970092743160944e-01
-1.259183020838615941e-01
2.657619192077896320e-01
9.183253996043646561e-01
5.540825786823906363e-01
-1.956727844329256838e-01
7.760421833893003107e-01
4.606898120121677431e-01
3.241650090306114618e-01
6.366076643634380750e-01
4.950362905822551784e-01
7.164961071874517140e-01
1.168258543784446823e+00
-3.332507505687231641e-01
-1.339172751708241349e-01
-4.539742784479582349e-01
1.566006641191038273e+00
-7.443261238944318681e-01
1.809670900591305864e+00
3.786450872955415270e-01
4.238796372223780848e-03
1.425005373059105018e+00
-8.641701237993024698e-01
8.768614143011529416e-01
1.071061360667457052e+00
1.007546564341679218e+00
5.511448587566004642e-01
8.003144306564027310e-01
-9.705349847626442150e-01
3.956201755072392134e-01
-7.316660554086793500e-01
1.090747853450250826e+00
1.260810302463427346e-01
1.624613026657396153e+00
3.555596201730842343e-01
-2.274943668870788860e-01
-1.014738738781642668e+00
1.169837434884006599e+00
3.163912818837953389e-01
8.763146247527182631e-01
7.794907426784891680e-01
1.430015666453948286e+00
1.688724932538402168e+00
3.107247617869138834e-01
5.246937103581582607e-01
9.235850132556621128e-01
4.350850649177603890e-01
1.168852478882887347e+00
3.323682204801266249e-02
5.210623691367498589e-01
1.505373732789606900e-01
9.368605894914130428e-01
-4.384854368938696512e-01
1.099340297142936684e+00
6.012521266834627287e-01
1.038105682284040432e+00
4.323209451963846428e-01
-4.451867081984043351e-01
4.298304216627856777e-01
7.248581225466635969e-01
9.277747049771019050e-01
9.860112398609581774e-01
3.387268125036104194e-01
1.450647951977392491e+00
2.152176120563844997e+00
-2.801590684175046461e-02
4.819298262129702581e-01
-3.267745760840125024e-01
-7.075253273445371305e-02
1.231387767011804968e+00
-1.582094499766639739e-01
-3.782777186461210861e-01
1.600706856142914747e+00
9.441121546768816986e-01
1.405312439921632128e+00
2.625480133435172808e-02
-7.236165838167922526e-02
1.433033177812886860e-01
1.453432217932995263e+00
-1.874776521320839495e-01
3.401641306695277756e-01
1.007306611356228343e+00
-9.996883803107663446e-01
4.537877292658226702e-01
-2.664255068940552529e-01
3.160672742541831837e-01
1.226378212910169685e+00
1.479477410065959564e+00
6.689680063910240504e-01
2.972370242728263334e-01
6.692524561004995487e-01
-4.934604754335985555e-01
5.963224660871577765e-01
1.730120052391112884e+00
1.981674903680794853e-01
1.227152157639918917e+00
4.803530139770164076e-01
1.744761455968434127e+00
-9.250894506486819768e-01
8.967961658785117418e-01
-7.348519915708124906e-01
3.127871757595375168e-01
8.311925988504327290e-01
2.035593855905783567e+00
3.768950354317908702e-01
-2.048096317421324308e-01
-3.002078959474064890e-01
7.394152735460794990e-01
3.367913547627531812e-01
6.303129003842110611e-01
1.733502965941994711e+00
4.886161644906014123e-01
2.548919499978404835e-01
5.329853398742862014e-01
1.949717515115073407e+00
-4.204259596593956094e-01
9.440182709536930616e-01
1.177344339295062353e-01
2.755732557209947253e-01
-4.029296271725754108e-01
3.181562521245343000e-01
1.153921333771495528e+00
-3.414671721644226832e-01
8.277058357401207989e-01
1.052674581710251411e+00
-8.540603190175181103e-01
1.188134517095136733e+00
1.066069874370506376e+00
1.095445815725661354e-01
4.623897154259311582e-01
7.765442584950690286e-01
9.228987798004067988e-01
1.235212965006230013e+00
-6.628910520604406331e-01
8.881966160009283628e-01
8.027843415056585830e-01
-4.229903670892394274e-01
-2.452332733862028907e-02
-6.916685724725105677e-01
-2.445481733770695221e-01
-3.118399340330560432e-01
-4.105921977879840035e-01
-2.552656950075219422e-01
3.114943516178809158e-01
7.737182274328368026e-01
-6.005866927496603669e-01
1.006425909889218318e+00
1.055355763969415772e+00
9.616599091508026831e-01
5.947923269377348304e-02
6.651984177350164784e-02
4.649806655932767208e-01
2.465750450521070336e-02
1.151656397919497976e-01
7.803651742280626191e-01
7.955952670056359866e-01
1.898624436336963983e+00
3.736584774657422114e-01
-1.456664989597497850e-01
4.326240005382329112e-01
3.054944118411980769e-01
4.633141606043846283e-01
1.117599931419251957e-01
1.400267445768803798e+00
6.868463227860680531e-01
-2.679633417290702146e-01
2.065676631187527423e-01
1.164030634859544722e-01
-2.674416817341400687e-01
5.382614026648944172e-01
7.966648778191587343e-01
6.422280869869773090e-01
8.304690778302781240e-01
6.324549726063157795e-01
1.613191096129064750e+00
-6.616748902996447690e-01
3.867067204209118092e-01
-2.750235332807684507e-01
8.578854705472979125e-01
-5.166082170252843664e-01
5.452693856155618191e-01
7.955769705282356163e-01
-6.675654207733603407e-01
-2.466384705281725598e-01
8.495685256726048795e-01
1.838810686582129650e-01
1.049750156895663311e+00
5.307778727892340509e-01
1.825739592083487350e+00
1.445108484734252574e+00
-4.575610390206320127e-02
-2.102760594601591482e-01
1.215018662323819942e+00
6.265499268075125361e-02
1.251440253377713141e+00
5.270397271084132917e-01
-2.892524763786555320e-01
-9.393105664250783401e-03
1.393040325012132818e+00
1.203844868011469282e+00
-1.217294388253604032e+00
9.319955339173826570e-01
-8.620987529000334604e-01
1.025082936349098084e+00
4.681372737234374970e-01
9.189314784933038105e-01
6.918288114571761183e-01
1.082921028486918624e+00
4.021673742891781478e-01
1.307973481138747340e+00
-5.248248826330322858e-01
1.784796839134623198e-02
-5.171767537212033083e-01
-2.793637325972310181e-01
6.211901491629101546e-01
-4.978998391920495120e-02
-2.745198152735298103e-01
-5.316441044096933410e-01
1.461999716538915584e+00
1.031565704965240915e+00
1.236800049304316529e+00
3.621656205032739440e-01
1.002553318561967277e+00
4.698052687392995641e-01
1.208844922209485029e+00
8.956386117480566456e-02
-3.350134586773026446e-02
7.933055663552255332e-01
1.326397704271112143e+00
-6.444573350041652438e-01
3.807090941595696054e-01
6.657507607083763546e-01
-8.262840066821667273e-01
7.901821192560737339e-01
2.183700248398336541e+00
7.900672460494004845e-01
1.339473014098031101e+00
3.342244321995796463e-01
5.183559802051880272e-01
8.429248177106553330e-02
6.734809641132802893e-01
1.318924010144213677e+00
6.198888429203416317e-01
5.478764217217068078e-01
7.820201767040172447e-01
-1.252703604195972042e+00
4.266517684591408788e-01
1.430825490909078068e+00
7.145135784718057437e-01
-2.031944431940105322e-02
2.715788923196964522e-01
1.520141295668687997e-01
2.169477681954768977e-01
7.274634390657157557e-01
8.043048355857058962e-02
5.544589778145515568e-01
1.215684280718027033e+00
-3.206304900118193135e-01
-8.685188707657573448e-02
6.603419006183710582e-01
-5.585008229200428831e-01
7.197222396895119889e-01
5.147028006165697001e-01
3.788697748820856193e-01
1.091408483132849661e+00
7.742090525686359803e-02
-8.504081390410549446e-01
9.080975617757439111e-02
-1.117104679515598553e+00
-3.899633897897315515e-01
4.700280627733772754e-01
1.965570265571952857e-01
9.877530948543740141e-01
8.855435826033135616e-01
1.425716206907074346e+00
6.309171681585914460e-01
4.901706532436285735e-01
1.480905429920158500e+00
4.951301795369661418e-01
-9.746583175755572925e-02
-6.708174373883293296e-01
1.034418533345865254e-01
2.945732966773836892e-01
-6.717085729026656127e-01
4.540860321312763515e-01
1.738562517111992833e-01
1.003725940011229945e+00
-5.931783557612066438e-02
1.163364850080130797e+00
4.537549552696379940e-01
1.634662976673785906e+00
8.671754480057749515e-01
1.035545691807804314e+00
2.062539471380470335e+00
6.474226345639740865e-01
-3.492491587853495394e-02
1.322670463605451152e+00
1.076960456958161894e+00
-8.366295095544176164e-01
7.088798731254067897e-01
5.497025409721394418e-01
1.380999364218474135e+00
-2.532261483712467398e-01
-1.955734919782648740e-01
1.624719401893470527e+00
1.684573851269055123e+00
1.579729097403726579e+00
-1.650216874859211369e-01
-2.164187089952974152e-01
-3.829933229248419502e-01
1.088146786463129789e+00
-2.421302804338718029e-01
3.356274001885466984e-01
1.276370931182031487e+00
6.108534867599385576e-01
4.787825592340319569e-01
7.241473929251287522e-01
-2.971271256655305670e-02
6.267678656620434552e-01
5.737524252688301907e-01
1.622577392262369300e-01
1.573702400181152594e+00
2.435230404055668707e+00
6.372866436143480584e-01
5.313187577156784913e-01
1.163706034129805111e+00
1.242488398742352507e+00
-2.453680473658676753e-01
3.673093568955235200e-01
3.471663325252739574e-01
-6.281318446304083869e-01
1.216558309911546898e+00
-6.594865493831103542e-01
1.038156774140503336e+00
1.081287798688516766e+00
5.933931984773714863e-01
3.186913263817336972e-01
2.272998460346735139e-01
1.463776853422750768e-01
8.250651880607260402e-01
3.856992316626514650e-01
5.561442589038881890e-01
5.336446255213890266e-01
6.120716886695904552e-02
9.481890123785599034e-01
1.344767699080053003e+00
1.933074156197286952e-01
-4.250356661006699510e-01
1.171294743736822769e-01
2.710009600477624736e-01
5.040641311255218415e-01
-8.339359254342872951e-01
-6.320883283690030829e-01
1.925708278812607588e-01
6.390198149029641117e-01
8.566393577822795091e-01
2.964133805238479136e-01
-1.018070328869605107e-01
2.447023066285036186e-01
5.087311070189228790e-01
-2.455922772155159084e-01
1.324968495635219512e-01
1.479091497774840835e+00
7.457440766853216108e-01
1.149133414630608918e+00
6.864351879726284800e-01
-3.869389207365783179e-01
4.389649874851192513e-02
9.236674206754332817e-01
4.796444430326127217e-01
4.180694129240887236e-01
8.257310503157668791e-01
7.468864785302024023e-01
-8.674061613474884358e-02
8.010867100001600738e-01
3.892496434202616373e-01
1.086047228269222620e+00
7.056997522156932545e-01
2.781602782107162053e-01
3.569175232852727642e-01
4.322035264419637479e-01
7.955674702011881205e-01
7.919264796151276320e-01
2.542032101921256615e-01
5.393100904925548500e-01
5.127643316261989437e-01
2.525254328835636886e-02
1.634689675898209071e-01
6.396553229676965602e-01
1.295510189841220683e+00
5.043026757271028560e-01
3.552993615203200450e-01
1.773234438641224875e+00
9.579195126979953567e-01
1.559431037516750829e+00
1.118733486915895359e+00
1.480409214567559584e-01
1.755261251084796470e-01
4.483356558582430873e-01
8.052360206772699591e-01
-5.231002422412505543e-02
2.864122223647323495e-01
-3.203553788102123656e-01
1.046937467004353195e+00
-2.043526186806734479e-01
1.111897658837108782e+00
1.271377111955721784e+00
3.763773650065104226e-01
1.225689890383001801e+00
1.584250751454788109e+00
8.494108368753042759e-01
1.192950337274918393e+00
1.073219934128035513e+00
9.799079064379895287e-01
4.766243420366106931e-01
1.548366812700672224e-01
1.180117492821287195e+00
1.487897840366128710e+00
8.785030189808597234e-02
1.354281295679599539e+00
-1.346440541013208536e+00
-5.124646456379061688e-01
5.421225995707927847e-01
1.176144225402681487e+00
7.415496992962835598e-01
-1.718023377649849012e-02
6.238355755925546475e-01
5.424945617102238105e-01
1.104785630087658177e+00
2.220455030184428136e+00
1.601502328869425507e-01
1.944274064078114692e-02
1.907050804717441983e-01
-6.334294279880040568e-01
8.311563935121521474e-02
8.570214760820128452e-01
1.186142194797737082e+00
1.069540511189386089e+00
1.085125069669378828e+00
1.522447305534019080e+00
-3.085728927198372884e-01
3.602995044462126706e-01
2.602202269826631859e-02
1.402667815609799917e-01
4.096622178489302546e-01
4.788384191991140737e-01
-9.500585592638682852e-01
-6.542066494241733920e-01
3.402791938934189853e-01
-4.717455872055382748e-01
2.861343111223311197e-01
-4.835664545114814472e-01
7.900282398150089147e-01
8.366820827633243696e-02
1.704760857511105343e-01
1.162193838596151219e+00
5.191246720606097487e-01
5.648660045461586510e-01
-3.831061569197851124e-01
4.785798443974065286e-01
8.091853802455134526e-01
-3.873546083995378642e-02
3.650601836511456755e-01
-5.727045791222824533e-01
-7.395070505954377538e-01
-2.005156728999846205e-02
2.908434321636716446e-01
3.635977955587323118e-03
-1.017744355663432021e+00
7.749958534173749802e-01
2.675682163683957282e-01
9.571794086705652793e-01
1.362124820929843105e+00
5.975594727805779716e-01
1.031906040200449182e+00
2.210308004418735095e-01
1.233186464110881397e+00
4.516729715952141899e-03
-1.011893449310811988e-01
4.868673332233164341e-01
1.921569182929771635e+00
9.793032822795736392e-01
9.859915051390480967e-01
-6.032988930648858217e-01
-5.751602879575548055e-01
8.431897306293268946e-01
1.057781044820410798e+00
8.719548946674289258e-01
7.009614939229549258e-01
-4.405722933475574310e-01
7.287399986132623297e-01
4.218408498152884656e-01
8.590082458068675209e-01
6.526314354655229355e-01
7.757199891804352765e-01
1.163723896872695507e+00
-4.058497555692198722e-01
1.944665349863051174e-01
-8.056249470651276334e-02
-3.942987244594881591e-01
4.164911707734493262e-01
5.783275783513104340e-01
7.175433045340586791e-01
4.641044311704983771e-01
7.651450573694712487e-01
1.330152250253534563e+00
1.970706998247864439e+00
-8.589767674693853106e-02
5.144710281968604138e-01
3.329348757413086446e-01
9.495352519821522730e-01
6.385424025824542049e-01
8.196136467075978427e-01
1.184126971373396398e+00
-2.230758820836660494e-02
8.577935850760221026e-01
2.456444545419733672e-01
8.615496943826019827e-01
1.290545050790270709e+00
8.324080827477189359e-01
1.527450755457357312e+00
3.677838055592888566e-01
4.425513262344620280e-01
8.914699761426810865e-01
1.192355073199453885e+00
-6.062213049116131902e-01
4.080611533713348615e-01
3.132882192127657284e-01
-1.029609138972630067e+00
1.350486597355398999e+00
1.428424521383271917e-01
2.468835168485686016e-01
4.801519769886616329e-01
1.422844312755834117e+00
1.027832288365915003e+00
8.478793406371312180e-01
7.532223615345252643e-01
6.063019263633158129e-01
8.865139633840272149e-01
3.078149457582936011e-01
-4.358703634145106864e-01
7.306910299255374719e-01
1.237116314665231309e+00
8.365414837647090485e-01
3.439973730883876812e-01
1.250597131466595124e+00
7.305557075180015847e-01
-1.697646346792648642e-02
1.123768111260428082e+00
7.777484922999401418e-01
2.498096191386919851e-01
2.396764427202727199e-01
1.062494534767884247e+00
1.146129398730984184e+00
6.467155712169840864e-01
-2.103680622651478982e-01
1.980139783509667351e-01
6.868992342989075350e-01
-4.898465602026128574e-01
9.756866699158047718e-01
9.584256400299913103e-01
2.397715721270665956e-01
-4.703625315785402439e-01
-3.358152238624655395e-01
3.057225885384175501e-01
4.166419313626485987e-01
4.335970240679518639e-01
6.649277602600284220e-02
3.730884893552032650e-02
7.641104645145294638e-01
9.024596189794782397e-01
4.418301770467999989e-01
2.986327641232339181e-01
3.732042490976876237e-01
1.445354367153229402e+00
7.364752333190017763e-01
1.158536606565372384e+00
1.844531172369128447e+00
1.784942487174997483e-01
9.230919747432814182e-01
4.804526714479337990e-01
9.740711600910891832e-01
9.380693481801075650e-01
4.748866572783410622e-01
2.102068472703280677e-01
7.204500003069304048e-01
7.434213361954263855e-01
-4.393551698312530562e-01
8.535111786720953608e-01
8.859801388754230400e-01
1.302144451170011985e+00
4.603103141223477968e-01
-3.527289610818368226e-01
4.567725125064352465e-01
1.855645647814090360e-01
4.811097595603160415e-01
1.433056014255742694e+00
1.747923543392696510e+00
7.116577540113523392e-01
-3.441541013546932093e-01
5.916598259195112730e-01
1.362502812141475728e+00
4.036949756037576664e-01
-3.863667385878033489e-01
4.463287363591593171e-01
7.806339334859886403e-01
1.399853159150453941e+00
-3.972196090907789134e-01
3.191788027923244120e-01
-1.414007854123162378e-01
4.392269623427468295e-01
-3.511133921618065368e-01
1.269596816671989536e+00
1.171293295632670484e+00
8.114857311450813793e-01
2.439325915968721947e-01
3.629003838776639207e-02
1.417335667515475350e+00
-7.207055037420564414e-01
2.818586793924371947e-01
3.506619295666865144e-01
4.842714671721364827e-01
6.382270688289753968e-01
1.234516308375075644e+00
1.319049388243328957e+00
-1.635389133550403107e-01
9.660997428742748028e-01
2.789445656845465638e-01
1.535925072760777832e+00
1.210556554192318002e+00
2.705015569823800980e-01
1.893762815650399389e+00
-2.530313303976104433e-01
-4.494931754660488887e-01
4.460859298173736054e-01
-3.597942223135802142e-01
-6.999299177425705176e-02
1.635889472499350239e+00
2.695666707082555735e-01
1.003572128030684851e+00
9.222016764641591813e-01
4.513491241583975633e-01
-2.187916988919489103e-01
1.062230311740488320e+00
1.313506867806130129e+00
7.199747370809782554e-01
-3.565457737473560762e-01
-1.261124223729145566e+00
1.498307571200476973e+00
1.764656838281809081e+00
6.150989898725419680e-01
1.359290253696679551e+00
4.171146878308500394e-01
3.209791082436779797e-01
2.074198192652079442e-01
-1.622293622364815169e-01
7.848305324591881016e-01
1.417814843110396517e-01
1.601212633544723207e+00
5.939728804608452872e-01
1.815436746724466976e+00
8.796370995394644510e-01
1.047562412292891487e+00
-2.695121411208767359e-01
-8.638389251929715074e-02
1.217918257641300350e+00
4.655034460479018921e-01
7.457239800455628398e-01
3.332804127656197046e-01
9.572379611647638953e-01
1.267475512471393451e+00
1.150534097704811520e+00
-4.020555415797616439e-01
-5.984287842958161407e-01
2.255298911296815589e+00
5.912136141244257459e-01
1.051073321782189485e+00
1.181035724978692691e+00
-5.609862632808580718e-02
-9.199335251553014681e-02
-5.900265364223726827e-01
6.137333530083447508e-01
1.357095423200740392e+00
1.070963153306805915e-01
1.016393620394534070e+00
1.226197290037936538e+00
-4.403640977720072458e-01
5.266787231733662811e-01
1.088181823585530061e+00
7.879387104362343131e-01
-7.648804424026625082e-01
9.463274970528449126e-01
-2.723671748026945671e-01
-5.576609127237932562e-01
8.485827065990458884e-01
8.963703056636982414e-01
1.485274668526968544e-01
6.032227762328572496e-01
1.166557024496875261e+00
1.372569800005934537e+00
3.872929689055943925e-01
6.238240480119721099e-01
9.217731348491284837e-01
5.961715530782376593e-01
4.864442412124055926e-01
9.167690633961227409e-01
8.872680733922524432e-01
-4.745655102286147065e-01
-1.360317688704207606e-01
7.880999796833907389e-01
7.893452877326903039e-01
-8.866761503978115577e-02
9.923780100679215899e-01
-3.615742058792291158e-01
1.370260358079319785e+00
7.663631394609192737e-01
8.409419576413912356e-01
-3.004049972621173903e-01
4.579931872478502919e-02
8.992600850927319478e-02
2.943322938153965507e-01
4.749664285173463285e-01
4.261272803139186105e-01
-1.628057613772553591e-01
7.502731428816389325e-01
7.895930887845369339e-01
1.175492947144506584e+00
-4.192329382030848262e-01
1.576568538871143010e+00
7.035995324036191656e-01
1.004000853089743517e+00
6.737430370319311690e-01
7.251238511568128819e-01
-2.362203905015446415e-01
1.253340067873021380e-01
7.678482415480272771e-02
7.360722573432697535e-01
1.654058549108980536e+00
-5.027574778943355582e-01
-3.682710097339282340e-01
-5.635175005210782961e-01
7.144876540642074447e-01
1.074838446252347923e+00
3.119373562447102372e-02
-7.209206591155375987e-01
2.993014093289199651e-01
4.876122107469085254e-01
-7.917926258619426005e-02
1.153291384838876166e+00
7.241514602997431438e-02
7.849968941386931132e-01
1.061464534690580441e+00
7.937203408580053576e-01
2.769951338825692444e-01
5.491021473557440302e-01
1.601666851259750946e-01
1.000791205440351606e+00
9.717365397832210538e-01
2.606813236734705219e-01
-4.747397742578667867e-01
8.948650379999966153e-01
-4.087041841623569316e-01
-7.719753368094491863e-01
1.034262049620767066e+00
1.639603112918962324e+00
5.155207755820512272e-01
5.859587244187328681e-01
1.584925694269108745e-02
9.352627447814158002e-01
8.546946498451271079e-01
1.008621275155856090e+00
1.002758238254814582e+00
1.271112480918613896e-01
6.791524029236734039e-01
1.139963676596861930e+00
5.424645247329893394e-01
2.054974256223935924e-01
1.635115962145980983e+00
1.586073338836676339e+00
2.012088267961095189e-01
6.583085641921286868e-01
1.406084003387193526e+00
-1.513017316316157546e-01
4.379143268518861931e-01
4.191855668029063064e-01
8.614405096831542208e-01
-1.905736973217273811e-01
5.969542915224764768e-01
9.161929066149581136e-01
-2.135535586898323068e-01
1.727464872709059962e-02
1.209002791229907725e+00
8.703387223707312326e-02
1.667636914040773632e+00
1.366551836302542178e+00
8.227143649857755481e-01
1.175951608797261017e+00
-7.154606713062251766e-02
-1.407742768305985936e-01
-2.458643006030008515e-01
8.635140994329277842e-01
1.120999831583920248e+00
7.522120847927374343e-02
4.438414303805783834e-01
4.188288753008829746e-01
1.371754932610343980e+00
-3.088373465985599364e-01
-1.011319265823321878e+00
7.202263839392075706e-01
1.173124063256174132e+00
1.001757947585442121e+00
1.411121954630528696e+00
8.457255717004887874e-01
3.722369991319881000e-01
3.600551956631552475e-01
-3.466578609006962797e-01
-5.462602279465343935e-01
1.121442540500047214e+00
8.382082893406944679e-01
1.923573492996494272e-01
-6.321256134905384183e-01
2.914606420258958330e-01
1.300392611010022570e+00
1.172519614129607035e+00
-1.904555601252299613e-01
7.784441151930570069e-01
1.384058791245931896e+00
1.202316215789227316e+00
1.162079040203487512e+00
6.617070611225871479e-01
3.523114576529451369e-01
5.104221687702119592e-01
5.573807601483247165e-01
-7.624715786034892417e-01
1.175383733839749700e+00
2.826008971653005686e-01
6.299947585391698635e-01
1.069013866942150726e+00
5.186207501315794888e-01
5.738717294639748001e-01
-3.103365684187126688e-02
5.670865772386010084e-01
-3.693943655946638760e-01
-9.647434459906309434e-02
1.126589931740207939e+00
-3.317787390577309758e-01
-6.254131735307578710e-01
-4.175230451581488644e-01
7.256787454522065084e-02
3.543028210397654310e-02
1.532913062067386978e+00
3.193273099097532763e-01
2.264083574903437424e-01
1.213998472278014384e+00
1.428136362908080104e+00
9.850370835959925131e-01
-7.851117226051783637e-01
-3.735067809718795040e-01
9.067927321019150222e-01
-3.869077735851567668e-01
-1.142041065854891568e-02
5.645422432487393616e-01
5.343892451000506472e-02
1.174909861729330762e+00
3.798017955092617415e-01
3.836055468670050983e-01
1.152969843168250463e+00
7.687770830779727671e-02
1.277972053944777864e+00
6.228353710870966342e-01
4.271894447353897228e-01
1.094023386168104794e+00
-3.334150446434355763e-01
-2.833404719019659845e-01
-3.091655264046003215e-01
-1.739199920570046465e-01
1.521647413240255764e+00
1.273534990260077882e+00
3.481971812222516838e-01
1.221274398817218998e+00
3.872539011576572876e-02
-1.451001705189371715e-01
3.775526986978596233e-01
1.021094446375559794e+00
1.411991625154499275e+00
1.714426665581284093e+00
7.570714989905203973e-01
4.876259549632431800e-01
3.065932799466976610e-01
-9.460978111724763218e-02
3.957018092840833834e-01
6.341943572064716594e-01
1.119290270577047330e+00
-1.210197921783714298e-01
4.057371124638724930e-02
-1.729955073281801148e-01
4.268287904780695419e-01
6.619006661811736025e-01
1.389253446760273070e+00
2.499838657730909242e-01
1.260986516046470607e+00
5.026071311160853483e-01
-2.460250330551226328e-01
3.375001508475364287e-01
6.309027471364442308e-01
5.598703072420940785e-01
-5.846835367486905577e-01
1.392238214023997500e+00
1.116535629188481815e+00
8.760079984910287276e-01
4.635013686470915717e-01
4.318731359576076234e-01
3.100228991475999507e-01
-9.810614251398053209e-01
6.939213508696687738e-01
-1.578305896783052387e-01
7.701148087267857267e-01
3.564667507519082013e-01
1.196824718014917854e+00
1.057267057714256664e+00
1.776306750764884146e-01
8.440576384217940431e-01
9.120112996972644659e-01
9.535632216761339430e-01
3.944970524861715067e-01
6.019383613794743182e-01
3.619771037387251207e-03
1.434326469368838897e+00
2.762194884897981595e-01
1.148775584198794775e+00
6.738509794220118865e-01
-6.325216087004435772e-02
6.613731012605169601e-01
5.917224566044061440e-01
1.485675584531153115e+00
8.110732140966939729e-01
1.130895278407516802e+00
5.254647754908859936e-01
9.379157666307503805e-01
1.132894680900615958e+00
4.979651749418604889e-01
2.103552451433715387e+00
1.513844829696390781e-01
-9.426850314084123800e-03
-9.250998217984993666e-01
1.080339731818182436e+00
3.683315857080347033e-01
4.082088368000943435e-01
1.415394906066076208e+00
-2.189527514545559495e-01
2.400705369448860038e-01
1.998447249428055850e-01
-7.753505822864440594e-03
2.923035665097639124e-01
1.592068905458003281e+00
-3.462090518249196780e-01
2.039567791237124617e+00
1.829774282286828618e-03
1.643018308782192349e+00
1.018498452996879022e+00
7.972601384804083313e-01
1.070932161297108776e+00
9.161340218899040322e-02
2.343927879649479462e-01
-4.637186815591494704e-01
9.779974268365387857e-01
1.264459257824060101e+00
6.720324007914209030e-01
5.839811241011482190e-01
-4.090126947123591539e-02
-3.325009269581456484e-01
1.320418660451818216e+00
7.392746043460087790e-01
-5.097703316569403009e-01
1.069400553924351183e+00
5.623794671547130974e-01
1.523936287726386229e+00
9.257678926032439914e-01
2.289111503655758550e-01
5.607173789175161627e-01
6.840033167584074203e-01
7.766778608281706964e-01
-1.390124327883992317e+00
-5.123249511780358922e-01
5.102756009613650390e-01
7.361126831170603513e-01
9.617716183722658796e-01
6.698125403664638711e-01
1.177644792179873168e+00
4.884562548081611832e-01
1.511790971255428107e-01
-2.838453969137971766e-02
-1.753409828139743387e-01
5.927195061361563155e-01
1.741206674690501943e+00
1.869754395715134965e-01
4.945330232027628226e-01
-3.365878036542038210e-01
2.585803280952740368e-01
-8.827207251065444238e-02
-1.197902669195157754e-01
7.726982396439153744e-01
7.391481005777487123e-01
3.616116441318347197e-01
-2.458700803971617665e-01
1.583765462877643193e+00
1.445848374767120470e+00
-4.809463805654970447e-02
3.128206072348145295e-01
6.681122497024934992e-01
3.703235389517002818e-01
-1.885016145262348453e-01
1.362893461923647909e+00
4.825581872689169161e-02
1.242286778772887290e+00
1.452072624919428456e+00
-3.509602561349060013e-01
1.356634607882698518e+00
1.777749127384585515e-01
6.049709251140925614e-01
4.967582163487749836e-01
4.097379272160887598e-01
1.051586023076682919e+00
1.566586157659352718e+00
1.242104206658035448e+00
6.329397990214511438e-01
5.431011814689187256e-01
1.501947231190854604e+00
-3.994389968593287099e-02
1.204476142942225714e+00
5.843622179531693384e-01
1.680423875873465478e-01
-2.121103886582833553e-01
4.028529305562337237e-01
2.016268802082578304e+00
-1.249285249362148825e-01
1.861133727619176115e-01
-3.703492454113055388e-01
8.969229183042640718e-01
7.620341382034963029e-01
-2.228899188327898295e-01
2.964625970439417335e-01
2.140218144347463269e+00
-2.904998915575623952e-01
8.631914845006707360e-01
-4.679717637622762827e-01
5.666468252744525369e-01
-6.954632161404032953e-01
6.214898656486644857e-02
5.934616830342941407e-01
8.485088789773856943e-01
-1.782747794861109514e-01
6.701832249504795502e-01
7.389168241609500587e-01
7.398687464430943050e-01
5.145933165037710477e-01
3.846314891246476186e-01
2.884512965381057503e-01
-2.733718071032388841e-01
5.681007549557378633e-01
9.081251219254395934e-01
1.363711287245560344e+00
8.642202246952509492e-01
4.672634493323431504e-01
7.573767889796597652e-01
8.167557840919168477e-01
-7.815343664906391208e-01
6.056552588111336899e-01
5.718977120989164886e-01
5.853227889378109783e-01
1.207604004745383569e-02
9.815987884690349219e-01
3.221627757022483829e-01
6.926145677609280016e-01
-4.349764932710928900e-01
6.319619790234695111e-01
-2.621967562093653337e-01
1.007391517797859848e+00
7.541416086402366048e-01
3.743233155222249753e-01
1.237785870087397377e+00
2.478403570511557574e-01
-6.736501846227482826e-03
9.675003885604462894e-01
1.233318742186639616e+00
7.605812016642369278e-01
-6.317186862574998285e-01
2.464853265208679090e-01
7.395975070745478552e-01
9.303936733975340934e-01
-1.234694733473796491e-01
1.221685125296452901e+00
2.694167211150558794e-01
-5.251129307796181811e-01
1.035295208111149945e+00
1.010536565848441537e+00
9.441316180504970568e-01
2.057335879339776130e-01
3.629648853913708395e-01
-1.990826279614326677e-01
3.512859405000097190e-01
1.853787662758426213e+00
8.564140260749167899e-01
1.111936981602258179e+00
7.047401585013413072e-01
1.598672602060167813e+00
-3.581630625639295462e-02
4.321304462639098398e-01
-4.224758877011952629e-01
1.484395085248916279e+00
-7.896111291107994756e-02
5.948115307565486898e-01
2.555564951976342369e-01
7.645526643773098430e-01
7.871680749915134223e-01
5.314478149824813230e-03
5.870216405050259212e-01
6.677978711906680243e-01
1.262151700580384173e+00
6.783289644170377164e-01
-6.846361641741616211e-01
1.410919638933808340e+00
1.033264052839602654e+00
-1.780696571681651963e-01
6.400264504914955355e-01
-6.204931855187057789e-03
1.121838639780718072e+00
-9.378040709231297289e-02
-9.794059881956643232e-02
-3.410523817096731136e-01
1.055187425820199421e+00
1.685330636630450185e-01
1.518046517532160022e+00
4.100369751385988804e-01
6.144489239995899466e-01
1.215619864360837799e+00
2.674457409255740492e-01
6.612870614862238483e-01
7.072965106580810790e-01
4.851352335179219266e-01
1.234209595407588012e+00
8.244163528403957164e-01
3.252733161571301213e-01
9.613266996156268895e-01
-3.022428348393495501e-01
9.591989923024721865e-01
5.125145826692967255e-01
-5.018358803210428709e-01
7.141397535594706802e-01
9.185719846981795778e-01
9.081764765725974797e-01
6.220438162867826248e-01
-5.001309267001959880e-01
5.349826754593366152e-02
1.163935707700596567e-01
4.276348131770615346e-01
9.977450619923323716e-01
-2.762161350694439799e-01
2.816423211896968981e-01
1.169081346605819638e+00
1.331955957057981532e+00
1.290676252989352568e-01
-6.209648175389589908e-02
8.212688975280787451e-01
1.532409030477896728e-01
2.123675786054967762e+00
1.668304782039225775e-01
7.764329328103870831e-02
-2.601071773244752472e-01
1.025235627146088291e+00
2.938937251501114178e-01
8.786037813016669418e-01
-7.562734601364119458e-01
1.024324748753447256e+00
-7.888880167942632915e-02
1.237516286827342604e+00
9.878253672426057230e-02
1.427953334849311640e+00
1.289867849612577055e+00
1.383351024348426828e+00
1.347494263785335766e+00
2.053682581919949457e-01
-3.357094701580997653e-01
6.919398500425877341e-01
1.010871212654602891e+00
5.374954021895714806e-01
6.716305725570876906e-01
9.952937953863010279e-01
1.003678500936612705e+00
6.002788331708852620e-01
7.030076407126282234e-01
1.728429143299635706e+00
4.435656482793670086e-01
1.207710156700703585e+00
7.189922394629279234e-02
1.181071433601219578e+00
-2.831604177434150493e-01
5.131701054784645888e-02
1.416869573262419690e+00
1.254516981991506963e+00
1.748046408931567042e+00
-3.991740164942236130e-02
-8.055710720900902122e-02
6.413870160059330638e-01
1.208221612020062841e+00
1.001300081207449955e+00
9.075667257028602330e-01
4.021570784505540952e-01
3.902321456308686098e-01
3.429588174186252725e-01
7.347110449106618590e-01
2.031098947470384164e-01
1.533974006304009846e-02
-1.741040569101318658e-01
-2.126028194290401074e-02
5.904763882898073080e-01
7.237771926854872362e-01
-8.578886566912666267e-02
3.496888713467460330e-01
6.751502849611628054e-01
7.928177468060769728e-01
1.395685631098696033e+00
-2.268844121046685036e-01
-3.335344966931608202e-03
7.963942151483694998e-01
-5.654078502155775177e-02
3.529898128934234186e-02
6.688701914088931444e-01
1.144529165086287881e+00
6.657235189541255149e-01
6.014392474699219449e-01
4.913743801633503328e-01
-3.896128900818041085e-01
1.472251738007701038e-01
1.223846797537158304e+00
2.100947850674584672e+00
7.049811024195853371e-01
7.299111059967643422e-01
9.745154445761938788e-01
1.570292800940343625e+00
9.004444328875406134e-01
1.320966480033208601e+00
1.243250333928173523e+00
3.363675263091263079e-01
8.730924787193764525e-01
1.316107586445337541e-01
6.363309031138842942e-01
-2.234014214743608451e-01
3.416322620077133498e-01
3.960649201458777413e-01
2.524790483226926341e-01
-4.527412252183467961e-02
6.673686967264084169e-01
-2.063004412093596418e-01
2.340638875110619410e-01
2.884156254109259687e-01
-5.609187531471712673e-02
8.269480325298197432e-01
1.025522831586520356e+00
-2.869269432753255300e-01
2.862463339820184860e-01
9.044227790428822911e-02
7.153544942556858688e-01
1.043008346695547095e+00
9.253892665171380427e-01
5.545200067068201122e-01
7.283250775486621587e-02
4.276730691680188934e-01
1.733546936796426519e-01
7.568615788160502067e-01
-1.868403454626471338e-01
1.442973756001103280e-01
-6.507524300582882004e-01
7.052147895021554369e-01
3.112330435823832397e-01
-4.756616964261687341e-01
1.201869683212509088e+00
-1.080436388187305585e+00
8.340654649912676577e-01
6.250409482554889484e-01
8.932989121240865193e-01
1.199577711011509340e+00
1.421306322791739962e+00
1.064142295587654052e+00
5.582650675732977463e-01
-6.187104107006262677e-01
3.047221303942068138e-01
-2.312219933279942574e-01
2.955070047669350886e-01
6.995964667921982238e-01
-9.877728191433604588e-02
1.214045504754703408e+00
1.181370412847227547e+00
-4.526196625353825498e-01
1.927497134605689610e-01
2.097485981568609492e-01
8.369306744127639197e-01
1.385348726973128386e+00
1.078959731690162016e+00
5.891520644437507892e-01
2.581030356108051649e-01
-2.926945909223014897e-01
1.197729132635790394e+00
1.214739140153255237e+00
7.794416331948978982e-01
7.069629871744467220e-01
-2.446295767619018763e-02
-1.459445149677474074e-02
-1.915756286234789052e-01
1.547830058119260777e+00
-1.493444643910460667e-01
7.954289513773461495e-01
1.040301856891528320e+00
1.531011273281740914e+00
-6.770326367223435948e-01
6.386359523365489066e-01
1.412075918046393541e+00
8.846748767770942212e-01
-6.177536113096708803e-01
1.611326320617844088e+00
2.711819728201413371e-01
7.964257106278896936e-01
-5.098872222385349984e-01
1.228989106746940507e+00
9.316134598863614613e-01
1.243312539628544044e+00
9.309941028305462885e-01
7.840406304083880062e-01
-4.032237098251235941e-02
-2.842706702079741965e-01
9.447522133543376777e-01
-4.491061576539324696e-01
4.112601832161043025e-01
1.331408206581117915e+00
2.596986787772293526e-01
-8.139373379091129068e-02
1.573389201071440313e+00
-1.525140045560411661e-01
1.294466039827779857e+00
-1.345581260051349204e-01
9.665282451428863775e-01
3.914813808449984500e-01
-9.517761009098534009e-02
8.775265303008249473e-01
-1.750548103240535947e-02
2.884317496537351921e-01
-2.215657358318829165e-02
8.898737160802409063e-01
1.144340584505923131e+00
-6.550026072078131145e-01
9.359461877169859001e-01
4.520405586416718219e-02
9.704100061204111727e-01
7.198962023915322916e-01
2.731830612958061621e-01
2.422978521439394517e-01
1.991300869782980654e-01
1.486172135314572373e-01
8.841371884008497606e-01
-3.379281628645798841e-01
4.768406235068180510e-01
-1.176699747334682966e-01
1.486683067205356146e+00
1.000279638359898859e+00
1.687931403956993703e-01
3.903548377389783330e-01
-5.330605844535224458e-01
-4.170207968441792534e-01
1.626230407470566908e-01
2.286675010562968513e-01
4.552029443588299640e-01
-2.870301874863426805e-01
4.269286171100704630e-01
7.342367305655778109e-01
1.331239245955249784e+00
5.853978834095795447e-01
-1.091727917837338691e+00
4.996192290076503228e-01
5.703119770835747282e-01
-1.245584709269023649e-01
2.358599398222197829e-01
4.718025317823325016e-01
5.882144718445969644e-01
1.117537702813364398e+00
1.069533009207739527e+00
5.088877131564454315e-01
1.003738539123080420e+00
-1.166878983440131357e-01
9.094534306859735073e-01
-2.196009711358765659e-01
-6.085089954635143350e-01
-6.397981732732095361e-01
-9.685314465941249340e-01
8.226668367004824622e-01
3.599357668257303633e-01
-1.114488629944740405e-01
-5.445976909246826869e-01
6.437904795952301695e-01
-2.390796676806861976e-01
-6.070237212601645171e-02
-9.423337998506867152e-02
1.606991485250359286e+00
2.894872287050410664e-01
4.743821478447567130e-02
7.630088750686038201e-01
-4.480198588157702777e-01
3.708570420420310709e-01
9.008841810526349025e-01
-4.693691110046377402e-01
5.981970477193285785e-01
3.831027587818380820e-01
-3.349181737562426098e-01
-1.464592915339168466e-01
6.474527070085215330e-01
1.153090561487083665e+00
5.772016569720332946e-01
5.994311239316677531e-01
2.442083909412468279e-01
1.309585625745124160e+00
2.623574287046351872e-01
-1.706122257996554314e-01
1.198798474322621654e+00
1.801936682485370644e+00
1.923149524217522555e-03
7.994968969909155287e-01
5.808669824177395413e-02
2.942892895079895488e-01
8.680232488014808512e-01
8.488549641393554612e-01
2.703441263756496682e-02
1.166194794195798412e+00
1.467823262282519803e+00
-2.896468670416875724e-01
1.878673549942663668e+00
-1.509107234075189041e-01
5.727887253098835618e-01
-9.254434488709338824e-01
-5.144094236574915380e-01
-1.516383456779610839e-01
1.009139988355991946e+00
-6.954892199274230746e-01
7.435040057698059091e-01
2.510850570253811975e-01
1.264388323322025887e+00
1.877974636352132354e+00
4.324642397142813288e-01
-3.577059609720628641e-02
1.270047285416768812e+00
6.915561366600949667e-01
7.322945296617751065e-01
-1.075274273574351319e-01
-6.488222566749263232e-01
1.653053500826834332e+00
1.193986908301150063e+00
4.972551084664453835e-01
1.259133661667023452e+00
5.850968837378540677e-01
-1.674415941941910235e-01
-4.200639229558995602e-01
-5.456505278554093508e-01
4.638623287413135565e-01
7.775035358666306795e-01
-5.059181929002838363e-01
-1.718955271191773271e-01
7.633183136084344955e-01
1.594573696757545456e+00
7.131704908186035086e-01
1.517044383664751583e+00
1.832471052336498651e+00
6.739124342806228629e-01
1.226989529047872729e+00
7.220430684792389364e-01
7.258459318281096362e-01
-2.688472800108685501e-01
-5.012446612380395683e-01
9.824329122544439574e-01
1.913666349029783387e+00
1.639563054433155642e+00
4.497052712224028914e-01
4.473774236108457591e-02
6.728007233469751602e-01
9.300471594179408052e-01
1.331884934949370436e+00
5.635770315451210655e-01
8.059877060130186122e-01
3.449404630157913432e-01
1.414904936956826731e+00
7.965866217735166899e-01
-1.677014248378689565e-01
9.353915034567159559e-01
3.457725858609589920e-01
1.154810080177406384e+00
6.825551714170765560e-01
-4.019039094162992626e-02
6.748813883130673208e-01
9.709677543625818696e-01
1.948518745615338832e-01
1.215484856307679218e+00
-2.947815964041974324e-01
2.187173437213009441e-01
-1.576990405248978877e-01
8.681310359150931077e-01
1.367227740537086289e+00
6.546417505468821174e-01
-6.603677037438236974e-01
7.432065227118833661e-01
4.626574706344306898e-01
1.033333217807130611e+00
7.358658865544260852e-01
2.529366736507397406e-01
1.578108683053098149e+00
1.260364165319697527e+00
2.270833831533323188e-01
1.451773838896129654e+00
1.457477237601719766e+00
1.936584204953640254e-01
6.025300352213716071e-01
1.528413206136568281e+00
1.049905680591652013e+00
1.877386759769079871e+00
-2.040937678611418893e-01
1.648421774736821499e+00
2.081516907393910376e+00
1.060535449898213134e+00
7.726402265302217964e-02
1.554858597819279264e+00
9.229530667785550424e-01
8.609152567762948793e-01
4.949296461540202974e-01
8.861488892088489333e-01
1.272737607194889264e-01
1.464437599012096552e-02
8.675678413921334986e-01
4.962189616859237762e-01
-8.218495166674508745e-01
1.031880584983668081e+00
-1.679631202891292141e-01
1.823592968057317742e+00
2.162309566585497667e+00
7.271846981309278979e-01
8.669776568147458118e-01
2.337314911355738711e-01
5.355669765355058898e-01
3.304319301714610524e-01
1.051616649727101338e+00
1.435784692179032040e+00
-1.002240669896017553e-02
-2.580638346020535101e-01
6.013962973979083415e-01
7.253361549670485076e-01
1.078797484630723558e+00
5.863637805806477532e-01
1.554571618609849604e-01
3.174421142734389911e-01
8.427802572113965440e-02
4.025861067857039455e-01
1.290677380939819763e+00
4.552657294120898701e-01
3.297058685182604476e-01
-5.597557408785849287e-01
8.151040047571311842e-01
8.694705556779140920e-01
8.349247891744265848e-01
-2.821823842869528032e-01
5.094474966523286907e-01
2.316178557085269429e-01
8.326065249832073634e-02
-1.056350484464534806e-01
2.500564091201892825e-01
-2.026084185134729709e-01
1.031801779939618857e+00
5.454187435075333878e-01
-2.908310386524128877e-01
1.443740174843458623e+00
7.003339005962669894e-01
3.560314365506478951e-01
8.726402061888707262e-01
8.678840162256190593e-01
1.094056478415277311e+00
9.280337083099837736e-01
8.092587335361626222e-01
-1.754742737584858991e-01
-5.024263257620847911e-01
7.641141862045713884e-01
3.705780457497154234e-01
1.380048252608608639e+00
-5.572107755008006702e-01
6.375665943180031103e-01
6.917916281790068567e-01
3.003645822663077447e-01
1.516266359805130248e+00
1.588013750733444418e+00
8.900900360170733716e-01
1.660221396761601131e-01
8.356299261111019838e-01
1.330347053427285653e+00
3.467339372550026222e-01
-3.927756276852077955e-01
1.330996424065169714e+00
2.141410168323739094e-01
1.007925996855577822e+00
8.675578940852648469e-01
1.336078017625593195e-01
2.276643245622065326e+00
-6.945441319519697621e-02
1.783401836107296301e+00
1.237744316560728919e+00
6.234698812830216097e-01
6.334911640749542050e-01
-3.724224844710394833e-01
1.069471374512386941e+00
1.469867918160349118e-01
1.656252378377192969e+00
3.351565644823660262e-01
1.146130758427140739e-01
8.236980602147299102e-01
5.467054217844830033e-01
1.234132479587349396e+00
-2.776516618021949157e-01
-9.785956544227619736e-02
6.070245451554159288e-01
3.560049427562609892e-01
4.414114912887725367e-02
1.051550413545794926e+00
3.390380673075557016e-01
-3.221040551129388252e-01
1.334590601973638213e+00
6.404023156403189088e-01
-3.783016944675007265e-01
1.047802682807809527e+00
2.124691313428906658e-01
4.995874036233267090e-01
-2.247737786288971085e-03
-1.014087565369985677e+00
-5.002553171161658874e-01
-8.118157091863462127e-03
4.655449555570034259e-01
4.148109704176039525e-01
-1.315686442003255463e-01
7.596120379538565670e-01
4.761111258872312568e-01
-3.820976664688719229e-03
4.892216538054449670e-01
3.162643098599998148e-01
1.564694505110283185e+00
6.857821676836446390e-01
7.175168742247005627e-01
1.098513877299013730e+00
-3.073605031395578724e-01
-4.864969805454770480e-02
-3.678059068350681970e-01
3.230199608316641768e-01
1.260209177537267911e+00
9.661156372551651383e-01
1.054217615924271101e+00
-3.646322610143367671e-01
-5.009457578090033003e-01
7.570278930911211734e-01
1.452431214501840318e+00
3.855487542313656979e-01
1.057859500655303320e+00
8.098812805386255143e-01
6.887903578938093796e-01
5.217772086329739434e-01
1.342953513211592842e+00
1.076229221502037037e+00
1.207033872357082593e+00
1.045467143017665634e+00
3.253215780347437081e-01
1.131176230446622188e+00
4.603074398009510682e-01
1.374059965421610796e+00
1.866544441278387145e-01
1.554534306627787799e-01
9.875321652785785664e-01
1.486831578396046183e+00
5.572692543849393498e-01
1.815647549955779760e-01
5.397647440457017387e-01
1.423617348479127687e+00
1.994379531398609684e+00
1.359511109381753347e+00
2.926593561351059081e-01
7.885615744916101011e-02
4.978220448374303109e-01
1.099656174431525857e+00
1.129023637873361352e+00
6.815198936845931477e-02
-3.428880968424915521e-01
9.184314627241616513e-01
1.603472017051377652e+00
2.192041862641729844e-01
7.693242272689966299e-01
5.819046953337601025e-01
2.694129608333502984e-02
3.622254540424127423e-03
-2.590558812304876168e-01
1.052219085658868014e+00
9.914841679023540522e-01
9.392905623207434829e-01
4.001444661258256041e-01
6.244755790639661130e-01
-1.767807166487017634e-01
7.176839404876568240e-01
5.274277138543198573e-01
1.275233258712455964e+00
-3.155036131170833036e-01
3.387505120419421756e-01
-3.493517883227603149e-01
9.263658059718851145e-01
-4.298211213437380662e-01
1.448510954771199399e+00
1.205506526357724262e+00
-1.763094189218747943e-01
3.953871131081880819e-01
1.188762296543679708e+00
1.549135764930559933e+00
1.138408611797436520e-01
8.585264331170731067e-01
-5.750410481590145784e-01
-1.638316575425970145e-01
1.385842173917263276e+00
1.325264871901937314e+00
4.316349316697057348e-01
3.929412425808225806e-01
-2.896307503683789863e-02
2.920309940363188805e-01
2.922331338140307655e-01
7.478224516412103062e-01
1.642857461338558478e+00
-4.405025033445256200e-01
1.279581955601467369e+00
2.201478855239026311e-01
3.160592146987424855e-01
7.311253590464442675e-01
1.307579242016798649e-01
5.514086350328243347e-01
-5.277743728968816717e-01
6.454760248816618917e-01
8.763937058004761527e-02
7.902687513849766532e-01
4.282308911046764921e-01
3.034326175444491680e-01
5.894422798575856826e-01
3.462736311778421561e-01
-8.351683199500636867e-02
-1.026384149842366339e-01
4.102720947579463484e-01
8.476908479565520294e-01
1.244972951431261521e+00
6.904097201333170286e-01
7.631898253029999468e-01
-3.701141027556096863e-01
1.842650880212263864e+00
6.902697769792561777e-01
-1.802987228316780821e-01
1.408524818032270254e+00
8.254710763284018871e-01
6.771427502787513708e-01
1.614953677993342218e+00
4.444084544258646297e-01
1.365730501347456105e+00
8.642759591191687130e-02
3.376459016879291841e-01
1.029168524112355820e+00
2.610505899489817816e-01
1.453476368709305300e+00
1.258057670166258246e+00
4.312757350375886478e-01
1.099802667385506361e+00
3.719475637957557201e-01
1.105463944751941652e+00
-3.230728693649119743e-01
8.164200654025806081e-01
-8.821354526780741945e-02
4.177187853420610830e-01
3.064133288723338566e-01
-2.357423740723900429e-02
9.530670600361289546e-01
9.601914281711867449e-01
3.059936659405138037e-01
1.244273879669681948e+00
3.503174788753182223e-01
6.516876108979711146e-01
1.171391883277133339e-01
8.993838897594075288e-01
5.884938127643932759e-01
9.517627143064961714e-01
-9.408785309162581711e-01
2.406856785022277734e-01
4.162130062808254705e-01
9.617523391022093637e-01
-2.828641095738368971e-01
2.453459908224491781e-01
8.595463018284323908e-01
7.904482777640977620e-01
9.211316602696603129e-01
-3.818146904024979915e-01
8.888052913893850215e-01
1.270972730993145339e+00
6.067028612719596037e-01
1.203037812822187913e+00
-2.219117018792883256e-01
1.469377919586952741e-01
-1.464509476813505851e-01
1.024181053081586246e+00
2.685277468899175957e-01
7.730470707154014631e-01
1.405885928383068251e+00
4.256819155515555453e-01
1.221357448408612323e-01
1.648895139604170945e-01
2.405689880744329656e+00
1.079308039302941946e+00
1.767582076214560191e-02
8.769701027066265642e-01
3.707304202625207323e-01
-6.070576862445891120e-01
-1.243800296110987302e-01
1.639428780688355847e+00
1.399592897368245881e+00
6.712817485645437010e-01
1.023152298675767069e+00
1.067415959497395539e+00
-1.574862735473921138e-02
1.042596189562681852e+00
-9.237949673464913580e-01
9.347205587538895966e-01
6.643529531028926141e-04
6.259449455490182501e-01
-6.762540880981635083e-02
1.736633110997857221e+00
2.235362959921061710e-01
4.547803420415449382e-01
1.758779652400703497e-01
1.485073303838900793e+00
5.498722845355704658e-01
4.906684206535009141e-01
-4.239268447136246287e-01
1.304103885885570246e+00
6.094025014466906143e-01
-4.120961859685474682e-01
4.836943687742510933e-01
9.761528328519271103e-01
2.540188441021822841e-01
8.905588918893302397e-01
7.853057514727456168e-01
-5.501913608293160785e-01
3.875030384944802009e-01
1.263193728214887068e+00
5.788444984525412673e-01
1.208776267948319827e+00
3.508325759290236157e-01
7.923077194490342201e-01
9.839633241776296613e-01
1.047520265477498214e+00
-4.654006378597761451e-01
3.898315690208800643e-01
2.736102363654293601e-01
4.589120654841236102e-01
-3.626541940652917573e-01
1.035502429822477699e-01
1.022296574188035878e+00
1.544039001632682151e+00
1.108462398914213942e+00
-4.639029572303328131e-01
5.831543316179220726e-01
1.351097831070626976e+00
8.301547918363742784e-02
8.551008014320852224e-01
1.084284070717922877e+00
-3.025670601984173924e-01
-2.008776442883907776e-01
5.418357270582246921e-01
-4.469019746732994514e-01
-5.428442913786901691e-01
3.037766153545066738e-01
1.164485409496579971e+00
-5.836277865305659063e-01
7.806998958242635789e-01
8.204973416759003824e-01
7.230891146364022415e-01
1.251526455606948307e+00
5.929502170352569934e-02
-9.581066737078883788e-01
6.685346322997745561e-02
-5.089894744477744259e-01
1.126115756548286134e-01
9.609957126524429905e-01
-5.037006214539990756e-01
1.288021880986423007e+00
1.573175901320404746e+00
7.499936599631112921e-01
6.122009584444404462e-01
-1.960361848321469369e-02
-3.428292998255372259e-01
1.392882699601456942e+00
8.394112686218879738e-01
9.927142593732708464e-01
1.020225956429875236e+00
-4.999388320010227926e-01
8.070603554006673397e-01
1.341822270407692572e-02
-2.650532914897362202e-01
4.794470334558603719e-01
1.629023495579789538e+00
-6.888128243269069362e-01
2.502204827991160174e-01
1.322225745486621085e+00
-1.869149878344497917e-01
-4.023961294223886709e-01
8.166805607438835102e-01
9.185426927915409934e-01
-3.745472153347671473e-01
3.433645224157095277e-01
5.277002952259494603e-03
1.268830042127675251e+00
8.127485651900980823e-01
4.729886112372462259e-01
5.449361832935038091e-02
1.204847170368152032e+00
-5.479345520853403650e-01
8.995337382238725865e-02
3.744319352551364610e-01
1.392735987193808533e+00
8.989197438035553267e-01
1.085630496505706644e+00
8.436637621726861269e-02
3.519652127204349612e-01
6.911695434797842097e-01
8.932669392225497385e-01
1.031025899709011817e+00
7.268927007670030749e-01
7.403672695079881461e-01
-9.564595107040066435e-03
-1.441593404180860349e-01
-2.252691581068809804e-02
1.426459934755618164e+00
-6.359829743039598915e-01
1.132044815188882003e+00
-1.335293408651951064e-01
3.480471566042732112e-01
1.241258215553333377e+00
-9.544047950347689380e-01
-8.442932228526651983e-02
-2.416430551524916259e-01
1.435456339492250377e+00
-4.367708216367665042e-01
1.100686870235664472e+00
9.207029583789231308e-01
4.281319939336842850e-01
-4.218370196372393105e-03
-9.192163526504824045e-01
1.030763084690174303e+00
7.313351027119227021e-01
-2.551859029957259106e-01
1.410611720529902913e+00
-9.995882083549813002e-01
4.970220707739969046e-01
2.180704383704900717e+00
3.278408132245873574e-01
1.909359530415522810e-01
-2.153144002646077415e-01
5.848924430549143905e-01
6.578327553367889768e-01
8.385587484439818162e-01
8.011582378506113544e-01
-1.682195207635031331e-01
-2.491613498625151746e-02
8.260898220320110896e-01
1.452176533989115725e-01
-1.993686479115445720e-01
9.384011815073355356e-01
-1.958679366844706393e-01
-1.216465998266716003e-01
-4.771666340305712462e-01
8.549325008243080504e-01
9.692405973659042051e-02
2.620013064368266198e-01
1.221805303178223889e+00
6.840018149730933139e-01
2.081612876244616217e-01
1.456709701825307457e+00
1.378198033046667659e+00
5.053138154467421567e-02
8.027453473663852535e-01
1.419577104676684520e+00
-1.792533056888704623e-01
1.208471078626582651e+00
-8.901177222117248600e-02
3.379440985941656317e-01
-3.105252014136064553e-01
2.745911914243535090e-01
4.179338405682617719e-01
-1.077216054120088140e+00
1.474085705182213157e-01
1.691200709719862250e-01
1.304903789704344952e+00
8.308303439593568429e-01
4.808444587478833410e-01
5.639445655625709986e-01
-2.207636413122022190e-01
6.568065040264507992e-01
7.390035285141164367e-01
1.011389378346452483e+00
1.506026010784142777e+00
7.696334503985515774e-01
5.500308245716643007e-01
1.723066992568121236e+00
-6.643193663800778248e-01
-1.797734641341832973e-01
4.236871077038236733e-01
-4.292741626040444958e-01
1.024846965930976017e+00
6.003737264945930852e-01
8.522772070936491806e-01
8.301688616817866073e-01
4.165116630062503655e-01
-5.106774294135622005e-01
5.465363855613651900e-01
8.001734919025365045e-01
5.186002284457613687e-01
7.860742103335555120e-01
1.200340257575803093e+00
1.804011093646882280e+00
5.329011833392141018e-01
-3.336414869279063500e-01
6.768678795093592271e-01
-1.034049530332054739e-01
3.138748146858305610e-01
1.220795276689569775e+00
-6.161193307569888811e-01
5.282937738029023222e-01
-4.433963950079559957e-02
9.403838692476675920e-01
5.586964540996166573e-01
-1.053322612904933203e-01
7.890531043292078328e-01
4.379904862621029626e-01
-2.844482502176776118e-01
1.836376425979473204e-01
4.182555099495802731e-01
4.441219488228863588e-01
1.238601710303809528e-01
1.960595275547456495e+00
8.779519150664194527e-01
4.357443886265171540e-01
2.864651717065869185e-01
5.142517551355310079e-01
1.038910987625865756e+00
-1.279970737458043795e-01
6.759018757141734834e-01
9.676895789774206946e-01
3.662587560684891774e-01
1.856775164288007485e+00
1.335788934772580150e-01
5.768041111702649770e-01
-2.771190822918468549e-02
-4.316326911041548642e-02
-8.197941598068754221e-01
-3.857717860940404475e-01
-2.535542204359864660e-01
1.500879022097052040e+00
8.305423893208044861e-01
7.589092084087156742e-01
1.163364603538839637e+00
1.888148010550739331e+00
3.057107357003600173e-02
6.749214537033463301e-01
-7.509873265112224638e-01
-4.234608434836150681e-01
-6.498677349732974173e-01
1.806326395038407584e-01
7.517168873642985361e-01
3.669449601588469223e-01
3.679754581997518037e-01
1.231359095725435226e+00
-2.374566051758387752e-01
-4.523877503291558466e-01
-1.678315594542277231e-02
1.105201986132255121e-01
-3.731809771375417806e-01
1.648903557931430952e-01
8.695026513025256865e-01
4.527342673575349696e-01
2.086397690687096240e-01
2.035431658199042371e+00
1.010819436017969641e+00
8.680985817592913323e-01
-1.098222519187129070e-01
6.965487191717917304e-01
1.715784044202798730e+00
5.111168139178933201e-01
-3.553518072720925070e-02
-1.149512873248747624e+00
-2.104183150298774563e-01
1.686984763296397016e+00
3.076400584847859276e-01
1.219803167189104531e+00
-2.346397349991407311e-01
-5.864767006577543962e-02
-1.118588781356778250e-01
-1.953709708518803212e-01
3.353866969862429048e-01
5.448566087665489555e-01
6.323807911427101747e-01
1.481032516175901481e+00
2.129006489248350120e-01
4.436599076752859583e-01
-5.417238223140068420e-01
2.060404619011801941e-02
9.669502963022279241e-02
1.305672949463041244e+00
1.736497778986182183e+00
-3.649317406434729461e-01
-1.047570042162331849e-01
-1.510439432010161551e-02
6.374753447485510816e-02
2.005595644859558546e-01
1.243875366555293294e+00
1.088691556736873789e+00
1.797840472172081316e+00
-3.933095931655980482e-02
5.978973958891392604e-01
1.439036655618192828e+00
-6.633852096378047847e-01
4.309001359751446492e-01
8.068266905215765172e-01
6.558608881420215919e-01
1.921854064386483207e+00
5.265289457110947646e-01
1.846436906607207940e+00
1.031762744045715552e+00
4.148381550578714716e-01
4.048664277518616850e-02
1.062822480555426941e+00
-7.217017666462347547e-01
2.803644478014148955e-01
-8.383092407930484713e-01
2.262416527346867434e-01
7.498288048723695809e-01
1.160989482380235804e+00
-5.870124486327522595e-01
1.395661346305322237e+00
5.679169829701256056e-01
8.362172997438166444e-01
1.745973546802722876e+00
4.356111093613162510e-01
5.108138088037308400e-01
5.072134932827029319e-01
4.119450751585767012e-01
6.822154751263661554e-01
7.149890915715179096e-01
7.527564506412592893e-01
1.295076384597662056e+00
-4.642102740430814611e-01
2.643050464075548667e-01
1.040182814648241277e-01
6.680991382614570595e-01
-2.709362605222976478e-02
8.389904293151402292e-01
7.464715384065800929e-01
1.157199926276102575e+00
2.365497260598490303e-01
6.069027708176726321e-01
5.933864734095252169e-01
-3.012315873602429417e-02
-1.961328378754008117e-01
2.026647165530572753e-02
-1.672842826404855043e-03
7.091875272994127011e-01
5.222523261225494595e-01
7.063226182577285461e-02
1.965557593996444918e+00
3.291664536439203870e-01
7.183051926852261904e-01
7.559553033467860672e-01
1.222819029749153685e+00
2.227550213983950367e-02
4.269514987512700865e-01
1.319876193954057308e+00
1.585994372150414944e-01
3.066911418321039418e-01
9.220896070626849461e-02
-7.378566620772474272e-01
1.643979254934118950e-01
1.031929100995391480e+00
-6.219840297208859697e-02
8.210757868453508745e-01
2.327851509396478003e-02
2.851794402382339944e-01
9.544148506572917023e-01
-1.653647140599350807e-01
9.635956831744487694e-01
5.404188448591059624e-01
1.283118566177570363e+00
2.284478687023416554e-01
6.110204628900888224e-01
8.430513597855332497e-02
1.592599837440482613e+00
1.133443377128232177e+00
-4.556138275760230477e-02
5.475247605073205737e-01
1.470026069987479200e+00
2.417005952333539653e-01
1.271119254025331324e+00
-5.816806940752923261e-01
-2.288445150772855652e-01
1.353337135434752314e+00
5.902261890842794845e-01
3.069419945205397737e-01
5.816399479693044883e-02
1.527177876511287280e-01
-8.486509048186888227e-03
1.989473060103156721e+00
3.541199025254383459e-01
-5.269122260733954261e-02
8.716463917219168245e-01
-1.026987994947821337e+00
7.784155632186539053e-01
1.599745357573504556e+00
-3.707294866087406521e-02
1.781867649117730434e-01
5.784551757646400061e-01
2.438151836325061772e-01
-2.460513136398627676e-01
5.857628957890510524e-01
6.024912155590260721e-01
9.907089956175009204e-01
3.981738196176388689e-01
6.210727618506427516e-01
2.236362023166037216e-03
-4.142482259475797068e-01
9.592302801533593160e-01
1.154938420645271302e+00
9.402120015382143814e-01
1.198752186612106696e+00
-1.280526601437341205e-01
-8.820999364797095232e-01
3.058241689224077131e-01
7.706176499224901000e-02
6.701828571465405782e-01
1.579206322000468399e+00
-3.618350676301284041e-01
4.274207543151092858e-01
1.561264888530014883e+00
-7.371862834405887993e-03
5.701541487660848340e-01
1.386710642541418848e+00
4.943811291116127493e-01
-5.045512740907472926e-01
9.676415560000650729e-01
9.835671734471267413e-01
9.392180769199410806e-01
1.898997167728317392e-01
1.467774916223596682e+00
8.741937007168862905e-01
1.157617716897356708e+00
5.474795767262156110e-01
3.233015906907193426e-01
-3.745096360950045389e-01
1.776421018372817295e+00
-4.010401620811130385e-01
4.234490428053076516e-01
-3.396372622130326979e-01
-5.536959246172848959e-01
-8.890578597883416201e-01
1.716516323116835385e-01
-5.540070973651860520e-01
1.206511916697406095e+00
7.579748644714662253e-01
6.313384933762392626e-01
6.287378866326296389e-01
3.514363821474211225e-01
1.847288966117415443e+00
-6.852831833431004549e-01
-5.589530494761193458e-01
-3.476889988625213590e-01
-7.872067581502260880e-02
1.119799265600451399e+00
-3.243040100186038166e-01
6.953001337410005811e-02
7.610695848524740015e-01
9.516236726917702560e-02
3.909853507836721365e-01
1.515576249431902278e+00
3.525267077944091998e-01
5.808085662279234285e-01
1.272709614983021487e+00
3.201047708506697398e-01
2.308873320800516604e-01
1.407679941451748018e+00
3.588629660005762667e-01
1.939391024736718094e+00
2.189434792404723884e-01
-8.100882114542609092e-01
1.376322968981414929e+00
-2.281547642773606166e-01
4.797263067100435707e-01
1.661148115799465863e+00
1.112717111834044426e+00
8.046752693219749730e-02
8.608574147074163907e-01
7.723362578039351112e-01
7.174742207706517882e-02
1.621680878213746235e-01
4.382281901596510876e-01
4.405756228687872644e-01
1.671264442838882591e-01
3.996464453420661145e-01
3.335829270936306601e-02
-1.023585444400403888e-01
1.092064406260647713e+00
8.025512786410147203e-01
1.262217520009736027e-01
3.584837768461612145e-02
-2.759745522790103545e-01
6.853859309058761839e-01
2.874266169065612386e-01
7.022198917582190836e-01
1.482587839606570868e-02
1.463398201468889992e+00
8.450030292269319343e-01
2.938022406867994429e-01
1.261601243915723591e+00
1.135520572220603298e-02
1.769581183070109143e-01
-4.406409875246182217e-01
9.144361971476798745e-01
-3.257866786692877881e-01
1.998037599640357653e-01
-1.021144145402194947e-01
1.147571358438755240e+00
1.235207037266424113e+00
5.402772892582858866e-01
1.023910302893810353e+00
-4.466192139460695709e-01
6.552772980355404675e-01
1.159536266199583610e+00
5.077146706061822501e-01
1.069165363978408223e-01
3.217878789339640999e-01
7.882427067430710643e-01
8.809718388895328156e-02
-6.917916594004154540e-02
1.071310858245564823e+00
-4.776439315472400526e-01
1.230024119255759496e+00
1.041972634312941237e-01
1.178410136018646304e+00
5.455292489148642066e-01
7.346790706000562166e-01
6.458695873928403941e-01
8.751510634876334960e-01
2.818898674511330360e-01
7.235059702709071283e-01
9.734790344288359876e-01
7.080671649557089831e-01
1.491657293418437336e+00
2.439932883249149309e-01
1.417668871913735362e+00
4.237013575483880023e-01
5.233716370585854705e-01
-2.935811114464240146e-01
4.734080027093944265e-01
3.746429809047027160e-01
9.607497714307480785e-02
-4.569888032149038715e-01
1.191075648726957148e+00
-2.498450628516805661e-01
1.471581425743306637e+00
1.001283394510609437e+00
6.286775578457202140e-01
2.015261682754092121e+00
-4.139812688278416419e-01
4.414183414907355552e-01
1.069007691239058921e+00
7.975861710312400765e-01
8.325321349167630336e-01
2.364900012492859582e-01
1.390750549013583526e-01
5.709638580865126212e-01
8.725502837167709025e-01
6.336242128267881579e-01
1.206249124517848381e+00
-2.785457091389294607e-02
6.250008942454412519e-01
-1.638553963246519585e-01
-1.339175053926372483e-01
4.203115254315327176e-01
1.152202746398191868e+00
-1.775654737052041465e-01
1.273300242160934515e+00
-1.446942751040110609e-01
2.291916710276219238e+00
4.921580215895381416e-01
5.679641584506360807e-01
5.209339599522128106e-01
1.625395413847996684e+00
-4.014115630891508246e-01
-6.548948297756855830e-01
1.110160585730396887e+00
1.057713877262440816e+00
-3.523009487482633983e-01
4.430274773080148942e-01
4.339050722588304043e-01
5.974016625778080236e-01
3.284954993069453266e-01
-7.216393207371605278e-01
6.215228399310822605e-01
1.147420167833669957e+00
-1.394816401668662331e-01
1.032106956300127054e+00
9.710857734282972720e-01
8.727324693606588468e-01
8.158125321175707656e-01
1.052944699689453811e+00
-1.277046286980173528e-01
1.083107694166238533e+00
-1.461915017139054918e-01
5.034052439615706032e-01
2.264741838919515082e-01
9.291927288699435294e-01
1.427729551276872844e+00
-3.507060603628331941e-01
6.279289892610838697e-01
1.388345398671037678e+00
1.066845578310723491e-01
1.297134266131600988e+00
6.804283584863983769e-01
9.738416182454843195e-01
6.667116661700757119e-01
7.332774583172878557e-01
3.973258788936330221e-01
5.077426241553604225e-01
1.522299439403384858e+00
4.896569374327942870e-02
1.008087288192845765e+00
5.796966693691483208e-01
2.005705547495844510e+00
1.107501446907057430e+00
7.626284015086285395e-01
1.585186440386465279e+00
4.687894895324486166e-02
1.535005709038693156e-01
-2.012359944744778750e-01
8.332227321542036158e-01
9.215237562566718221e-01
6.316182449612218752e-01
-1.615327967207528248e-01
-3.820812253331833941e-01
6.141723941392500663e-01
1.119354079769280474e+00
6.902119934287690439e-01
4.298163834961183372e-01
7.936786698879929602e-01
6.723688813033712464e-01
-4.328201751243037632e-01
9.956151048120568392e-01
8.209639800751474814e-01
1.031261074974013647e+00
1.442549298340652930e+00
-3.710632968635231288e-01
-2.522146097551214994e-01
1.338556702238108964e-01
-1.183313467491333704e+00
-4.607119158925415681e-01
-1.976557976806769257e-01
1.280985063165823057e+00
2.114947271892572811e+00
1.153758629772158734e-01
9.875282345622041769e-01
1.641383681634460467e+00
-3.860577108659887235e-01
1.638765576955587833e-01
-1.036691968530273344e-01
6.592391618747133197e-01
6.001514252811834815e-02
1.133961308075722263e+00
3.774388244363681144e-01
9.750643057620591581e-01
1.022805551672849811e+00
7.354290261586746702e-01
-1.542979061463211343e-01
-8.352253296129639182e-01
5.827875812983288745e-02
-1.847161276498304194e-01
-2.809169798618763592e-01
1.371768946011138413e+00
1.009129834579824969e+00
2.421191240602819095e-01
1.043393264033173340e+00
1.046542860459898527e+00
6.150784225065317190e-02
8.470006100013302008e-01
2.769973902521695175e-01
9.912225306179150985e-01
7.928793388909926021e-01
2.064533587614535148e-01
1.138432839705943778e+00
-3.911336869269636807e-03
2.553070481855747031e-01
9.758934860060727301e-01
-1.772644223474310540e-03
2.187246641497214705e-01
1.156545292647042783e-01
6.244503367698580609e-01
7.738193471746015462e-01
-3.409194452601953529e-01
1.227379495820476230e+00
1.375336580906594275e+00
3.838686907729507714e-01
-3.188728547243876443e-01
1.340332669129504550e+00
1.374544337409244532e+00
1.778478462185065778e+00
-2.234901177407143669e-01
1.493887805761663135e+00
1.302184880373331355e+00
8.460325516735677231e-01
5.805985188685647280e-01
4.208669751609322440e-01
-1.022297207995639806e-01
2.723110408584695219e-01
7.262039030027948039e-01
3.514763497664187275e-01
3.020682540385947190e-01
-1.788208868557110143e-01
5.770176595948912635e-01
1.259479233728899139e+00
1.151206099521561610e+00
-1.524461718319441161e-01
4.434020300193355357e-01
1.688900226461688359e+00
2.651223619879133908e-01
-1.152015368576201071e-01
6.705082947502580826e-01
1.341332203000743295e+00
4.221758786401064167e-01
-7.410989533472254198e-01
1.471246525817928141e+00
1.441984371498163497e+00
9.517250690236751520e-01
2.523413739711802273e-01
6.814002470913919085e-01
-2.304272845443968432e-01
1.133094253468320822e+00
8.132041383612620411e-01
-1.113166174461232560e-01
9.647247905788433053e-01
1.743551064764580438e+00
-1.901871067135078586e-01
1.811322708905507561e-01
6.157590093190264124e-02
4.734914060697273941e-01
1.103917933756890096e-01
-1.282064941400435365e-01
4.081943486025166323e-01
9.662026004409667301e-01
5.628727274636204925e-01
2.839211106079922442e-01
1.366387877903528780e+00
6.677798178403562268e-01
1.726393704650144745e+00
-6.039139275745630808e-01
-3.287838426274168890e-01
2.260346240320594557e-02
5.131368503100351974e-01
9.697226156104548078e-01
7.850724903644429320e-01
9.678134541356521181e-01
2.094442662675151945e-01
6.366368475856535314e-01
1.768584585266668840e+00
2.206835167600706415e-01
1.638552040527361697e+00
2.768630028401379284e-01
1.249679796865504677e+00
5.059983505717939867e-01
2.374883545626670783e-02
1.758660972739985451e-01
3.927137117226012775e-01
8.020758007630266473e-01
-2.011427650201877970e-01
2.203750594669577900e-01
2.730646582254877552e-01
3.363830913630361935e-02
8.949363278811876821e-02
1.706076202631494620e-01
2.421781609719433903e-01
-3.337149319235873657e-01
-1.765483928663262037e-01
-4.620381021332158333e-01
-2.547764320301220131e-01
1.008686624124598197e+00
-9.242211661984796045e-01
4.851890910418463765e-01
9.520072934372370010e-01
8.040155389467839031e-01
-2.116105320992575090e-01
1.782629921211785540e+00
8.741665312558483114e-01
1.070646476368475097e+00
2.458385540082974607e-01
1.115493082450981666e+00
4.852958027523794904e-01
1.384349153673853916e+00
8.155039132756140008e-01
9.640193299371244695e-01
1.113724531941526763e+00
6.916803121984255176e-01
5.234432298977220732e-01
2.018036002894504910e-01
3.302781171392704107e-01
2.392030614880295003e-01
5.297514986895069944e-01
-2.209715523522917113e-01
-1.813817970117517775e-01
1.000479638441480190e-01
2.106113680601270355e-01
4.392654538266132502e-01
-1.159770256797886478e+00
1.757952774345027391e+00
-5.546885484578848446e-01
1.425732698425801859e+00
-6.728223350787486678e-01
-1.505993207686226742e-01
8.057931791025696455e-01
-4.390313254189802672e-01
1.221251048731114563e+00
-7.317582447773366416e-01
1.388927572607143057e+00
-1.625930156691147432e-01
-2.868692678164247445e-01
1.821241620110643222e-01
1.729293739946325514e+00
6.663540029481357374e-01
8.799404128634160660e-01
-7.234874713888376219e-01
1.503495598570902869e+00
1.015864184910600487e+00
-3.079313160434664631e-01
7.215429707719185348e-01
7.236289012216076122e-01
4.707701926022380134e-01
3.629609114679165360e-01
7.972713478965792744e-01
-1.532292935434133585e-01
8.528583182304946275e-01
-7.818385074223557774e-02
-1.405270673733077236e-01
5.728648753780898328e-01
1.373352511481451543e-01
-2.287772895071480961e-01
-5.388156656680322953e-01
-2.622225103349581921e-01
4.091565509436687620e-01
2.928304263545822295e-01
5.806262079831979728e-01
-3.164673321345347623e-01
2.123987035720502070e-01
1.058043999545520641e+00
-4.139963602125116826e-01
9.283683738684693765e-01
1.171572326527286823e+00
7.377018443044737195e-01
-1.674990067395514537e-01
5.009814869379596303e-01
-4.289868168595321885e-02
8.431684431976693705e-01
-7.112781025866918849e-01
6.638536211983236957e-01
-2.058517100393158494e-01
7.886301930564385554e-01
-9.022731422129067758e-01
1.110643291743756533e+00
5.514749773744794803e-01
-3.271541823066085458e-02
-2.272766310717336258e-01
5.657500266179945614e-01
1.220486838252448969e+00
1.410113438714327039e+00
9.692221685786887031e-01
1.497416529629727044e+00
7.607090781666234758e-01
4.388181234041581558e-01
1.179194269595428501e+00
-3.338464083685694916e-01
7.471160729243475629e-01
1.417094075307473222e+00
6.849861467753007860e-01
1.719033429769156296e+00
-3.258399218026265531e-01
1.554461330423959342e-01
1.421094749811988134e+00
6.748574338748808410e-01
1.124756393585898850e+00
3.471912604773163546e-01
4.942757298123423015e-01
1.278048181334011435e+00
-3.400978678417559964e-02
-3.351559588036669424e-01
-4.223284290265932189e-02
1.063026821955067813e+00
1.439751550429001270e+00
1.719581032402193663e-02
5.365259397508143069e-01
1.202068648042687204e+00
1.554195189556796253e+00
3.759656138109110368e-01
3.252501757532899607e-01
-1.035173378902444347e-01
5.564924777776611986e-01
3.956891276502494392e-02
1.497235234258062819e+00
6.005704030999539089e-01
6.654612973920466246e-01
4.767374041464149670e-01
6.193102010954526504e-02
8.573380067692497608e-01
-6.852436171096866202e-01
7.142472430102465852e-02
1.597576680373735014e+00
-1.997929885422763674e-01
-4.255558067052984117e-01
1.360626269997045501e+00
1.351727889541416872e+00
-4.156607014390234500e-01
-5.872126309961918089e-01
2.194302762784484384e-01
-6.366722125915744712e-01
1.233679036246356775e+00
2.138517857868085445e-02
-1.512949504808827894e-01
-5.895230564378343280e-02
1.253489614053918677e+00
4.833581026434978223e-01
9.284153410320314936e-01
1.067575001440907334e+00
6.998381167452891738e-01
5.817110897774676603e-01
5.635205320466579737e-01
8.514196739748495224e-01
6.486242199141831755e-01
-3.809591734352618664e-01
1.019894419167248989e+00
2.078848575519904318e-01
1.095675706364012125e+00
2.406229830863821847e-02
1.098196368913048948e+00
-1.105259815201785401e+00
1.473592032779967198e+00
1.382707995834841608e+00
5.731781932230166632e-01
5.012693693781539173e-01
7.535959476315685635e-01
2.925807225158854052e-01
1.075538889707381429e+00
8.630497773511691673e-02
1.386344480507145205e+00
1.157704627960407961e+00
8.806032259626956904e-01
1.090380666525150977e+00
2.257701108732683981e-01
7.590767632535653231e-01
6.229591319862273213e-01
-2.630479461159569432e-01
1.903379553700502713e-01
8.201018630032246293e-01
1.720065860139659897e+00
-5.830993848193414264e-01
1.185369807627688898e-01
1.210816881499022557e+00
2.008559615673427778e+00
-4.418796543028894463e-01
1.792074551755024336e-01
1.214855734694251455e+00
1.105172739278599936e+00
1.247870681034461304e+00
1.514611845734289419e+00
-3.254037969346335046e-01
9.859747280806574476e-02
1.242497414876364559e+00
1.597446118260865244e+00
-8.834286036839125722e-02
9.601472139537993167e-01
3.344625599536388272e-01
9.154222710880509650e-01
-5.379794040369885177e-01
-1.932397415254112627e-01
1.204287344534077597e+00
1.221968434934110226e+00
1.464090800125850800e+00
1.353430107965304385e+00
-5.756487049886997998e-01
4.398482804498509702e-01
1.356820276403799985e+00
6.157125878583629142e-01
5.704430082309290828e-01
3.156623195130757731e-01
2.131477353694187504e-02
5.505340315813496144e-01
-2.475702595468481926e-01
1.579295977421298680e+00
2.564731867558971423e-01
1.350775092747434902e+00
1.830267423946340566e+00
1.026631476314590730e+00
-1.660533538172097312e-02
-3.800921305900106240e-01
-4.421654803712942589e-02
1.219264607558894209e+00
-3.960866982878851195e-01
1.621952001980120572e+00
9.611548836490362291e-01
-4.676902591651527219e-01
7.359093696082449343e-01
2.070051575207720040e-01
6.006152834410534158e-01
1.470239054500239950e+00
7.818068627714314101e-01
9.583986932609772635e-01
1.308976142602865433e+00
1.936671428626963287e+00
1.066012831616854617e-01
2.419248937932308996e-01
7.361801146266090390e-01
1.563143139331073517e+00
6.087583066374815388e-01
1.261521494886098882e+00
1.743306805318636521e-01
1.819504194316472034e+00
7.091278787391464000e-01
5.937205257737676600e-01
3.847229657678081782e-01
1.124958300568012159e+00
7.312777274219424140e-01
1.446631032864294508e-01
4.625246104381970369e-01
8.437246724941963594e-01
1.739495000787838030e+00
9.633486718095217727e-01
8.298400794930889113e-01
-7.403867360150159782e-02
-2.185407963315884050e-01
2.555173705147336660e-01
9.834383149721486195e-01
1.007263645529353546e+00
1.648479933701309519e-01
8.789476257884816235e-01
1.174739753222342920e+00
-4.311987695599497350e-01
8.148421828310263848e-01
1.113251915481328069e+00
-8.591229774526287777e-01
2.372088527167307836e-01
1.635639692512221299e-01
1.721845658685393354e-01
4.148203507545482616e-01
1.917680104151386622e-01
-4.885264849666924869e-01
-3.535199604298304710e-01
7.596133245453761118e-01
4.614760665870795697e-01
7.780148705210224724e-01
3.800555232921801196e-01
-7.693965488274595588e-01
1.690807958136663069e+00
8.087133345558932263e-01
-4.657983811262174090e-01
1.103171351365597741e-02
1.694988896427801706e+00
-1.696010846041427211e-01
-2.175532012361941214e-01
4.437793950503777229e-01
4.357586113723559973e-01
2.982329970957661724e-01
5.281526296395191444e-01
-1.482475623354765348e+00
-6.120659826828881434e-01
8.307041774517924804e-01
9.817256050816530744e-01
3.952193060110310852e-02
4.194455899414398781e-01
4.872670573423210083e-01
1.400029014794891946e+00
4.086128444829198458e-01
9.382255863427132470e-01
-3.906117232541094220e-01
1.018151946045039891e+00
-4.772771080767337915e-01
1.057711592988492155e+00
1.520782424880267047e+00
6.367171054948811415e-01
-9.624280340868725248e-02
-1.083247444790566560e-01
1.118363463716908202e+00
2.456251762728803023e-01
-3.418457816442072583e-01
1.646774670319189005e+00
9.965126268860385883e-01
-7.433153796757799858e-01
-7.181813697349006542e-01
6.052871487923670024e-01
8.327822646008498086e-01
1.026791624831396854e+00
5.605976060344094458e-01
-2.475435482761827732e-01
8.354000220144641720e-01
2.765188435244779752e-01
-6.487065035386689882e-01
6.000771912926605722e-01
-4.350413063425135479e-02
3.230186508701828885e-01
5.290455930493684900e-01
4.302846264762937856e-01
9.204048143633368761e-01
5.550777509304881674e-01
2.521183154526214221e-01
2.665727788755045125e-01
2.873667904711300625e-01
-4.736793197181810577e-01
1.436000724113336569e+00
5.037011390957261969e-02
-2.827056165761221984e-01
6.069638092252040984e-01
9.166971041226317229e-01
8.424084762758941025e-01
4.233233489699601559e-01
1.498466952311093281e-01
4.462856575393654990e-01
1.258967332638389336e-01
-1.002873906409487981e-01
6.315408213936788417e-01
1.143184859923453311e+00
1.578720446912509345e+00
-2.151479664962803184e-01
1.106818951531525486e-01
1.105773910290722029e+00
1.078071198647303053e+00
2.174444820651953769e+00
8.306064725982672536e-01
5.473652167262771373e-01
-5.692005973818898834e-01
8.315003211207517841e-01
1.415074406770817639e+00
-3.583507863907646751e-01
-1.606824376747306160e-01
1.495382607944105047e+00
1.389782373694431472e+00
8.364695442220445587e-01
3.736621577380208614e-01
1.603114755397867741e+00
7.648979035011095329e-01
1.381556446171875452e+00
5.529069853637940124e-01
-4.218957569779723665e-02
6.775511368198079698e-02
4.884042489891832206e-01
-2.990809722005586258e-01
3.593836170352838200e-01
8.057640047279502893e-01
2.000292537022563266e-02
1.133266869156561052e+00
1.425669542810650059e+00
-2.326776464140323242e-01
4.392395802167365915e-01
9.376807460819301943e-01
-1.043351062609497448e-02
5.941221930579543287e-01
1.088295303138084424e+00
8.459098608849576761e-01
1.445459381466873972e-01
1.860426624828754649e+00
1.509074576008534008e+00
-2.884463992338454630e-01
-7.728111733571478847e-01
2.274736547930453767e-01
8.531733083279889607e-02
1.630035607153387245e-01
1.502821513934938791e+00
9.390712692199519873e-01
9.714069731290575493e-01
3.769679234991904493e-01
1.681383045327488890e-01
-4.177762613747365017e-01
-4.170252181836768823e-01
4.861727013303168143e-01
8.168729860707006907e-01
-4.367437140590413325e-02
2.478937615552862239e-01
1.104512724982443350e+00
-2.806178812081205898e-01
-4.557622318576393106e-01
1.182637587872138241e+00
2.955283319161264854e-01
2.836422000523396436e-01
1.666410070065268978e-02
-2.984291274936701210e-01
-3.494888260185937123e-01
-1.868265325271447341e-01
8.375281201578963497e-01
1.476490935548591121e+00
3.276930178194554788e-01
1.905243067181939809e-01
-1.924543375836112180e-01
1.508700388716920360e-01
7.277520731991669045e-01
-1.168581646172805744e-01
1.512881546951547307e+00
3.722079819197039452e-01
3.071570921371442608e-01
1.950600339144389628e-01
1.050148559372774404e+00
1.334331596817886822e+00
4.857692408073630563e-01
-1.276822234098763831e+00
7.709427022545977115e-01
4.850609693345338536e-01
2.149431264422880239e-01
2.462952728381915812e-01
4.277392543531460256e-01
1.064579623623373550e+00
4.989668289661838840e-03
-4.974127959083842199e-01
-7.153091560490696388e-01
1.195007606301018876e+00
2.781125738200320163e-01
-7.424634691828593813e-03
7.382596636139262536e-01
7.312367573707443391e-01
3.841082243174495092e-01
6.982732485638422082e-01
1.152924807271422214e+00
-7.439320271983795863e-01
8.114334398449474239e-02
-4.471354895161561704e-01
7.790538720426617436e-01
7.321926338331901096e-01
3.832519654991674574e-01
1.120281953387508800e+00
-4.567279592730344451e-01
1.258591874462989146e+00
3.683001327323399132e-01
1.592059971525568995e-01
9.267998083781577856e-01
8.532542242676963706e-01
6.640313954190607548e-01
6.641779485223360258e-01
1.213848582162533773e+00
-5.009731366485329351e-01
1.964489294349549553e-01
8.936778817807830011e-01
9.907991133580066334e-01
4.895339950546280794e-01
4.641089256644554406e-01
-1.189716274762382953e-01
1.319687963310252066e+00
-4.879939130313426521e-02
4.321397175047362454e-02
1.319951967907968760e+00
1.865392356901752757e+00
-2.980354960863211833e-01
3.505729872210687215e-01
3.133012354397329835e-01
1.662668318389398658e+00
6.809835769021543861e-01
8.619472578993648826e-01
-8.973757336829403242e-01
1.287127320689788412e+00
6.088246311391131149e-01
1.590714811561511510e+00
1.020430132141267876e+00
-4.330369532596288762e-01
3.245293253964849911e-01
1.271838810335961245e+00
4.420891126500658963e-02
6.055250630464611428e-01
4.946595494199773624e-01
1.024242074815790549e+00
1.647177212399919544e-02
1.458286140705970235e-01
4.802678728814858133e-01
-2.390797566321936074e-01
8.619197740341216774e-01
-1.725192847315758227e-01
1.776058269746367824e+00
7.954708318024613645e-01
-5.545802936752919354e-02
9.945123342494411461e-03
9.654630894852728185e-01
4.664170314394346095e-02
1.191103903283213361e+00
2.738816817311240381e-01
-1.860126240436691669e-01
1.482080885783942481e+00
9.655433052287359930e-01
3.401504014743220727e-01
1.349019359853107503e+00
-3.711329897842695624e-01
1.540609874119978073e+00
7.669661547693851222e-01
-2.984328913386158355e-01
1.104017803694095523e+00
1.338429804758000996e+00
1.060620804837209885e+00
1.231794397971343935e+00
9.240967389834601198e-01
1.213669912141749352e+00
4.304325476122155547e-01
9.469815058117234674e-01
3.427116565468182885e-01
4.284327090628406998e-01
8.780682969837647622e-01
-1.964424174805708828e-02
6.465516069621787265e-01
1.737682133390384243e+00
1.932736277058257068e-01
3.935154976631627943e-01
-2.928374371568485679e-01
1.764357022995455937e+00
6.514371331686280575e-01
1.725973751805820244e+00
8.172601477563958827e-01
1.363267960739940055e-01
8.716573471926968297e-01
-3.139645165470999477e-01
1.058611047593863708e+00
8.184864153140816168e-01
1.541767539345959337e+00
3.899866820122705469e-01
9.710881721686414059e-01
4.211206556311845595e-01
-2.507694432795062323e-01
1.138019576043352243e+00
1.202057334521921650e+00
7.772874355307233252e-01
4.411161925006094608e-01
1.233357188710506591e+00
-5.294589496356902902e-01
7.227344358455072282e-01
8.232141403299857441e-01
-4.324204751654533441e-01
-4.508820519741725541e-03
-4.845233624487943480e-02
1.454100003795698592e+00
6.988718122435227942e-01
1.866053645952610862e-01
6.009535344015879410e-01
-1.527141155867790534e-01
-2.088963381973322209e-01
8.898282521105135290e-01
2.514569815509911516e-02
1.555465259671162892e+00
2.310828325442317865e-01
5.315373729099038824e-01
3.536890489400660309e-01
1.159801231110594966e+00
1.748442421019779980e+00
1.547491454779346798e+00
9.822170892714363610e-01
1.194344894915002175e+00
2.235560245848690897e-01
8.312472783802814513e-01
-7.226216163807832465e-03
7.314195035322781369e-01
3.956815046342940789e-01
4.303835524344883368e-01
8.065255026713691322e-01
1.114973842739055643e+00
1.420406990810893388e+00
7.452407927530158016e-01
-2.550876576968448273e-01
1.859157361015122967e-01
1.076090818094227464e+00
2.075037288961903079e-02
7.143114182671989054e-01
7.478585692095491844e-01
9.207768833413343401e-01
4.451597447068203484e-01
4.690336862935018392e-01
-2.255442195901998792e-01
7.882566170636805536e-01
-4.312756065589176679e-02
2.503174798829606584e-01
4.510379540607667992e-01
-4.784113591908003005e-01
-7.813408562432448967e-01
5.260998133241674424e-01
2.031846000473918612e-01
-1.666652078610832421e-01
1.029685184176813539e+00
1.084062275716722312e-01
9.229565532954557838e-01
4.238660416571582989e-01
1.014750368940070979e+00
1.593059073130861092e-01
-8.430750033255851594e-02
9.924053367031540063e-01
-8.249859439636779423e-02
8.624032230652721731e-01
6.508908776137198871e-01
1.870924301917024746e+00
-2.731413646525465699e-02
1.047420299833087043e+00
5.387295811131125323e-01
9.994276819832148551e-01
3.566814274670751517e-01
1.680552224885436541e+00
-2.303118367168882352e-01
4.743208930105459187e-01
4.692326543690659157e-01
-5.040558078354732130e-01
1.944772931729354115e-01
6.929606156315467613e-01
9.946955718188654760e-01
1.930639402215058309e-01
8.806148758308065538e-01
-6.484845451734398691e-02
7.269854401165840585e-01
-1.992262389067910866e-01
8.088862389631661376e-01
5.033234971024435067e-01
1.845730793156913130e+00
6.837387993035768385e-01
-5.620850556977781409e-02
5.373032708427317727e-01
-1.504844251334501726e-01
6.428746163225376176e-01
1.085172007248427439e+00
5.432707806438641374e-01
-2.680259739804901620e-01
7.764084987179266095e-01
-1.772150373463199924e-01
7.462309700831563919e-02
9.901811951800135736e-01
8.132671827043668200e-01
1.264994500383870291e-01
3.345573542643938691e-01
2.505038974804649765e-01
4.022321273784401630e-01
7.797856687009584453e-01
4.291361797452308280e-01
8.797646064565565194e-01
-7.913499458424725352e-01
-1.153078596957056307e-01
1.259975879062050552e+00
7.455139958207573914e-01
1.040445862134949273e+00
6.585884652053511923e-01
3.596965097733028638e-01
5.438736529242672590e-01
1.586995351819917577e+00
2.946133672256946723e-02
-8.852427284334600799e-01
6.035646155069951391e-01
1.673059280123522674e+00
1.096910129148757518e+00
-6.004430041518241667e-01
-2.861232496360372954e-02
1.944853807124647116e-01
6.586783863204919154e-01
4.634111732052852428e-01
1.291631649431513873e+00
8.983048630548325919e-01
6.196791090781011979e-01
9.454776886869447061e-01
-4.163699775254841584e-01
5.725782763283011612e-01
1.002150690327813454e+00
1.655624775957086348e-01
4.394809660361823078e-02
6.203414575742975945e-01
2.944504546802211298e-01
1.405739848822685989e+00
-6.011904277731801305e-02
6.391999339932463720e-01
1.473672441295335256e+00
2.155472800338205375e-01
-6.398376159621297354e-01
1.595572739486331271e+00
2.647259284435573012e-01
-2.431608144923383397e-01
4.070476315750422569e-01
-1.001198746894402580e+00
7.509447222300907887e-01
-2.939132331567530509e-01
-1.598592103272093168e-01
1.087415665959894806e+00
-6.076868004073086027e-01
1.048820184217684526e+00
-6.977774248033502547e-03
-1.978500568438282259e-01
-4.493418579429485638e-01
-2.095997304432875297e-01
-2.107340640150706657e-02
4.471331895936152545e-01
4.218438722801425705e-02
-4.073040403251272368e-01
1.035459107439527404e+00
8.041818023251420255e-01
1.171001634894279997e+00
-5.045177631050968836e-01
2.094743072258694050e-01
-2.046863230141949819e-01
1.423418093681473984e+00
1.402316671179833163e+00
1.320848839505342487e-01
8.910017274112660424e-01
-3.334688868294048980e-01
-1.670492055434978085e-01
1.017916189022274320e+00
5.883551450148373496e-02
8.397000463934681802e-01
-3.844179882881766652e-02
1.877174526763569773e-01
-5.755530090844745983e-01
9.338108598545190597e-01
7.173046697538263405e-01
2.273926208956646544e+00
9.374892153283196361e-01
-3.374811308388875331e-02
7.832137211009547739e-01
-4.622622689086983844e-02
-7.986621457274789559e-01
2.638707671399768140e-01
-2.047391928550579832e-01
3.415371015762059814e-01
8.990604227244501923e-01
4.804282634257392992e-01
1.680226270879831008e+00
-4.417715460695297858e-01
4.891361505084325656e-01
9.180051704340511098e-02
-5.722649088979230303e-01
3.546426448956850330e-01
3.289344610192966312e-01
-7.313882306433804326e-01
9.564654673010372088e-01
-2.598833963970109684e-01
1.570451065495413134e+00
1.964941306963348677e-01
1.070561991737865704e+00
3.032881380054175957e-01
5.583955528224562315e-01
3.099835606852187064e-01
1.503856641254989746e-01
4.490543921312840636e-01
-3.649749978099672831e-01
7.626496268229050468e-01
7.495854763792780817e-01
2.038971067804644099e-01
1.855013126682030500e-01
3.177247059122105532e-02
1.043259712136436868e+00
5.920221597261466906e-01
7.936099833907078738e-01
-3.899355033304549578e-01
4.435399105101737183e-01
7.696021588561413607e-01
5.195880444526583819e-01
2.521676070249387336e-02
-5.368682679887342574e-02
4.980975346741746690e-01
7.397977324097534391e-01
1.124384613855005099e+00
-8.091972856223796084e-02
-1.239750533348903672e-01
-4.594211385855932750e-02
-1.054787707519535100e+00
1.489097269451407968e+00
9.190765514135071923e-01
1.258703174068393604e+00
1.379469504347790698e+00
8.156629471637574236e-01
-6.590302650848167687e-02
1.213243945059335527e+00
4.191643672191963099e-01
1.000731086023550764e+00
1.556060996684386133e+00
1.122031406050676194e+00
8.392890578458080952e-01
9.362982574269267388e-01
3.614670862767849213e-01
2.108530498787329233e+00
2.762150508719900532e-01
1.211408610782290562e+00
9.737949644451218134e-01
1.045279198643611629e+00
1.756569787846693931e+00
-5.325958116917969276e-01
4.670488496761988628e-01
-4.405668727984251576e-01
-1.461458573446655640e-01
3.527200154507755259e-01
6.954073758566929608e-03
5.649847046653937443e-01
3.949829617630838952e-01
3.833700936894218758e-02
-2.680072543562640464e-01
4.015325029240262023e-01
1.194399122078033670e+00
-1.006545225201160187e+00
4.199253642207461112e-01
2.129334738951816908e-01
7.203933400708874002e-01
5.707222871712105405e-01
2.988347771976959666e-01
-3.990488585314305725e-02
-6.262539394936679216e-01
9.104037735026573319e-01
1.535165476222340120e+00
1.939010253281876761e-01
-5.270340885464689373e-01
6.175314340927930967e-01
1.466542260257268637e+00
5.242062085152997541e-01
1.069382872638642068e+00
1.041658262957358527e+00
-9.955416904560325797e-01
1.469210909784039787e+00
6.158214737361958901e-01
-8.386309856713884958e-01
1.231538974323015845e+00
-1.347510868467036715e-01
1.468549336935847549e+00
5.266512253170001490e-01
2.911928034680663080e-01
-3.828968910960631744e-01
9.596173394049097860e-01
1.291095698273023951e+00
1.843838340754484773e-02
4.253191102535722745e-01
1.247805421865876729e+00
-3.656445979583079070e-02
-1.688324227915325576e-02
1.075964767647287879e+00
1.654371802901178357e-01
9.934416251166154899e-01
2.047129948245574871e-01
7.693534102574357547e-01
1.622497900271669402e-01
2.309329517863556447e-01
1.018280118167914416e+00
6.728906911533627522e-01
1.220509760803674126e+00
1.557346007290483225e-01
1.129603435981091780e-01
7.543488085090653827e-01
1.244425854633647299e-01
1.952139614611027585e-01
1.873498748346986487e+00
4.115275186549782749e-02
2.139893721318150976e-01
9.485852378078528657e-01
1.056875416228117981e+00
1.129589506581302638e+00
2.891555886347331739e-01
6.813746148540924530e-01
-7.116737042285000703e-01
1.591659346800075481e+00
7.269557944924912585e-01
-2.748271391822723064e-01
8.395274175805826911e-01
-7.714259294126002420e-02
3.041143323945547650e-01
-7.902997002938991766e-01
1.077940520044026185e+00
8.769967521500582341e-01
9.891253961289078189e-01
-2.271383881583686482e-01
-4.844356211660875711e-01
3.847299266441307070e-02
8.925670013477243758e-01
-1.762736521272468826e-01
6.232712940514119060e-01
5.657101667240653775e-01
6.161160178921103459e-01
1.241679638309326483e+00
-1.409747962299510438e-01
-1.840012648495876757e-01
-1.958541419375765535e-01
1.736005505201956733e+00
-2.791856296366177978e-02
3.419689737407051178e-01
1.824642115208928939e+00
8.223989012947833244e-01
5.331716109721715835e-01
1.347788246510690513e+00
4.008590520648820377e-01
1.013552922036129234e+00
1.331932967356025399e+00
1.493497198837972606e+00
1.357344882920050511e+00
5.952237355528883223e-01
-3.834439050661360149e-01
4.447185514984847154e-01
-2.204198059046167113e-01
3.709999851749123390e-01
9.232411165827510979e-01
-8.892331221877153302e-01
1.928366832355874028e+00
3.287389622727246441e-01
-2.981172301795965152e-01
-1.823582478463696976e-01
-2.835357359980987257e-01
6.936884840305977962e-01
-2.534858399161559195e-01
1.460310952997056155e+00
1.405021617284288871e-01
-6.375340683334060343e-02
-9.209047280645735190e-02
5.622013923542438230e-01
1.200384427986564306e+00
5.372590995223928134e-01
7.177874461949993456e-01
9.752492213956023281e-01
7.030666876078330851e-01
-2.025207907973073512e-02
3.656761502755117021e-01
-6.050564591404536952e-01
4.983809776682163184e-01
1.941050251713382357e-01
-5.202203722860373469e-01
-8.165980220321386041e-01
1.784732475542299523e+00
1.237820590699194812e+00
-6.745240673328614656e-02
-1.926456029336085785e-01
1.371438467319489707e+00
4.395182336059245687e-01
2.609051059765188918e-01
1.276524852431649981e-01
1.653667974874646340e-01
1.293973320236639246e+00
7.001487933264431973e-01
1.763755605410654237e+00
-2.049076144075583361e-01
-1.161555198393109389e-01
-6.114460783802333488e-01
8.741072672826129264e-02
1.229505906531188630e+00
2.035904715693952927e+00
1.494120470736638673e+00
3.413369869125276040e-02
1.092950742288906207e+00
1.423771676955333465e+00
-2.575803366658616644e-01
1.431981164685221797e-01
1.198150286556696420e+00
5.097400653945803883e-01
-3.617518737782834948e-02
9.588417423843605958e-01
5.031315670848277577e-01
3.272566773775511528e-01
4.976766981973471810e-02
-2.600580704014852085e-01
-1.771549307951561236e-01
4.528504766847369356e-01
-7.889152883182257159e-02
1.160538890761185077e-01
4.319709380208183735e-01
5.388350679419232625e-01
-3.882324384451574240e-04
3.254357718145957645e-01
1.239920556020730702e+00
1.049072070381450006e+00
7.342785862710641265e-01
9.019075151377488053e-01
-4.434972356169896157e-01
1.167476172201497020e+00
1.132973962438604376e+00
-1.435843336952702942e-01
4.102548157373744897e-01
3.176233952557269702e-01
7.667952213178073073e-01
2.356112165654936363e-01
2.058352224470842984e-01
5.091189203378382322e-01
1.267492631821623750e+00
5.760512544418069369e-01
2.362997125660589448e-01
3.550650018120327656e-01
9.825462916220595311e-01
8.417037525197179626e-01
3.903266151960939068e-01
-1.861665955773012249e-01
4.010750415564638682e-03
9.764254599002009094e-01
4.573215921564868225e-01
8.061111571677694876e-01
1.637479578324312568e+00
6.403469579790126431e-01
-4.485577590143882132e-01
1.066989326707743491e+00
2.941721067539025958e-01
6.421153103383290262e-01
1.359302483691790853e+00
3.199826174397220058e-01
5.482303499427197968e-01
6.349923616795308812e-01
3.419019583593267408e-01
1.096531822185434352e-01
6.531688337710762626e-01
-7.104506146353231633e-02
-9.648566780685105537e-02
1.600229273993145851e+00
3.782364449330944400e-01
4.836993077123197260e-01
5.618049582450660440e-01
8.097696446440978413e-01
-4.145110779684291202e-01
4.639348527846457459e-01
-2.557510406540722814e-01
1.512365644590432101e+00
4.185987190605896524e-01
4.544852049235518360e-02
2.086075012206852763e-01
1.009324566435279902e+00
4.210633407420290020e-01
1.200969948012432509e+00
9.102748171015931922e-01
2.122232177975813816e-01
-1.085562116372635055e-01
-2.506618235028147956e-01
6.598803371569670340e-01
1.528978468817178693e-01
-9.542760825062904240e-02
4.868494132499615601e-01
-4.655288994319340887e-03
5.775168766706346712e-01
1.967332092290084988e+00
2.096997214114636465e-01
1.227156589800996400e+00
1.461914398675340898e+00
5.864312685028938432e-01
4.425928713106290213e-01
1.007306506199436402e+00
1.725643696098188906e+00
5.908925506937305894e-01
-3.801724367205983057e-01
1.770550131623495060e+00
-2.783462972343513364e-01
4.198952738887875014e-01
9.307338036601047193e-01
6.806027849788415240e-01
2.967839492644316901e-01
3.536849274851779912e-01
9.876659962309433105e-01
-1.831570754061550010e-01
1.837907287664347633e-01
-2.230380257394344312e-01
1.447349025576023074e+00
7.257293586003852326e-01
8.703581213843857300e-01
-2.619389126574581672e-01
8.682317756642927709e-01
7.126619068253050582e-01
1.043590129852283610e+00
2.014290015227082620e-01
-8.171893779466229968e-02
-3.925022394565326755e-01
9.679010532779612763e-01
-2.044950887324434308e-01
4.039251300257633570e-01
8.804958088159821061e-01
-8.234407641430242508e-01
9.313267018315913859e-01
1.579053021953851221e+00
8.008222265284890007e-01
2.532579250028436091e-01
5.918840773942339872e-01
1.529499136388589031e+00
6.438592976399742929e-01
7.093885266022290637e-01
5.529124916181624716e-01
1.033196687014734799e-02
1.503873838814365094e+00
7.715696110380079187e-01
9.373833969301541558e-01
3.586163935957548121e-01
9.472311724675888112e-01
1.915906708741330622e+00
5.401372789837934896e-01
-1.810957497146357953e-01
4.894588122907357897e-01
3.458281963146810911e-01
6.223349793310956057e-01
9.391259039507383610e-01
3.321845731234228105e-01
-1.133064600526486054e-01
6.926525816689075299e-01
1.356031321411805157e+00
4.706599498559939088e-01
5.766845672697612502e-02
1.782503719029905120e+00
1.214230218620131474e+00
2.774101836329395665e-01
1.413265872275210722e+00
-3.167261690504092481e-02
4.234521463102212668e-01
4.004125359364807402e-01
-3.606865519933656339e-01
-2.930812207776796185e-01
1.325280077931370704e+00
7.206720591185924452e-01
2.791688120890674640e-01
3.720655882891916733e-01
-6.956790822656485629e-01
6.020080210613018012e-01
1.985820951491226616e+00
4.646344758055424573e-01
-3.094159017710058635e-01
3.921729017087306479e-01
-4.069059046983631855e-01
-5.352803345531355061e-01
3.118757354967156004e-01
-2.623806341109968243e-01
-4.606781481830755642e-01
-1.265983273134431375e+00
5.309142948121414740e-01
4.711310033381100881e-01
5.137568079871465132e-01
1.113795996890376561e+00
1.271800392112819034e-01
1.541150117423348842e-01
-1.999974913626141604e-02
5.053944673011836475e-01
8.531245252387813505e-01
5.793583808702820193e-01
-2.789267977704409374e-01
-1.754791485941398499e-01
3.000346948843591877e-01
-6.672867159362950995e-02
-8.579965129983257999e-01
4.079238362983866883e-01
-4.044640271129006787e-02
6.518469316585659978e-01
5.029071510143089396e-01
6.617474305383485023e-01
9.851662757631773903e-02
-1.869406208137942560e-01
2.917533682831846553e-01
1.207512910731326716e+00
2.625575345368206803e-01
7.529212586031643895e-01
-6.327712390391043717e-01
3.186026895254800984e-02
5.988203331941326368e-01
4.932100613618659035e-01
1.659883698269595032e+00
2.493022660675431601e-01
1.474881905007433103e+00
1.834485391731555948e-01
1.295210400806164674e+00
5.011105522360184139e-01
8.297792104473022956e-02
1.009427338132433821e-01
8.362408844201214553e-01
7.754146265650467829e-01
9.277417778980154295e-03
7.077335512337081802e-01
5.893623757245183281e-01
6.408586211135047783e-01
6.698925261078305660e-01
5.975667656739411804e-01
-4.586824637990760123e-01
1.264858649207512675e+00
1.122521326159445554e+00
1.259885364575831224e+00
-6.892138419991418186e-01
1.262650577354659465e+00
1.304337382559175529e+00
-1.424666040457052696e-01
1.309942543338222576e+00
-1.957766387915993445e-01
9.201682018302791422e-01
2.447582127771540383e-01
2.914442484911037856e-01
5.150314570734136899e-01
1.138917779185939061e+00
-4.374316866121029101e-01
4.720106504338548170e-01
3.270753483937408612e-01
6.382680047423894276e-01
7.878106121735486411e-01
4.027021858820446498e-01
3.961367954080784459e-01
9.078199207521919778e-01
3.822824735489062653e-01
8.271427162720409454e-01
1.353850292132564581e-01
3.947093666906805742e-01
-2.720448178187211130e-02
1.657719366272798478e+00
2.148212627917561734e-02
-4.916768940695590007e-02
9.092644840584356292e-01
-5.080489653504137448e-02
2.930361398854737232e-01
2.317182032797738267e-01
8.368394647314479906e-01
1.041553615811445122e+00
1.295037184975993821e-02
8.509771959111370743e-01
1.438251961554757763e+00
5.376403566856492455e-01
7.051332317673941752e-01
-9.564467803566011062e-02
1.699283920040379314e+00
-6.474492160352294245e-01
-4.655671502567055309e-01
1.358309093865329054e+00
-4.863595500197087640e-02
5.811901749859923472e-01
8.190396883897532732e-02
2.883760742172754021e-01
3.263589437453748854e-01
5.409822447948284818e-01
5.510041435971982926e-01
1.499209286089526971e+00
1.067496679455130826e+00
-1.240689803818482290e-01
-4.716996174283558108e-01
1.065461030720878499e+00
4.685333018422122020e-01
1.096431023213824268e-01
1.657771029084625036e+00
4.171100248121837883e-01
5.850402513509671554e-01
6.932615354294132670e-01
-1.148114993278136209e-01
9.365614535284000342e-01
1.554341834133995182e+00
8.302959374947821436e-02
-1.690138394408997879e-01
-3.191819033223300961e-01
5.090584131448859795e-01
5.686565288816903818e-01
6.844395988580180834e-01
6.508826337783391036e-01
1.443800870359920996e+00
3.065803407250534129e-01
8.571535507947715127e-01
6.294173896523287404e-01
1.068214128993405287e+00
-1.239928248495723029e-01
3.352796728856727304e-01
1.171408577565963727e+00
2.758126551105790636e-01
1.945706330938731521e-01
6.975409313281202284e-01
1.867150957529725153e+00
-3.140069000712977232e-01
-3.218198043342692660e-01
-8.152581446357375361e-01
3.527990901778564614e-02
1.599401011572550158e-02
5.850989263745798308e-01
1.393742317861020430e+00
6.762279732020002321e-01
5.723960412567155043e-01
1.122498104244745720e+00
-2.266034134719936977e-01
4.504928253420182327e-01
1.332883130466981481e+00
2.176251135905867273e-01
3.067309497744212243e-01
4.346151643524139851e-01
6.087437747052032444e-01
-1.599247442831913113e-01
1.277018733963471764e+00
2.755851359535850809e-01
1.213734264905621529e+00
7.164462248718829196e-01
4.094291900105254123e-01
1.253622967725441795e+00
9.244326520200873976e-01
6.192872286416828409e-01
3.536842560555190085e-01
1.496833077420750557e-01
-7.231037157642740132e-01
-1.204677134921442183e-01
1.651927729559630187e-01
-9.488516147491432573e-02
4.843600588197146117e-01
-1.329449436192506884e-01
8.006671855592871478e-02
-5.789686511693981075e-01
-1.542526123053264975e-01
1.602214450134341606e-01
-4.608766001810224444e-01
1.308360644858753030e+00
-1.241710328094523808e-01
1.747418832645098563e+00
1.549395940650768244e+00
-8.374736945485582451e-01
1.402423479692823660e+00
9.568302871042568825e-01
2.290432990968697680e-01
7.847253360724484872e-02
7.898605815747502534e-01
-5.951722821576908851e-02
3.774044144943777823e-01
1.859943502708210905e-01
2.450040910037677155e-01
4.361701836826249457e-01
6.514247297293521699e-01
6.707528043713549548e-02
-2.684155836314121024e-01
1.060274083205706930e+00
2.803426037505336588e-01
-4.652446378841600810e-02
2.738217529547092299e-01
-4.568573474548438818e-02
3.373617576293034270e-01
-1.199740879353995149e-01
9.006792732481345987e-02
3.656186552140100465e-01
6.044856874626263199e-01
3.714087510400422842e-01
-5.378044443758248638e-01
9.980333688874707398e-01
1.697361361487436771e+00
9.805667587414071962e-01
1.322018414516981100e+00
7.420938728222202796e-01
1.598338272068700716e+00
5.102466444780082849e-02
1.899651461970633393e-01
1.397731245541517398e+00
1.261589141177002604e+00
9.496136242081569812e-01
9.676043191788625819e-01
-7.163962218650091196e-02
3.929309900047327497e-01
1.316903392140421070e-01
3.793316771256241005e-01
9.147492236709593438e-01
9.559584485711912771e-01
6.610841453273353929e-01
4.607424215759496344e-01
6.218070195168330372e-01
-5.809094607180738112e-01
-6.027516638780977543e-01
6.758304173579611218e-01
6.307285400756613702e-01
-5.365529091242713378e-01
4.288585840989421194e-01
1.747730271199088303e+00
2.281565448037118499e-02
-4.692969671764340989e-01
9.718458809995579317e-01
8.431714020760526784e-01
6.175741122960518581e-01
6.139678552119059995e-01
8.771173225335432422e-01
9.043444322057182516e-01
3.622024289406108322e-01
4.312699626037134193e-01
-5.552983009525517266e-01
7.010125281971489597e-02
-4.794764635883696502e-01
1.547129646955635929e+00
1.413206460093110184e-01
3.859435325563264629e-01
3.999597507022417675e-03
7.952273245515161237e-01
3.348873959452655091e-01
6.433104670741450759e-01
8.871400399383958524e-01
1.160207540987969743e+00
-2.773285061892285519e-01
1.735109616812880340e+00
2.970913797099632436e-01
8.517703700645357090e-01
3.418598955846427478e-01
3.392980419751543408e-01
3.806308206830212315e-01
5.246014713874983526e-01
8.293847088101749532e-02
5.685421853431150696e-01
5.447200008342996114e-01
4.048121696451171259e-01
1.206931508329977198e+00
-1.423191271519732293e-01
5.106906121801695342e-01
5.753308284210886248e-01
3.344952288998628287e-01
1.092175420003980157e-01
9.950627738623876173e-01
1.878091794967331252e+00
5.093825939233408429e-01
9.556331005682403568e-01
5.494144458567258305e-01
-4.580425811662518498e-01
6.602437998612807890e-01
6.344191305568299688e-01
-7.214080326527476383e-02
1.022869788712767125e+00
1.270259370302480595e-01
-5.276256798306625667e-02
2.352159699483787059e-01
1.053342623621886354e+00
1.014307279324878408e+00
4.352951619738928413e-01
-2.903842154087818983e-01
5.412884576202828812e-01
-9.851802168237432378e-01
9.210510864053912672e-02
-1.008309039823390485e+00
1.444896721630125613e+00
-2.091170021643307952e-01
6.406652516013050525e-01
9.664910455452405680e-01
-4.915672718897710625e-01
-3.398839775315373180e-01
-7.501618698153826870e-01
2.667892802818501163e-01
1.548740347840281029e+00
-3.783599605618858108e-01
8.918376487240783357e-01
1.595726802693959723e+00
1.014446014874054836e+00
1.948544334554124458e+00
1.573643474410135190e-01
-2.438118386884213784e-01
2.303830796903465483e-01
1.647096050621439933e-01
1.318817170569739350e+00
1.208428017182541642e-01
1.436741712503762480e+00
5.350267969694447734e-01
-4.870001632983699813e-01
1.781459689535054514e+00
1.026912632726673102e+00
5.879727734777921988e-01
2.267282210130880382e-01
7.715569567275196716e-01
1.021148346121738992e+00
1.291233370145455250e+00
1.303230333705023725e+00
-2.055464486422418635e-01
7.453882703387698649e-01
5.776808607587572419e-01
7.890126803634037733e-01
1.426935184712310178e+00
2.935844042673856347e-01
2.736683316127705989e-01
1.514163983971318350e-01
-1.532769157489874690e-01
2.281122948279061813e-01
-3.908087942373803664e-02
6.495886158558974444e-01
9.511235009134794138e-01
-4.128927930999171103e-04
-4.254194415696563314e-01
5.597820512917525138e-01
-2.148774939701665887e-01
-5.682863390932362674e-03
1.278258019454913130e+00
9.255809459296764075e-02
-1.392593358104761425e-01
1.193284614412647215e+00
1.349802692264358006e+00
1.219339941352162837e+00
8.101495096592037370e-01
1.028725349976432613e+00
-2.984233020696547278e-01
4.218883603562846307e-01
-1.544981989775404962e-01
-1.143404571511628526e-01
-4.725364728720708452e-01
-1.056824208947015897e-01
-2.355173276101062418e-01
3.652708433071446548e-01
5.901290801939509389e-01
8.873640514410536806e-01
7.660084341264548902e-02
1.013409143372461241e+00
4.487481502260795563e-01
6.737930464269080710e-01
9.666322063008128684e-02
-3.475540997014680555e-01
-9.659612289665194806e-01
8.837694879025939088e-01
8.411080825169152397e-02
-5.918424748570645377e-01
9.829868346584180738e-02
8.750410083064269484e-02
1.217851528603222544e+00
-2.843767127344601908e-01
-6.436258832623232840e-01
4.641347252065159412e-01
1.095439798011500487e+00
8.949819016718326692e-01
8.181842456122795371e-01
-1.156263856955428056e-02
-6.890924261316577759e-01
-1.336032369596262537e-01
9.126056709869198036e-01
6.601198366873763934e-01
8.968413388842714218e-01
6.284998929380389288e-02
5.485177833487634436e-01
8.253728653782441693e-01
-1.394672876256581873e-01
9.378901757071478329e-01
5.395162599846815565e-01
7.073506438055348067e-01
2.571523376048947540e-01
1.625928592298920616e+00
5.075291697405341917e-01
1.038452110582331001e+00
9.856160093670081057e-01
2.720313539690689120e-01
3.300363527466840807e-01
4.268413371367586473e-01
4.309167199537665693e-01
3.718900970418712593e-01
4.624615118250085394e-02
-6.159877304678157417e-01
1.023215260825303119e+00
2.197814937543725311e-01
6.959309974148599753e-01
1.517628722466840774e+00
1.968374207118302133e+00
1.594702705742404136e+00
1.783603937107972603e-01
1.156666752930207043e+00
1.144626185499763998e-01
1.245412744848785502e+00
1.186056194645704887e+00
1.532144391673205597e+00
1.551175786101721243e+00
-1.636806487768627250e-01
-7.861985651962529256e-03
4.775990205589613069e-01
8.856197005420919366e-01
6.452278954094723407e-01
1.042914281955053868e+00
-2.876706317027639126e-01
2.214503736581928950e-01
2.714957805883188580e-01
1.631106866619630447e-01
-1.440367021212177190e-02
4.384914304172710109e-02
6.229361091630621905e-01
9.652259854097501313e-01
8.965257307390103736e-02
-1.199202681139537041e-01
4.294006088323935044e-01
7.160936225234387775e-02
1.060990057815374144e-01
9.796679245287455151e-01
1.031020606773595860e+00
1.041916065801749003e+00
7.676520581812692479e-01
4.028604340444487120e-01
-2.083525861878829932e-01
-1.528780908686228068e-01
8.186306408207507657e-01
1.420589457087622520e+00
1.401741395239356480e+00
-2.211205393664574526e-01
1.931374430032251732e+00
1.396683244493781340e+00
-4.004243809877447435e-01
7.213987045929654007e-01
-5.714174716246629426e-01
7.093287531462283413e-01
1.389528394479036422e+00
-1.030048142919493648e+00
5.598707590882193719e-01
5.438639325564863514e-01
-3.340335932140983677e-01
6.122670223957507041e-01
9.428997659401764375e-01
1.019946506923044227e+00
4.920869043966986101e-01
6.676214686248802543e-01
5.437519403876764912e-01
1.202648352036419954e+00
9.532771146233781634e-01
2.836418248786569674e-01
8.893441992051411837e-01
1.376479696947723541e+00
1.189400955024012996e+00
8.537518994554937901e-02
7.427641211085828088e-02
3.617465579334688819e-02
-6.041877933282294721e-01
1.067338118288405857e+00
5.832500969596968732e-01
2.522772388082164530e-01
9.842308352607207489e-01
2.784427253421112858e-01
-2.344158819651485093e-01
1.062459935114861587e+00
1.143513486955256786e+00
3.771864277746071470e-01
7.761513508073628609e-01
6.867885968598195223e-01
3.963945938901423660e-01
-4.797891376326833268e-01
6.922861619858170501e-01
4.521826706465728041e-01
1.202714520852606439e+00
3.213717700433639801e-01
3.483246715127575333e-01
-8.163769273458132414e-01
9.821530597772381022e-01
8.466617381371571716e-01
7.654111210804911414e-01
9.999498148763688032e-01
-7.862920335942458205e-01
1.374336883871976500e+00
5.366641467772870211e-01
7.249796727512769490e-01
1.008014202797165249e+00
9.442103276494465125e-02
3.749636074560250831e-01
6.457319443674462978e-01
-1.830203541198582862e-01
1.023020337159610049e+00
7.849699448684750447e-01
1.711988367053695892e-01
4.932998388636012921e-01
-7.053080317523059695e-02
4.445903644861871062e-01
9.216697608208513914e-01
4.104899328404340020e-01
8.048783103571102160e-01
-6.763468973941128004e-01
-3.266442224437432484e-01
9.695502309890757786e-01
9.734222184508255493e-01
9.466532129326726830e-01
3.432453342952605513e-01
8.638792984935546038e-01
1.473660723813892792e+00
1.254898135838783180e+00
8.006607423630531795e-01
-9.223163930823523315e-02
1.538591300928822347e+00
8.599859508981048117e-01
5.105656791406378014e-02
2.849317236425091271e-01
-1.032802846593085799e-01
1.104391549708074516e+00
-6.518509805180943140e-01
-1.804696143837324906e-01
2.400762749689533404e-01
-4.404781499221996355e-01
-1.015604940936779138e-01
9.804813593218567602e-01
1.781463475514970751e+00
1.071644847769088305e+00
1.546040688452581469e+00
1.789677475590450706e-01
6.045248941572213264e-01
1.744985057255941774e+00
1.867637349940212133e-01
9.980196874332579737e-01
6.749562273148089764e-01
1.938530985519128780e-01
-6.705987901049733635e-01
2.588332911451733387e-01
-3.574502506637116661e-01
1.793098079628228647e-01
9.501630517914935736e-02
7.542332254992345497e-01
-5.162011497079642686e-01
-1.121184051181845637e-01
8.049457823648832333e-01
1.649448920987254485e+00
-1.641290248422880987e-02
2.016797805859711912e-01
8.643148597466985272e-01
1.567093286261566298e+00
1.547054658055693477e-01
-5.243169402527240175e-01
8.985756825508993684e-01
8.952057710732421736e-01
6.837618223650412386e-01
-1.957699864967951953e-01
5.839400825910173731e-01
1.465887267798459126e+00
-4.961468977415425252e-01
9.307950183637972996e-01
1.628825173042985353e-01
2.509810096185367545e-01
1.429740920865663956e+00
1.181875315205956012e+00
2.012473984421608852e-01
1.561517923125611995e+00
1.243707029322527635e+00
-1.324145343647873951e-01
-6.638167686480019869e-01
-4.460678541622488114e-01
7.142642896561396393e-01
-4.661878660957194942e-01
9.788887765981331146e-01
1.800311871880584835e+00
-4.550097606247383575e-01
-7.277285634457919539e-01
1.421699529817799679e+00
-2.037683353835334499e-01
9.896380056048146301e-01
2.529124883290188031e-01
5.960811750571600731e-01
1.037788415869926595e-01
1.219209176170429343e+00
6.195432933446846091e-01
6.427531416354306248e-01
1.156852304745766613e+00
1.104961676832389550e+00
1.157767221161633220e+00
3.654425408941011089e-01
-6.543494640030501630e-01
2.949933689368754441e-01
-2.540814103615280373e-01
-6.977326615379912667e-02
1.940582292514329565e-01
-5.593568724676087900e-01
9.583821735607721271e-02
4.484713456357432015e-01
1.291786801525321771e+00
-2.654365989411908711e-01
1.974531522025189667e-01
7.326297855173450335e-01
1.625363417403985933e+00
-1.110843137289256599e-02
1.943595341194307713e-01
2.115603689537976229e-01
2.893626579043152569e-01
-1.192246127869991124e-01
1.578071462768495747e+00
-3.244595659813768740e-01
1.138664709741183945e+00
1.318754678289373539e+00
-2.884312376453104232e-01
2.788172116163892822e-01
2.475438094121875099e-01
-4.793781832433559598e-01
8.452340872131298699e-01
6.992772301389823530e-01
2.204563110414226479e+00
-1.189938689906097219e-01
5.060216794414399422e-01
3.913887853092442026e-01
3.991381821290897469e-01
3.839544900156219298e-02
5.204212223206272636e-01
-4.296700421201183895e-01
-3.032729045924157929e-01
1.118748805139602176e+00
-4.349082696491717304e-01
6.583463805506456490e-01
-3.361564446871432854e-01
-1.237901846178968424e-01
-5.887200165562306298e-01
1.327131832784188781e+00
8.220455862729357799e-01
-7.182592188033108671e-02
1.416350345097901808e+00
1.236110659523898647e+00
6.643686487314547362e-01
2.370095732096247007e-02
4.810302989023553244e-01
-8.568529893321823465e-01
-4.018411402977799529e-01
7.409623922878837143e-02
3.714496227193474498e-01
9.255294654334899063e-01
5.430011147072131283e-01
4.747008054410837841e-01
1.329377803223006915e-01
8.774160018052398202e-01
1.278241296750287415e+00
6.597122164691453516e-01
3.133252822932644510e-01
-6.118744883117561983e-02
-3.332975520180089801e-01
2.300538590009527928e-01
-8.998857159126230632e-02
1.043242918396642738e+00
3.313174157743594139e-01
1.469848842550212531e+00
-3.976468414626922465e-01
1.392632492211933748e+00
1.169452688946359675e-01
1.740303477680520627e+00
-1.784546996755830839e-01
1.006068463974757465e+00
1.324197192933141309e+00
3.352962610479164329e-01
1.394731235527221447e+00
1.075484819190810848e+00
1.481609712292208947e+00
5.385526628458719989e-01
9.897306096198665859e-01
-1.804039854446656543e-01
6.025752150781172878e-01
8.493953502420751311e-01
9.482615500740070313e-01
-6.578417083802765575e-01
4.260943796073765055e-01
-3.325208470108330372e-02
1.284639482438023173e+00
1.772205026417430274e+00
8.883864417945308567e-01
2.424352794167543845e-01
1.056625215760180758e+00
3.368016803932444847e-01
5.214568739646781026e-01
-7.131445728386335281e-01
1.687705674078816553e-01
8.378171184228628832e-01
2.015814704285019410e-01
1.692755293910874065e-02
-7.090199989337818698e-01
1.320585806033250043e+00
-1.897200931226198650e-01
4.703648038838125212e-01
5.212461891356529042e-01
1.227111585606403432e+00
-9.327949983796423039e-01
3.965539944667190730e-01
1.844440442382382805e+00
5.299235749780286664e-01
5.800415772543371373e-01
1.007815843360947650e+00
-5.168802737634063948e-01
8.028900287762161803e-01
6.683408033371078527e-03
-6.945021813946418154e-01
4.983539682478654309e-01
2.841295647576828551e-02
-1.906290058736486437e-01
7.688793814074679212e-01
8.805921069099631460e-01
1.424687490738148155e+00
-4.167257991531106431e-02
5.538768229708393998e-01
1.521347194255942038e-02
7.796676336549001052e-01
4.897581412712341264e-01
1.543633758032926240e-01
-1.560397216517064867e-01
-3.678108362224959405e-01
9.752933312897730245e-01
9.487037636577695388e-01
7.547379369453806053e-01
8.455532358761242984e-01
8.713858403505880812e-02
9.629984670777858025e-03
8.827664068805843867e-01
6.810346691489307380e-01
3.793566084202472100e-01
1.120025587108053111e+00
1.850642912285270114e+00
1.149412156036773602e+00
-6.226537466058148507e-01
1.525956575174318985e-01
6.919151507177351279e-01
9.614232081787277284e-01
1.569356587663754743e+00
1.296974540367892947e+00
5.326455655171588033e-01
4.532760081291088983e-01
-6.636437638648040593e-01
9.047712254138531862e-02
-1.725270551810805519e-01
4.464562721921736532e-01
9.536796780094266568e-01
-6.212582048112523792e-01
-5.914123662663604009e-01
3.034277148010525726e-01
2.325047615968543063e-02
8.413211255856987980e-02
1.246113433446208507e+00
3.898720817724863341e-01
-8.023186690553288369e-02
-7.549286021633813681e-02
-1.850574437597915234e-01
1.106309288701427862e+00
2.669331654138262788e-01
1.250451653121800177e+00
2.064801990721846781e-01
9.005600587516419120e-01
2.727120924869076424e-01
-4.416162272764236896e-01
-7.323331508522328281e-01
-4.141468516882317874e-01
7.400298823783161284e-01
4.122825367934661589e-01
1.816831147200332675e+00
3.602061457308438075e-01
1.030936135127636932e+00
4.521225850524216439e-01
2.036761705802274669e-01
6.504128757100801073e-01
-3.092823078836593464e-01
1.477671268566461471e+00
3.593998945938163270e-01
5.362013947684485249e-02
-3.605570267472801849e-02
1.505343899113366746e+00
4.071592799537626095e-01
1.001662232497938954e+00
4.802533795501586766e-01
9.027281400341460316e-01
1.264794730727273608e-01
9.195843792489518664e-01
5.974165313919789499e-02
-2.797551167902401215e-02
7.259468267951657561e-01
3.256271605327201724e-01
8.341245485343211641e-01
8.841316957460464421e-01
1.257986986945354602e+00
-5.013247909121480023e-02
6.800272166140411967e-01
1.175664000051256153e+00
9.127890976975031601e-01
6.531140521001503885e-01
1.359177772784827321e+00
1.669599651488137937e+00
3.606086513940757743e-01
-3.765466781754099879e-01
2.406204573910723787e-02
4.885923557682520513e-01
4.284232724744468923e-01
6.387122802477801509e-01
7.936272706387671738e-02
9.701946162440560073e-01
-6.987822588200406360e-01
-4.164845905273474314e-01
1.506770361637304267e+00
-1.598317821653014448e-01
1.463299552764885769e+00
1.619563604990413297e-01
-1.837975403169743449e-02
1.173638029707909203e+00
1.244373346263796698e+00
1.038872478964371904e-01
3.678438865786153311e-01
1.794553548347358196e-01
3.933396650386239424e-01
5.155854185727277716e-01
-6.137313890310245323e-01
1.914823659327499206e-01
2.467796584348962430e-01
1.698308968804641994e+00
3.046003310560909116e-01
1.672284392424163046e+00
4.416300298056684004e-01
3.317086775905275786e-01
-1.185165662445340634e-01
3.746951663552594014e-01
1.742952288600144728e+00
1.846256043995171403e-01
2.090111671818633887e+00
5.981214700598211920e-01
5.503447104679667357e-01
1.167113830450412282e+00
1.993690055651236026e+00
3.206102440827391375e-01
3.065850879671273566e-01
6.356863128134162544e-01
-1.335883317505450613e-02
1.077413585031480991e+00
1.548819926066354880e-01
1.307601861412983346e-01
-3.068151413916815895e-01
-4.464343733677265114e-01
2.732455658263910903e-01
-3.141837847647241944e-01
-4.630223246176592422e-01
1.036801252380969762e+00
-5.186244580531761406e-01
-4.732250247701163537e-01
7.402303864267134603e-01
2.618512312137362130e-01
-3.737422347514918197e-02
1.092230562310522179e+00
7.407698754982099398e-01
2.453575106204428369e-01
1.651271396460445517e+00
1.110488816302817261e+00
-2.161963558783217831e-01
7.738878207748823845e-01
1.441194320708461818e-01
-6.801840928278873877e-01
1.407240944387870618e+00
1.002428649004077688e+00
2.803535891119718348e-02
-5.302944293572605661e-01
4.036139796888707498e-01
5.891395849202367696e-01
8.863543373073826670e-01
1.965211588722370672e+00
9.013674271836966678e-01
2.445875383111746626e-02
-3.558881084278394669e-01
-2.289639906427258786e-01
9.007806800290001359e-01
1.345098626051555835e+00
4.564781277902520973e-01
-4.843846649082395039e-02
-1.762792761014354559e-01
4.295475442938256339e-01
-2.186898924258312213e-02
-2.242207365695592647e-01
2.214035655247804935e-01
9.671264878401859555e-01
4.346597720991152158e-02
9.551066818282648585e-01
4.609727600838295358e-01
8.851175947982397041e-01
1.773590961398647359e+00
8.902606710474041396e-01
-9.976284909351586239e-02
-3.117071574694883496e-01
3.214746790583373759e-01
1.327787872973954286e+00
2.163272262347282759e-01
9.364964635206698973e-02
1.615456216511559573e+00
8.055102985063125054e-01
5.456380596396669391e-01
9.354437406784263942e-01
7.472733362928536405e-01
4.941157134353548752e-01
1.904014503111868262e-01
2.894594159764686259e-01
3.490470675589555927e-01
-1.038057864108269945e-01
9.056632030856215376e-01
3.267679770057680955e-01
6.180121144095187535e-01
1.214618475545684362e+00
3.632299576331896040e-01
1.454591983515632680e+00
5.021239527045743278e-01
1.961185070332454483e+00
-2.361122371267007081e-01
6.020929405780501842e-01
-1.009636337297139530e+00
2.251141234281387460e-01
1.921957089154767984e-01
8.958023140198972945e-03
1.020816416748557165e+00
6.331183883793716216e-01
4.992482926609324023e-01
3.663540112746399569e-01
1.660393197456849768e-02
-7.294383222022849944e-01
6.948190244488379186e-01
1.192686583554429358e+00
-6.742872998617785996e-01
4.095865315575547005e-01
-1.228766190809697623e+00
-2.587817445416882300e-01
3.078143174095585577e-01
5.499287430054053960e-01
-6.894044177204300405e-01
-2.230470608780259767e-01
2.344814449430519865e+00
7.070520043697299251e-01
-1.552569654267398902e-01
9.114043370585900306e-01
1.153767573691975246e+00
8.484069981741325650e-01
1.445657597850221965e+00
1.972213868245693280e-01
-4.000068288273438410e-01
8.718674249868918480e-01
-8.185581567302988582e-01
-6.783866182605876594e-01
3.985878175808880708e-01
1.044609136184353693e+00
7.578441611158015512e-01
-1.164422790040569589e-01
2.556736370871097175e-01
4.015973896876809945e-01
-1.710440133747576086e-01
4.600941209111238939e-01
6.174235507599221684e-01
3.242538903946951545e-01
-6.781579533826670447e-01
6.790448287988521958e-01
6.375449051765831321e-01
1.173454176849347386e+00
1.294651002110850158e+00
1.535285774656314661e+00
1.043600130565843775e+00
-4.247545935324809063e-01
-7.308755681728448979e-03
-6.754441047689743183e-01
-8.261054980554876082e-01
4.736079118231921736e-01
1.290759088523609543e+00
1.146955012719994560e+00
1.599708163348015244e+00
-2.859747191972652480e-01
8.857680934866362099e-01
4.857331549987894403e-01
3.546702990161605951e-01
1.910108894273471414e+00
-1.135858312302708562e-01
9.987170327020532534e-01
4.317386227737759485e-01
4.721904069716630764e-02
1.415136172691063843e+00
2.380898092703346958e+00
1.227823583699455684e-01
-5.868083299603064074e-01
4.252011358262225982e-01
1.503540533135973467e+00
6.096809671084648663e-01
-2.392732143313071047e-01
1.686599947698403518e-02
-5.183507332812437030e-01
1.227996964759309417e+00
1.173121270858066501e+00
1.233090181593828660e+00
3.190948322047514885e-01
-2.185851347598011529e-01
1.635969086088806979e+00
1.016085432660899235e+00
5.776831205638116584e-01
5.003958682009608250e-01
1.379637958680390020e-01
5.298821661716147657e-01
1.454608961975026205e+00
2.219070645082126259e-01
2.039876504695627424e-01
1.157152921320484973e+00
-1.427255818022553080e-01
-6.918895989935208712e-01
1.191045915718059317e-01
-9.655465437616015389e-01
1.569318912546915357e+00
5.009644907306434192e-01
1.074291066642938386e+00
-1.279359374884729283e-01
1.329238454003693892e+00
-5.935643269951897116e-02
9.980103678343906770e-01
3.054994676177728019e-01
4.492577635127782965e-01
1.189520887596474896e+00
3.996647015632117106e-01
6.779808161447841153e-01
7.899665661409299711e-01
-7.939697115606487721e-01
8.676355628721606206e-02
4.312481986789270527e-01
1.016602856401764843e+00
3.640542688649626157e-01
4.091533640169665031e-01
1.464955602952282110e+00
3.655052701367601520e-01
1.120637888171052143e+00
5.895738153863410158e-01
8.643063517626647929e-01
7.838391577819862066e-01
9.947930228836221467e-01
1.010068228291709724e+00
4.762392104201868537e-01
-1.053232589523405371e+00
-2.994592504028122104e-03
-1.344569702115148702e-01
8.394245074930513084e-01
7.595505909918461862e-01
-8.332028948985956140e-02
-4.155366395570265770e-01
7.715935247579607248e-01
-2.867101773616539395e-01
1.049420063224911548e+00
5.969790842968161204e-01
1.398239259265792178e+00
1.507144014521082098e-01
8.013438772850650649e-01
1.136221400839368401e-02
9.766239972456138840e-01
1.444436082921796372e+00
1.613014834744179726e-01
-7.593619939774320926e-02
-8.564587207073163233e-01
9.021899638568738888e-01
-5.912723077256937243e-01
4.069156369064224621e-01
-5.366745505150931350e-02
-4.124715302879446988e-01
9.477688029076880571e-02
1.413709537402975336e+00
2.549644625128520969e-01
-3.534086522860646618e-01
9.304355479359986969e-01
9.054143367831453126e-01
7.120484075028055138e-01
-5.713469635656011070e-01
-4.565137659803433223e-01
1.023181534198302378e+00
6.687010138156659345e-01
-2.278933770981895202e-01
-6.293581836413849606e-01
4.366850031211958472e-01
1.460523735573781900e+00
-3.555245633212816281e-01
1.285404152281291568e+00
1.425114120117553451e+00
6.816156907256236686e-01
9.142407149947539002e-01
1.445197793485623050e-01
1.088030867120921119e+00
3.628979832714986919e-01
1.159570315481780023e+00
1.559438661574425566e+00
3.512812657123739468e-01
5.162733383654014574e-01
1.752314050041760551e-01
1.148871291821009111e+00
3.819836176070851574e-01
1.653945674000466770e+00
-9.943412055029160479e-01
8.060362471244668647e-01
1.067574082300670524e+00
1.045181507576442348e+00
-6.154625929884963154e-02
1.682892665168175816e-01
8.898203770499441001e-01
1.079904559466933756e-01
1.285641502615224807e+00
4.408913978936364053e-01
1.326507379781410034e-01
1.224947375833778107e+00
-4.698638128064061559e-02
5.917624663344808189e-01
6.727404798519223128e-01
1.022277795340388984e+00
-1.647517448600323009e-01
-1.981114827708708170e-01
3.893061707590297349e-01
-6.594745984160090835e-01
7.843449519628701294e-01
7.251814743956359610e-01
9.625382830759806607e-01
4.737589877518018633e-01
-4.552845335667041193e-01
4.658649626993949244e-01
3.848815462540873256e-01
9.010183783902493415e-01
2.054683563517146982e+00
1.155586042325030371e+00
1.850031401191904179e-01
4.036239693537591738e-02
7.308993400828001086e-01
2.924988875227803320e-03
3.089077500003620247e-01
1.600596196580931885e+00
6.337095056242891822e-01
3.020530906184374365e-01
9.477791786652562944e-01
1.511139959934460153e+00
-3.012481479707173060e-01
7.374976028475802581e-01
-1.286457399078409503e-01
7.253496104324412830e-01
-5.413750288174513647e-01
4.168970360632241468e-01
6.300120596627778458e-01
2.802920272816891711e-01
1.179863904188247270e+00
1.204672684019265194e+00
1.143949229452293492e+00
2.156246314808444309e-01
4.401712011264466984e-01
9.086214306523723860e-02
-6.177979221386559194e-02
9.017516931278372061e-01
7.682341248178286008e-01
1.025584987537730752e+00
3.219948461767445369e-02
4.687266577418325864e-01
1.047535636834659167e-01
5.869421463102767467e-01
6.509700323017046930e-01
8.670651097813049102e-01
8.103068175302909903e-01
4.082159565770111520e-01
8.883469850354958064e-02
-1.961281755539066585e-01
-6.551679240372374480e-01
5.343782429289601899e-01
-7.195519774451941686e-01
1.032920828024876059e+00
6.072773709027611266e-01
1.817407333797904201e+00
6.020181770801381615e-01
1.498429354310194750e+00
1.182620186170752818e+00
5.847095656344253323e-01
8.747999204238889881e-01
1.266360028242458524e+00
1.181884132093649509e+00
1.684402169871977772e+00
-3.950709609129422484e-01
9.293405963079748311e-01
-5.114685043026986344e-01
-6.318576078326275380e-03
1.905523538890228963e+00
-2.642903149116909711e-01
7.471651717463313469e-01
-3.959677320559900626e-01
5.081655918394687443e-01
-3.183114646769552580e-01
1.266371861911272934e+00
-1.917093507721794876e-01
4.336428005314135192e-01
1.217045023232687095e-01
5.055485984577022807e-01
3.504253355333944442e-01
2.036276697525503998e+00
-4.123008921427534501e-02
8.043351274941374918e-01
1.359982246486386881e+00
6.265896995116450041e-01
9.055404578992646281e-01
4.527276747809058643e-01
-2.405671412640750240e-02
1.841132280488489315e+00
4.701646921675240454e-01
1.190172992160615895e+00
1.058347444061916054e+00
1.901823135447466839e-01
-4.283591405315471112e-01
1.151807146405853466e+00
-1.251488384798953302e-01
1.620470518816203409e+00
1.511943751409352998e+00
1.532455361683349393e+00
2.560028692319410437e-01
4.359507818610808272e-01
4.601116794812015187e-01
2.236438766210507301e-01
2.641339067500410032e-01
5.409511727634366274e-01
1.613587098592774272e+00
1.049195564960899496e+00
8.096710139010971918e-01
-1.604009625654086169e-01
-4.978833441174361774e-01
3.870766823837290538e-02
-2.686273572938118748e-01
4.023762852206188012e-01
7.219152345773703905e-01
-2.383317240466412135e-01
9.523435292739910185e-01
4.712203501913980741e-01
2.213807668025309650e-01
-5.004140404702672740e-01
9.551820647182237556e-01
4.785411582764459437e-01
-3.772587171121724037e-01
4.315530955997876617e-01
3.783429475529681563e-01
-6.696612722240549154e-01
1.609599431754969334e+00
1.071057117125320035e+00
1.155044290599487322e+00
2.941819104013758679e-01
1.459371370301173254e+00
5.373836850948359167e-01
9.349989574982907614e-01
2.256094576244601357e-01
2.798680068105006136e-01
4.266262979447048020e-01
1.349515025059272233e+00
7.192343269010735840e-01
3.742915895172380103e-01
2.558687728115157101e-01
6.568627447940831310e-01
1.676107275580640321e+00
4.252432698783281673e-01
-3.889593193459932041e-01
9.171648022608002160e-01
1.529222855688055605e+00
7.625652315062837472e-01
-7.788737518133217463e-01
-7.932176934122286971e-01
4.087052780907873828e-01
5.935998558611252918e-01
9.059645331887815622e-01
9.841944129283277665e-01
5.616981256699509206e-01
8.423347040237924577e-02
8.531064668964047915e-01
-1.493430199980683715e-01
1.107544565033238948e+00
-2.685608107947444201e-01
5.108579132539728951e-01
-3.058758185771885407e-01
1.383653426557842181e+00
8.952097028395304690e-02
1.635955602482235927e+00
1.493014733446762943e+00
-9.566569541648251018e-02
5.836708543675737104e-01
5.527666125743261466e-02
3.045372469323288644e-01
1.496132117846598275e+00
1.113663649918298915e-01
-7.438678320325069204e-03
4.604320550741412554e-01
5.178455530189504108e-01
6.352107917186680108e-01
5.732495422824078757e-01
3.612127740034185575e-01
-3.149482216678518576e-01
5.697001190181267827e-01
8.889991153642804456e-01
7.487378668876152332e-01
1.575179091409354637e+00
1.866881830822997856e-01
3.857179804432702697e-01
3.274765297380863305e-01
2.219636638541607476e-01
9.080556400992143562e-01
3.446824088933658214e-01
6.471987500866002718e-02
2.903868874692516200e-01
2.195640688314547395e-01
-2.138373774600794974e-02
1.182095617988953240e+00
-1.307983244292295066e-01
-1.324850405762779126e-01
6.623750822123268822e-01
7.480485369163953902e-01
9.628203194131209619e-01
-3.102445945717776654e-01
1.578685497964301021e+00
8.053129451107576831e-01
4.540307938535508292e-01
8.551027866871894201e-01
1.352654769576859817e+00
3.188522405210190702e-01
1.048570833405142233e+00
1.286335645285070495e+00
5.157603471616672985e-01
1.740165650229920979e+00
-3.600100065566431140e-01
8.974057635344097061e-01
8.840693819587804037e-02
3.345395418402447030e-01
2.096971690904357588e-01
-3.193285596185270747e-01
1.110442576549110827e+00
8.835465559569201099e-01
4.429264095238779064e-01
2.227481153284430193e-04
2.317198076078650498e-02
2.841408254609113088e-02
7.881183850400586000e-01
7.770772464668243007e-01
6.623740235803188270e-01
1.083793361819018752e+00
-3.999304301344889373e-02
1.132761777220180122e+00
-2.153261377972672252e-01
-7.712067499697362882e-02
1.924936604715153377e-01
1.282279971259036921e+00
2.453671457437635317e-01
1.957988697327229521e-01
6.206584880760500633e-01
-1.426359992097890883e-01
1.750964948081290773e+00
7.331397224630429310e-01
1.971055663357903720e+00
1.006965481555452818e-01
7.053615424652429633e-01
6.829451964644104311e-01
2.189656318169161953e-01
-6.585210293434439199e-01
4.336730748711593586e-01
8.870992896603924205e-01
-3.804156126253271375e-01
-2.194124766341196964e-01
3.330970408045014208e-01
-4.663887755246529099e-02
6.764396108854630052e-01
7.239640927643316015e-01
-5.201745615736635964e-02
8.229566311183117433e-01
-4.559744584453986338e-01
-9.119682413791899145e-02
7.732117591313937277e-01
-9.649346284854738443e-01
1.557862681584424980e+00
1.668793157614299472e-01
8.671187530695945167e-01
6.593388174604707386e-01
3.281482650172799498e-01
-6.694645041169443311e-02
-8.455307203653691372e-01
-3.620197856626226618e-01
1.158186665321181141e-01
5.022457491943508323e-01
4.560757350353407125e-01
2.730121524247851039e-01
3.644439965951405958e-01
4.109776423070388152e-02
-6.809497102616589581e-01
8.780517932388538505e-01
7.228169652084679431e-01
1.006320355109239895e+00
2.758594663816243409e-01
2.172869980558545799e-01
-5.529205048071366146e-01
3.117419385400341802e-01
-2.213973521074288353e-01
-7.483809270058148222e-01
2.822269796013760490e-01
4.014510011452420701e-01
8.064256144916530644e-01
1.067161688616390380e+00
3.539834313046852921e-01
3.258147487254856589e-01
1.878223286275781112e-01
7.317410004480129349e-01
1.670107578869447273e+00
2.350790559455966655e-01
3.653344956831400259e-02
-2.655758515587685054e-01
2.267400775475542918e-01
1.694018911209148159e+00
3.606265432086059874e-01
1.199364810914463897e+00
7.212336267253902644e-01
1.685220731669757166e+00
-1.287456943053353342e-01
6.743160467326774210e-01
6.048452153465401215e-01
1.565777526405006115e-01
1.384562833224136202e+00
1.284032901412211825e+00
6.784708453929934047e-01
1.398633616569346483e+00
8.927947142372183453e-01
2.740692175193489011e-02
1.205341816319245085e+00
-1.018820513541721234e-01
-3.763172918164904845e-01
3.600549556308733079e-01
1.532553403249313106e+00
-7.817486999806657622e-01
1.477679219365909180e+00
4.347216643544650760e-01
-8.245607370979913808e-01
6.298537456975247251e-01
1.224425642743884213e+00
-8.696839845949820846e-01
9.249999268143124231e-01
1.011267817360615551e+00
-2.487418041841443772e-01
4.823523680529506752e-01
1.123386740353161661e+00
-3.630291256389137078e-01
7.644534556169831074e-02
8.165715972274623091e-01
2.663276272951383694e-01
2.232305981444931697e-01
7.184682289147803491e-01
6.270462438215300693e-01
4.140172902925199905e-01
-7.044316424997765225e-02
8.338051167833524513e-01
-8.992284957461275929e-02
1.384364674445157928e-01
3.136255062218151202e-01
8.435459537554323983e-01
8.054456632775464087e-01
1.366229007432676168e+00
1.268526170085265026e+00
-1.105843032142254795e-01
1.412838581705758711e+00
-1.659072796270399941e+00
-1.178032012797151223e-01
7.295046856333132768e-01
3.836037653840577155e-01
3.770019734535638434e-01
1.185666885649912239e-01
6.073202199170435467e-01
5.660093976468488775e-01
7.492906457853639735e-01
8.733726101199469627e-03
-9.511214963108763354e-03
-8.061724111141748139e-01
-1.317393657731559808e-01
-6.390294212737847035e-01
-1.695113815322897288e-01
1.022779330398994713e+00
3.620821467581110120e-01
1.840570911633076845e+00
1.540753765981175138e-01
9.216069072270497431e-01
2.916601841667941508e-02
1.676276344222300096e+00
4.403523073450311132e-01
1.567824778338902547e+00
1.291478543843434856e+00
8.692159354187110887e-02
4.240610678775542652e-01
1.340729422789946668e+00
5.145546873214514871e-01
-3.409738357405040499e-01
9.867341053400243700e-01
1.243931505178682118e+00
-2.264190081707007085e-01
3.769870657540719816e-01
1.455816746665004713e+00
1.142331498118415167e+00
9.692318988269729707e-02
4.075137269757144187e-01
3.439599627120972225e-01
-2.485118533779482886e-01
-3.071148314237047705e-01
6.592205722850388305e-01
3.510595264173283492e-01
5.738188686557723628e-01
6.823074339419337164e-01
6.610042020754177683e-01
1.659304408405750220e+00
-1.022912163482633530e-01
1.282050614348787754e+00
2.375177388197164952e-01
5.425517350700658215e-01
1.338734376278934324e+00
1.409232690888950756e+00
-1.462685425676059081e-01
1.960869585837602402e-01
5.580494797713519972e-01
-7.973833711677478231e-01
2.637328038912273298e-01
1.200144546449035010e+00
6.724673084595719219e-01
-4.834229152800382234e-01
1.518834168486300928e+00
3.828060149955461178e-01
1.493153203528500561e-01
6.452099569297556347e-02
5.283823908361986454e-01
1.122478596415051433e+00
9.522804465133356544e-01
8.329131737973664018e-01
-4.809863638946391684e-01
5.835198748203674901e-01
5.235826198185715707e-01
1.414495273806342990e+00
1.450769812844220352e+00
3.234677073824608895e-01
9.902317539170951699e-01
-3.311249080476295625e-01
6.525436309494629938e-01
-4.675439069045885798e-01
1.622649225639712478e+00
-3.063307545806256971e-01
1.880734992352327550e+00
7.045560065152108864e-01
6.838904736316374633e-01
-3.858258235499550381e-01
-3.312326287122892565e-01
3.128756659260695794e-01
5.741343994330943418e-02
4.877912477610875652e-01
-4.019292121150168096e-01
1.230707191344337925e-01
-3.243428524643637845e-01
1.482931934489871151e-01
2.574679756224091953e-01
4.015611439937833566e-02
1.510342461279260862e+00
5.232469342357503050e-01
2.068633410648848425e+00
-4.410199397436628116e-02
1.187146586194312459e+00
5.638590573064992117e-01
4.846240404878146002e-01
1.075820759570648599e+00
5.444550927535554141e-01
-4.838642774751962874e-03
-6.549622940230458434e-01
4.398515366913353097e-01
-9.561203493307818269e-02
6.400297641322528763e-01
6.456471619890986613e-01
-3.288884501684084527e-01
6.619338868283782817e-01
-1.850904464753447831e-01
-4.707625721683975084e-02
-3.736348088546901508e-02
-1.022480621471596740e-01
1.231799994219877403e+00
9.419915938720395676e-01
1.399276290617433638e+00
6.466382729239419369e-01
2.583224393578593125e-01
1.071793060173855672e+00
8.284071675893396602e-02
9.559025439561297244e-02
2.223684623823185103e+00
-3.930129031043493315e-01
4.079457189648341142e-01
9.701847644147526539e-01
6.190889542148310110e-01
1.193551858647098785e+00
1.006599961031052981e+00
6.371905970966819099e-01
1.430199509465472918e-01
2.911798741250701816e-01
1.036861908829289414e+00
8.465555023351071240e-01
7.834396792983367996e-01
5.352449614767205155e-01
1.338709925144599522e+00
1.606243616378121297e+00
7.051960881898829969e-01
2.856449129616082105e-01
1.345354379021601321e-01
-8.419969826436840554e-02
8.297872892067700290e-01
4.422554507681757396e-01
1.169923470317609571e+00
1.327311006183488296e+00
1.306935044728551487e+00
-3.002753556615868624e-01
-6.401520729530358889e-01
1.383832545976828809e+00
8.174395361245452296e-01
9.851869623966860168e-01
7.611658668160153907e-01
1.124582328540480347e+00
1.558099380138354417e-01
-2.216999316988438329e-01
1.015770534357963495e+00
7.974790468440270397e-01
1.146967628921258919e+00
7.728130605306586798e-01
3.603898330687219653e-01
4.852611269330406873e-01
1.576878899125679911e-01
-6.598301177162450015e-01
3.979336325905046268e-01
9.278598488092685281e-01
5.030826713673053341e-01
-1.204254123116760056e+00
9.499998068292848652e-01
9.990680504962736741e-01
7.350978967546240028e-01
-6.998886756897099160e-01
1.300181197875191152e+00
7.483465820816256331e-01
1.298558862609474618e+00
1.244490367469635705e+00
-4.922463325072382601e-01
1.342156122889183109e-02
3.098498317922015466e-01
7.484622486388688989e-01
5.397884789674808337e-01
7.268382115460723936e-02
4.452134548116883916e-01
6.776857243768972250e-01
8.554443974279302143e-01
1.069633778323337975e-01
2.901489860502239893e-01
3.049322999142401458e-01
5.001474925214433043e-01
6.134060489764343593e-01
1.385731591072603575e+00
1.918022296837145202e-01
6.012799006768638765e-01
7.407113224974897214e-01
7.176221968711473664e-01
2.148978973020647221e+00
1.332880592124730423e+00
1.989034869167605191e-01
1.583277571728480160e+00
-1.747833235005137598e-02
1.342554620505028273e+00
5.374287434442202027e-01
1.146071026486400468e+00
1.048166932214671387e+00
5.827002380165199336e-01
1.804772382687812593e+00
4.893529461650381607e-01
-6.306267951898570923e-01
1.066307071418486130e+00
1.044397547137279281e+00
4.733357960970740325e-02
9.318196901761748308e-01
1.281789909893759294e+00
2.442056795984868522e-01
-2.038695359818718522e-01
2.278443865777998179e-01
7.826116636666979876e-01
2.197384059280816926e-01
1.513831218885359098e+00
2.762322539187399006e-01
7.043259678631527132e-01
5.920720913198361801e-01
1.475053741172474675e+00
-3.355395425040608171e-01
1.038019086955773718e+00
5.105833181173480284e-01
8.941132068722013049e-01
9.231794388468006485e-01
9.178923015298303678e-01
7.670002746793604942e-01
8.736134624661661130e-01
7.139824440263734529e-01
4.970464054692584621e-03
3.006316817632809224e-01
4.152125210729988858e-01
8.745207206933319766e-01
2.920464163584913231e-01
-2.946880655965394835e-01
1.314722210662684354e+00
1.295474426997580142e-01
8.882966604316446801e-01
1.350337163593625378e-01
-2.038275326822745204e-01
3.198941360806931145e-02
-4.542871107946312437e-01
1.557365569278398976e+00
1.916717110322603279e-01
3.216142792677580409e-01
1.608170995640759493e+00
-6.656166224647085405e-01
8.853736485898290320e-01
5.773864010313465300e-01
8.559231796989937857e-01
7.785913355957206627e-02
-2.859679136163931767e-01
1.426234031730741370e+00
1.424189255147444211e+00
8.026351881991596882e-01
3.513507790374555961e-01
9.985414368251568362e-01
4.399342310204124029e-02
-6.266868433562708396e-03
6.159227865994675311e-01
-1.224783932951429150e-01
9.952079141900954662e-01
-2.513605385947592086e-01
-4.621240648532733974e-01
3.085221185639844821e-01
1.477333810015480697e+00
4.569531477034157185e-01
-7.859388112453180586e-02
1.366470288689321411e+00
-2.103357439550672670e-01
-2.612970615048935130e-01
8.970698840504552907e-01
1.440441591408419653e+00
-4.001782093751197755e-01
1.342363113426094046e+00
-1.927109055711148655e-01
4.389048711225696509e-01
9.625441616636751796e-01
-2.616445367256438337e-02
-5.675914588895355495e-01
4.537134531286752814e-01
9.493914297731550489e-01
-2.816356964712353195e-01
8.019038076424076511e-01
3.543397376919877467e-02
2.723345512785113609e-01
7.373446477858467407e-01
8.844912558156550197e-01
1.578621369056181986e-02
1.647639851910047692e+00
1.352694988758302852e+00
1.048017081304743581e+00
6.124371006798342565e-01
-8.448286536697701132e-01
-8.073308645275673046e-01
-1.001419297126338703e+00
1.193106872570337984e+00
-2.358518247926784731e-02
1.114573503374235885e+00
9.774745176980600414e-01
-7.246465895186988693e-01
1.015423429077913609e+00
3.362028171415403638e-02
9.770372591749886260e-01
8.199727115711632486e-01
1.960185164992513940e+00
1.216046769211089229e+00
8.533145735133518262e-01
-2.519084260000138409e-01
3.064767299409523194e-01
1.033941002417730903e+00
6.708212688923387290e-01
-3.286626116607282988e-01
8.431532154379052235e-01
-8.940088517193356399e-01
6.565862962487273302e-01
7.919317784252987158e-01
1.010952535407838582e+00
-5.421125234927238329e-02
1.244721624689757222e+00
9.136047108279705675e-01
1.098778929536368132e+00
1.983712346335676779e-01
2.446850490465508621e-01
-8.788472195624041916e-01
-5.687559615622847509e-02
4.172403855552167529e-01
1.002746477629786970e+00
1.528913633095186464e+00
5.142719956156673877e-01
6.324618506279727770e-01
1.682055111550842863e+00
-1.416336358097633752e-01
-4.964675052212206424e-02
2.273621630110365388e-01
8.001932560046414178e-01
1.975207109507342906e+00
5.045442595364775240e-01
4.474527134945086720e-02
7.455310871334127620e-01
1.038015931123244417e+00
6.872900889707073135e-01
4.361802223767089481e-01
2.307411838289344375e-01
4.664920747158323167e-01
2.171814629326274948e-01
1.655227319053189872e+00
1.299965305711284103e+00
7.187397807600375277e-01
-7.604734260370152321e-02
-6.530128395359158233e-02
-2.633489156089179883e-01
1.041914527934802326e+00
-1.714342115749163675e-01
7.415371950979894322e-01
1.360628841637790687e-01
1.758098131513990414e-01
1.311714425701532516e+00
-4.942899642971770868e-01
9.280552693207186898e-01
7.265603796128342617e-01
1.030626988869895788e+00
1.703785112573072080e+00
3.657248857414756582e-01
-4.771757207633962050e-01
1.745762114936483256e-01
-3.402024875191766995e-02
-1.299130340377206427e-01
8.153474969907567038e-01
3.095511053986679806e-02
5.545147891810237040e-01
-4.505525317873159130e-01
1.511780828418784806e+00
8.632983757273653413e-01
1.346486478219405258e-01
2.309206524215839107e-01
1.468505487037032209e+00
-8.678077677959025044e-03
2.734422084712026524e-01
1.916380779187710770e-01
2.141061313176441105e-01
8.198116931007952690e-01
1.595401538993839408e+00
4.468545546344386277e-01
-4.995957881261522404e-01
4.912912228172736651e-01
7.818741775114183001e-01
1.875314712509791593e-01
8.318613431448264317e-02
5.842560520933275381e-01
6.645560950978712800e-01
3.447959869881614403e-01
3.505723844330657091e-01
7.733185348495433820e-01
-1.256916061357658820e-01
-6.673414315312470313e-01
1.050686020526134357e+00
3.619377837669549708e-02
1.217491369324645634e+00
4.595970687954936684e-01
7.460830990608733337e-01
-2.075499382578187002e-01
-6.425408230861808789e-01
2.385973259394783275e-01
9.295847840894022607e-01
1.053466198157673839e+00
2.904255693780392056e-01
5.488783542192660070e-01
4.305799922386877587e-01
6.911567587492878362e-01
-3.649984686720639249e-02
-4.437599270488580827e-01
-5.923313176915411260e-01
1.216175083429993808e+00
4.755896443729198397e-01
7.189358305278059635e-01
1.308217731336453804e+00
8.984156051007544108e-02
-1.235208945696765204e-01
-2.899481302200061505e-01
1.127406903879723643e+00
-1.689949918071013690e-01
1.136556453136690070e+00
-7.394850605984902847e-01
5.511953133143963068e-01
4.272384059933861389e-01
9.941963466943397609e-01
1.310947509418992407e+00
3.571441875616903072e-01
-4.228846714558743280e-01
1.850156088229708007e-01
6.015680929361426621e-01
-1.031927782416907524e+00
7.689813130617823012e-01
4.225637923529403928e-01
7.169100126176239929e-01
5.393501128299001968e-01
7.493095948697843234e-01
-8.814090035749982954e-01
-1.520669323145891760e-01
9.838172936336363472e-01
-2.712088613108008528e-01
-2.980122513802333645e-02
3.911148488860830552e-01
7.440444352178898768e-01
8.407266606862490166e-01
-2.345286806931614065e-01
4.068501642569619658e-01
5.427603162454820440e-01
-1.195180951313314782e-02
2.368623830738066371e-01
-5.407422359425889669e-01
3.602809060374672634e-01
7.488302220770995388e-02
-1.494704308894216904e-01
-2.827588203193766303e-02
6.747157582749454541e-01
8.900085432305057109e-01
-4.648951777480015424e-01
-1.335831759340385949e-01
2.109335930584705920e-01
7.848646035887409944e-01
1.383556861328617549e+00
6.013049885823713581e-01
1.000374637630261354e+00
4.168648287538659347e-01
1.403660987055414811e-01
1.104565960567524430e+00
1.600661309758432405e-01
5.811908911996943594e-01
-1.293058133168320523e-01
8.257834343039641700e-01
8.699216417948203439e-01
5.708676567743899977e-01
3.442974148169455351e-01
1.135611820969266272e+00
3.511915791105867934e-01
5.149293036984663452e-01
2.117669386579480173e-01
-5.368919071459470338e-01
4.954946501972647965e-01
2.369494556798009688e-01
8.465784499805049101e-01
6.067360348013363103e-01
1.474797961205380203e-01
-5.624235686023927594e-02
2.607148542094375743e-01
-9.820599909145401318e-02
1.847503563170622143e-01
1.533397421493690960e+00
1.087352492355641853e-01
3.495277627969957113e-01
1.370603972253662484e+00
-3.514064764340877334e-01
1.516333883519257686e+00
8.529328124602146843e-01
7.863287290758439463e-01
1.504128051530293275e+00
8.408488910371541003e-01
-8.952996130407407938e-01
-1.389647283181933701e-01
-3.676910270216249832e-01
1.226538716128120265e+00
7.504088678261795486e-01
5.357517405323872772e-01
-1.913153978587063542e-01
9.411917250282243463e-01
5.158453717904060154e-02
8.999359364269857164e-02
6.259721690703449193e-01
2.352317581938428159e-01
1.076053511171711774e+00
1.747646440183846517e+00
2.862574457894155322e-01
2.623310434773185040e-01
-2.063387099815612025e-01
1.516086368858709177e+00
-1.002031360605853294e+00
2.479332572853203687e-01
5.223419778540683289e-01
7.557160394046101848e-01
2.388756617944683691e-01
2.975747423529979674e-01
5.691186712004888681e-01
1.427572742395987637e+00
-9.032757056121515360e-01
2.221114613073743582e-01
1.030011118732284681e+00
-5.253682928941673103e-01
-4.613281064328401126e-01
8.422600794683807179e-02
9.003208027851615780e-01
-6.629641178389845679e-01
4.647073169486185679e-02
9.187343664210284588e-01
1.389899921345230549e+00
9.449973112696556932e-01
6.460725085366196829e-01
7.053737466158550573e-01
2.125859675743111132e-01
-7.488444419734213708e-01
9.611715950036999745e-01
8.974326142547935925e-01
8.474916437874462360e-01
-1.929391971364010361e-01
-7.660165965646105191e-01
1.697246989570615483e+00
3.611910880602045015e-01
-9.658675642051339771e-02
1.157535456349230385e+00
1.459837355568711859e+00
7.575601200040215089e-01
8.081446919174409826e-01
-2.486778134536268281e-01
7.887463072510678685e-01
6.971502314198882999e-01
2.558209954237128936e-01
1.410875691780355989e+00
-5.969362241604598412e-02
3.853406674688520384e-01
9.585376927543102221e-01
-4.200265537170776997e-01
1.241772144459611038e+00
-1.357386874613287220e-01
-1.005997825651609862e-01
8.575441348682438791e-01
-1.832811210062459950e-01
7.439704852163329107e-01
-1.983381878155199840e-01
1.738500983743658024e+00
2.806924176759956757e-01
3.116010917166872618e-01
4.631133384790249441e-02
7.132746063303876394e-01
4.971901258833749671e-02
7.131433279086271115e-01
4.720759744774088440e-01
8.381879878893447877e-01
-3.172812038274998581e-01
1.931328941806444155e-01
1.463310951414626304e+00
1.292572553683784875e+00
1.173294493836059216e+00
-2.883827561576095544e-01
3.985634328787426850e-01
-7.182191747840026563e-01
8.066909018511719820e-01
1.423228293523069565e+00
1.341312333734443030e+00
6.031445590736552731e-01
2.788419111721916477e-01
1.473481112553826078e+00
5.239756893554580186e-01
-4.723716917132308457e-01
5.890897394933934939e-01
7.734799302724387760e-01
6.138731267959549598e-01
7.854755283821165945e-02
1.177240755476242517e+00
1.221387256006137845e+00
8.279650179493983631e-01
1.572085718615899186e+00
9.733814129288703709e-01
4.200003978280746342e-01
1.534714028826654975e+00
-2.553498612849080529e-01
6.748245040304843290e-01
-3.819582457627629934e-01
7.186997322719372860e-01
1.731001362517287437e-02
2.199294897873999566e-01
1.712034061172254540e-01
1.253180572356025202e+00
3.867430178310140021e-01
1.550643258438353600e+00
-3.072365315338562164e-01
-4.331114877409830699e-01
1.256502040065363035e+00
2.012051953660543901e+00
1.275949287386296982e+00
1.566057246623438148e+00
-4.805533369284466505e-01
6.046061734631692497e-01
-1.866679542408301862e-01
-5.787394226793322050e-01
-4.693624304550184090e-03
7.355562244576371866e-02
5.331094826343047988e-01
7.945939908444272781e-01
-1.826333631880241171e-01
8.187278778621498443e-01
8.102279601245395702e-01
-2.998295395149884190e-01
2.118264925629344819e-01
1.754029983455977160e+00
1.515020911652774194e+00
-8.382950852264845487e-01
7.892805477893901633e-01
-3.396016763714435616e-01
9.170716252738787544e-01
2.380223780237082365e-01
1.394161679598607151e+00
-1.087160101808095192e+00
1.188663826509726240e+00
-4.613883787502507383e-01
1.613492173728591661e+00
1.644878507392630418e+00
-3.449947165817858763e-01
2.902362064363833150e-01
-5.414162131026066804e-01
1.233159281169571297e+00
4.902034381511275463e-01
-1.734303777938857316e-01
1.139017444304810001e+00
-6.931519629160062812e-02
7.702293785672401638e-01
6.682929409259255049e-01
4.821037641549832248e-02
4.325142064070387482e-01
1.988373863032649735e+00
-3.603600482629063517e-01
4.260428915340143674e-01
1.561039617138597901e-01
1.066710156793776898e+00
3.443524507624708964e-01
1.074134683158358028e+00
9.937595788406136110e-01
1.034923226438356769e+00
-5.089276150012538302e-01
-4.997938748957856947e-01
-5.306892219247437426e-02
-5.742379243488582308e-01
6.328738763468078066e-02
3.709968967242632809e-01
-5.639361120919181847e-01
1.151616356151111908e+00
1.351618359277630299e+00
8.702556724553569545e-01
1.715507657228242389e+00
8.319651880922275256e-01
8.784155850318801084e-01
2.982402626486293507e-01
-5.991087351972238656e-03
6.725850672130606611e-01
-1.832176417376333855e-01
2.784799710742398848e-01
6.990237904956410064e-01
-7.056782346938858530e-02
6.521473714469448735e-02
-1.616575317987887506e-01
1.372877510029430814e+00
3.739345380366920213e-01
3.956808226889031443e-01
1.220397582910450529e+00
1.326050811576091060e-01
-1.493015179866333808e-01
3.056959902032211351e-01
-4.502209434360326251e-02
7.954792472959855143e-01
1.254443031724468804e+00
6.629959887137626406e-01
9.161627264245434388e-01
3.333488437774934088e-02
3.553209948803018881e-01
8.931530861730918591e-01
4.152648111495499395e-01
-5.494320242428242240e-01
8.416226828849717734e-01
8.983370299446644669e-01
1.889469743137238700e-01
1.063497357444122215e+00
1.371037667555236705e+00
4.173197669509583485e-01
1.180350208940962320e+00
9.721833524288879813e-01
1.199504851810736517e+00
2.074477948756620338e-01
2.779667983365727846e-01
-6.996043450578133260e-01
-4.790375004539160209e-01
2.134750341060068557e+00
-4.049812154401521286e-02
2.919738894040962637e-02
1.404695126753569889e+00
-8.226203803062287490e-02
1.206554897831666473e+00
4.169771729949802719e-01
1.040461106820194992e+00
-1.593339559487837176e-03
9.405714158570465111e-01
2.265118148655220487e-01
4.609178835936243446e-01
1.149283571377061719e+00
1.076278654188004058e+00
1.657062352535664251e+00
9.532551341049514404e-01
8.222101812572654156e-01
2.332898013193235587e-01
1.529898599658715108e+00
5.457162640048315305e-01
9.414095402463069917e-02
8.577188142314831065e-01
4.997427333378735570e-01
8.653191737050114352e-01
9.896390399311591479e-02
2.028620244576072040e-01
1.229169955169244544e+00
-1.976997913774139470e-01
1.240415677130096261e+00
2.981710022567368723e-01
6.946163753217994286e-01
7.368961957560836717e-01
1.536527938247739256e-01
1.460793416738162431e+00
5.311790221667583856e-01
1.276765365530376561e+00
-2.421150408540998639e-02
4.910371806222820767e-01
5.038435836439377757e-01
-5.318495200157972308e-02
8.036466731374293238e-01
1.774533554020659931e+00
8.604232802483010589e-01
1.004726252690773647e+00
-1.736203905373545353e-01
-5.344809267887906667e-01
6.270964490043204886e-01
-1.156585864766511151e-01
6.533545626796316563e-01
5.899340816681147848e-01
1.131108984110186455e+00
1.700359781873556075e+00
1.072355294106380752e-01
7.351796090298851061e-01
1.527068384178662974e+00
6.955391731261434396e-01
5.559525518295826974e-01
4.844288901500283240e-01
-6.288385586739106969e-01
6.066677334699074331e-01
8.655043071733330429e-01
-2.388106701106261776e-01
-6.728389480599358263e-01
1.269352489279523155e+00
4.510583615502533061e-01
9.312992101378209098e-01
6.636388911905642951e-01
5.130216347993389325e-01
5.215934553047534283e-01
1.575582219128083064e-02
8.712299412905617491e-01
1.014437631918607696e+00
-5.498679291050363460e-01
1.241584271378798565e+00
1.351050183224708379e+00
-7.057875282005234008e-02
6.686899887654156327e-01
1.040709712315852631e+00
-8.886074362739547483e-02
-9.899291955996528669e-01
9.454684202610307286e-01
9.156575171726517581e-01
1.865661850326833182e+00
7.133657129309714517e-02
1.253471649504238172e+00
5.465007833901088796e-01
-3.289478840833730544e-01
5.388094933787351826e-01
-8.133399920964301533e-01
9.084039094546992876e-01
-1.568935361928234795e-01
1.928815765175341701e+00
1.702865610540128305e+00
1.382628462689033055e+00
1.280853472601507725e+00
-7.167870235187481232e-01
1.009640515469643202e-02
1.162637809846848613e+00
5.361814215030110686e-01
4.778879696614643513e-01
1.311098833197019253e+00
2.967373113181426270e-01
-2.225352027964951351e-01
5.367184344288717934e-01
5.791303063230471837e-01
-8.934028223991477557e-02
-2.614948654442511566e-01
1.212616238953983849e+00
1.237962602891683472e+00
6.315965782255696936e-01
9.603426390304377058e-01
1.312755581613576972e+00
3.050546466993949712e-01
1.052379540523024293e+00
8.258192704378188864e-01
1.003466592548456493e+00
4.392507380691513252e-01
1.424338564587504630e+00
5.998640116258250332e-01
6.908658930075957105e-01
1.413048272145665862e+00
1.256262938692511044e+00
1.007859526816088813e+00
2.748479720202794963e-01
1.617926076085810239e-01
1.843771973918216234e-01
-6.892191968045653372e-01
5.707752340678725611e-01
2.178720665182375948e-01
4.031314259905466879e-01
3.061163768839835764e-01
2.971894213463073808e-01
6.246934665579128021e-01
6.290168248366911907e-01
1.079609403537766132e+00
7.615696735054062749e-01
1.386164648844046443e+00
-2.661168869606977405e-01
3.074433564202777580e-01
1.210000099019360009e+00
7.665860856355393160e-01
1.913949908903404273e-01
7.873621589382139296e-01
-6.080173001267411559e-01
-2.522623554012100033e-01
5.411875272419687244e-01
6.710004216146773226e-01
6.585798892082680434e-01
1.923032774823742130e+00
-4.312924292436317447e-02
2.705328656797289510e-01
-5.046501538398047160e-01
9.331743614257725916e-01
-6.362096091729111391e-01
1.046831863316748379e+00
-2.891262145362867297e-01
1.529620007812315885e+00
-4.557795053931499862e-01
1.802547145627477199e-01
1.040055400040513334e+00
5.634939084483258087e-01
8.401896433847696466e-01
8.214783889605858924e-01
6.140650317682034842e-01
-1.122989598916666332e-01
1.035021084360187027e+00
-7.757302386451925269e-02
-3.088317014767780200e-01
-1.530597470250811831e-01
9.511427417405058371e-01
7.846164667439576856e-01
1.355763267530091909e+00
1.424458806156963853e+00
1.784286150647079738e-01
1.082669167164994173e+00
2.128640266992508079e-01
6.628822670290299701e-01
6.646394758231316535e-01
-5.180987689085062575e-01
1.492924584345906025e+00
9.205942980089175665e-01
5.232164944330481848e-01
1.037604007745349888e+00
4.603837500686629447e-01
7.697280358635402164e-01
-3.378724913356886961e-01
3.337681565850562221e-02
-1.128849613949113317e-01
2.154568438988190698e-02
3.259249889506951048e-01
1.267917086250006653e+00
1.045887288378994695e+00
7.520926393438021051e-01
1.935176882375835072e+00
1.159989708460914537e+00
6.650632340474867954e-01
1.285633236702337978e+00
-8.078323930413797149e-02
2.887399348144260025e-01
1.429236152794177261e+00
1.271006912939053768e+00
5.732171947826735225e-01
1.048313945988819551e+00
3.717877969356343099e-02
9.023258480016052019e-01
2.817840296371882380e-01
4.836609194851178017e-01
1.268459730756856141e+00
-1.357758496336375076e-01
-2.871550349451446049e-01
8.650751112156714884e-01
7.802548062747838298e-01
-6.995831213398566450e-02
1.009415416784469111e+00
1.033713095989232889e+00
-2.128203749813828149e-01
-3.332591665418753735e-01
-1.316118973194364827e-01
1.697199921192882599e-01
1.555414526536135766e-01
3.878561991516579210e-01
1.437668209552641629e-01
1.689600940513118765e-01
2.902747887562770468e-01
1.652321496568925685e+00
3.962065654496407796e-01
1.206567265234532949e+00
-5.025243822371812108e-01
3.081297332009589884e-01
3.843667763785652003e-01
1.149201087999900617e+00
9.522899702182967552e-01
1.276037834861481146e+00
9.209585604815020421e-01
-2.072448686861401435e-02
1.795565947639698789e+00
-1.040305568155118071e-01
4.609402717364020630e-01
7.148080458786758573e-01
1.342575084942586816e+00
1.281849142243889350e+00
-8.413056639495448685e-01
8.509700530865730306e-01
1.730333540725750519e+00
-1.398471706390391200e-01
-6.824355454927795162e-01
6.227468896697069267e-01
4.072197788950275288e-01
4.058355131450677167e-01
7.775712328585432376e-01
7.063000128042310477e-01
1.964399496835916026e-01
3.014374581447397117e-01
1.697015205529846249e-03
1.144969554768584308e+00
-3.894592131894917264e-01
1.094830232315964436e+00
9.188245664886034447e-01
1.190525909166438190e+00
6.243851947209804187e-01
1.468241424169335063e-01
5.932643048033253708e-01
7.443320695621096217e-01
1.905263000346516744e+00
4.839422157262192048e-01
5.296395733320531374e-01
9.261644025943348568e-01
3.749517309852164193e-02
-4.723064626279027123e-01
8.011077950477003551e-01
1.090951478295821619e+00
1.378145578549502481e+00
1.368301167079081671e+00
7.909902263480119711e-01
9.467011465740908793e-01
9.064982838708942614e-01
1.760416126375047963e+00
-7.284505074403989644e-01
-7.630517562213456895e-02
-5.155151388249450406e-01
8.439193760849296178e-01
-2.630854694080370648e-01
1.152543853419341957e+00
1.510815248562934698e+00
7.539699696377151206e-01
1.005233377967825303e+00
1.219602171821342118e+00
5.217981509749383684e-02
8.601932437566770506e-01
-3.294914412301402917e-01
8.808880953406335035e-01
1.062649658547091258e+00
-1.388959795902505734e-01
3.119679784228769903e-01
-7.102816255742114282e-02
8.112717135422921055e-01
1.112705856711984298e+00
7.175278144234561450e-01
-1.829712173564020938e-01
-1.293097769851987711e-01
1.206693988684984786e+00
1.029800145460864957e+00
-3.972123914442541870e-01
-1.923828959969975383e-02
9.591809860311678593e-01
1.049474531992514281e+00
1.250373051998890039e+00
-2.037592791544403370e-01
1.487138787650539307e-01
-2.922238892568616575e-01
1.184078716497433126e-01
7.001383058608531273e-01
2.139513443102868395e-01
-6.930876667850498496e-01
1.013906692873178805e+00
1.989921586848429680e+00
1.127728106020964960e+00
5.442727473389747939e-01
1.539686608896398412e-01
1.266696962347825695e+00
3.782015769182196507e-01
2.641209154399326575e-01
1.035953141172892167e+00
3.911798139785978567e-01
1.370375374330984997e+00
-1.675160914965431735e-01
1.119333385766520417e+00
-3.539873458186956201e-01
6.331473717499136455e-01
-4.183183181256769911e-01
4.494588839049249995e-01
1.470664956963695147e+00
-3.141172751433854438e-02
2.072129433676872176e-02
7.366271470174874381e-01
-7.411518478431062817e-01
-5.879225570895040276e-01
1.151466055070487160e+00
1.647068359567649187e+00
-4.019755747200248197e-01
1.405150162707404338e+00
-8.610786265597376588e-01
6.875914055448312245e-02
3.671291439961258951e-01
-8.469571754323769186e-01
1.245853495657963800e-01
5.057519317777523504e-01
6.861738806853754369e-01
6.650742667622155935e-02
1.633715975103608553e+00
9.541235833595135274e-01
8.845356468182632437e-01
1.892395107809454746e+00
1.453405835729896234e+00
1.534125746677243773e+00
1.078579890177803202e+00
1.080864688284790986e+00
1.494520719414933696e+00
6.866895223969996520e-01
5.388879939858733925e-01
6.196859059562439542e-01
3.340571589786613393e-01
-3.060993913559347246e-01
2.628147984667827952e-01
-2.359853668471249277e-01
-3.548247833488402114e-01
1.127398163007673038e+00
-4.909527623967284704e-01
5.754278560829085842e-01
-8.440726183372767588e-01
-5.349181646690890357e-01
1.469197916902380330e+00
-3.919625339544809961e-01
-1.691807201782205006e-01
1.096794582457413902e+00
-1.041740752889546151e+00
4.896968795610294745e-01
-5.669690710077227580e-01
9.131624117639733917e-01
1.669696691155993618e+00
3.396119349949921346e-02
4.271137485853431226e-01
-7.254787754254903714e-03
1.032571867154325806e+00
1.162046240272475162e+00
1.798764694428019562e+00
-1.851990028084859463e-01
-1.903751591050798220e-01
1.010066990597074277e+00
3.778728876178241713e-01
9.269890364826048890e-01
5.638121887649784059e-01
5.108464031768296110e-01
-1.157492772551054649e+00
9.974803556778032432e-01
6.033385177950635336e-01
5.211554317816654569e-01
-3.980339959441279718e-01
7.424575024892160480e-01
1.296453390152815466e+00
9.189571132381761931e-01
5.982606916414803244e-01
8.755334846737169441e-01
-9.510583441088917012e-02
1.502608163881694603e+00
-1.369743547616564250e-02
1.211607562013158335e+00
-1.420134907202889873e-01
1.537997795011305069e+00
4.539077872245468603e-02
8.645185131706095705e-01
7.938624664143189014e-01
1.733023962929430173e+00
1.056440495930178081e+00
-1.914930095257753317e-01
4.354494504488913842e-01
6.546756255540711056e-01
-2.315505794057087785e-01
4.857465738624878737e-01
3.972726950639021704e-01
8.220832513229124894e-01
1.340306591775198841e-01
-4.388463613126888929e-01
5.729466076214774217e-01
5.254296673137498486e-01
4.244526931738243358e-01
3.953043711723073783e-01
4.315717612146194870e-01
2.513978830909596174e-01
1.379664029650676527e-01
8.622506136697605239e-01
1.540810768853771440e-01
1.093444366969396508e+00
-1.474986378214248606e-01
3.704734561801184545e-01
6.644155876626721691e-01
1.048533287763603550e+00
2.452791366631849601e-01
-2.921565044862813321e-01
7.816612580966695312e-01
8.925736362201858176e-01
9.320040563628082531e-01
5.340443019804177460e-01
7.837899925114242272e-01
1.115720890043185420e+00
-8.965031901342870868e-02
1.477495283311186514e-01
3.365597286134096033e-01
4.485288312172522884e-01
-9.309285798440395387e-01
4.846711127987184398e-01
4.875873739068672941e-01
1.353890665831348539e+00
-2.662659441688550177e-01
-5.158392817425262455e-01
5.597050315094164175e-01
-9.425582248933132845e-02
8.405923036058842168e-01
7.722086647088604039e-01
6.549575052567611078e-01
-3.618696757773852135e-01
1.985989035903235334e-01
-2.519028543085056748e-01
1.212857680482914313e+00
-7.180216586859841654e-02
9.675466861869550517e-01
8.538521411565581642e-01
1.081488051921833282e+00
8.874018700509991309e-01
1.268758266288969150e+00
-3.452930934245653227e-01
9.419541510908990833e-01
1.189268864906943612e+00
7.318751972453185761e-02
2.852148935824670439e-01
1.424266028864166422e+00
6.207972312670503312e-01
1.061570143224644103e-01
3.317698863926821229e-01
-3.865966597403698857e-01
7.123876403078456265e-01
-3.812982266397601377e-03
3.829426161166896159e-01
4.773916689946153813e-01
3.794440837096806907e-01
-2.260578461869590036e-02
8.617158727809320906e-01
-9.936113345927831686e-01
8.184756560232648859e-01
-7.547219219903366083e-01
1.681194371978819713e-01
-2.645728109563501296e-02
5.239680035087547205e-01
-5.044182712991304163e-01
3.193299932149777365e-01
1.050125014897708819e+00
3.751672194633111634e-01
1.117393278894640130e+00
3.202168548609048981e-01
2.425638107201115723e-01
3.909753004787360764e-01
8.542285061776431210e-01
4.897985879678303789e-01
3.051843076587187897e-01
9.098496638799553615e-01
-1.695332644783591469e-01
-3.369356696805830831e-01
2.674844332652458467e-01
3.497716894961786505e-01
1.063094634812713490e-01
5.859849660248921399e-01
1.907184667440350312e+00
2.688972413193884137e-01
1.188534457646879483e+00
-8.699242732560016345e-01
-1.095035054144123665e-01
9.893424272441161960e-02
2.647199834191547585e-01
5.879480408182742313e-01
1.514642083295802522e+00
4.194966393542930994e-01
-8.661576332038685155e-01
-3.248103345389062591e-02
1.092975077747735835e+00
-8.345633063717556865e-01
7.762690463983400457e-01
-2.942439767329518285e-01
-8.583308577197157341e-02
6.140507418992494637e-01
1.045635045799231388e+00
-2.720326771306446068e-01
1.208537512210683618e+00
5.798733153219547409e-01
9.879433938330649534e-01
9.327542556066605872e-01
3.094446905705163786e-01
1.160848391414348146e+00
-1.846199408158545607e-01
2.229667748650327463e-01
4.564542525027842079e-01
1.461601041660289368e+00
1.204760577811893496e+00
1.573554494629655798e+00
5.401070632505937663e-01
-2.328109691394214531e-01
-4.561790917576943882e-01
3.448459431663634112e-01
1.255517292892146253e-01
1.831592959634706475e+00
4.891198783760858926e-01
5.322649992106524008e-01
-4.155911981791137189e-01
1.147008031581034704e+00
-6.553592717019063318e-02
7.793685121812676808e-01
3.462694199910443804e-01
4.535984458018357257e-01
5.005009636875117351e-01
1.253211625030500542e+00
8.602706873746264471e-02
1.344180607228592894e+00
-1.609941398447489069e+00
1.203786035095617324e+00
8.311558628939337279e-01
1.035986999557437782e+00
2.745456520669178335e-01
7.140799389997065649e-01
1.298012181993715375e+00
2.161402984790492254e-01
7.422223560611089788e-01
6.848616821924359277e-01
1.291296630149944558e-01
5.819761221000034901e-01
-9.084190723868068584e-01
1.040018518218857879e-01
1.225348456236994510e+00
3.306833840348633036e-01
1.203437015483565631e+00
3.981227412377347230e-01
-8.659506844022447636e-01
-3.357340857898086228e-01
-8.345154329168263940e-02
-9.252145005096612529e-02
-5.063383523324055391e-01
8.660015995496114782e-02
-1.847573987908312024e-02
1.202669053630092799e+00
2.498049330200415030e-02
6.728537949402905172e-01
-4.467265050055438391e-02
-6.476567719304403559e-01
6.856898974198827323e-01
5.018754190592626951e-01
-4.355972384715480206e-01
1.244433391746118778e+00
1.171798017378780976e+00
2.461973142423383720e-01
1.058545159522377821e+00
1.237374735708002493e+00
-2.196797003028700956e-01
1.173210429089080048e-01
-4.602373956922440335e-01
4.587209160666181895e-01
-2.141073073061749987e-01
2.691665933938408584e-01
3.178032006517459984e-01
-4.115051212004818271e-01
2.568215150711580796e-01
1.316264637666493709e+00
2.884657155968743669e-03
1.437565294457602505e+00
-4.117000102835889352e-01
-7.141516219892081185e-01
3.882392290894353670e-01
1.483322079708814467e+00
3.332890005161623370e-01
9.495180513170207171e-01
4.519618073379685907e-01
1.720949212921497162e+00
1.139727677494460245e+00
1.272299944819079931e+00
3.111101827433181977e-01
-7.579471264195349889e-01
8.863430034516653344e-02
3.790352436563703131e-01
1.089534922780138748e+00
8.448941327961343450e-01
-4.172891537784482185e-01
1.463815125660456573e+00
2.297031379169234555e-01
4.892780425373276509e-01
1.014687929536272293e+00
2.790678592589027063e-01
5.313316037655828605e-01
1.218749063532503119e+00
1.972116124526546999e-01
-8.221807005177363126e-02
2.320554207975925598e-01
1.003751001142577870e+00
9.305388610426992280e-01
-4.866168213408673254e-02
1.444907695962674765e+00
6.563847851067718953e-01
2.028040867088825916e+00
1.267545613577021557e+00
2.917864955526484200e-02
1.934849975674303835e+00
3.319484316852416850e-01
7.122422423935408364e-01
1.222139255232917776e+00
-2.283299366621336854e-02
1.858570246813929794e-01
1.294873995004803269e-01
4.865584898002802694e-01
3.034191112603116802e-01
3.493122134926116562e-01
-2.847903404000500238e-01
1.019470385248257172e+00
5.696304160706368303e-02
-4.794431753403201046e-01
7.966163309099439926e-01
1.726594092238601164e+00
8.132084508077236373e-01
4.268562975802425719e-01
2.260035161132395221e+00
2.262787344359189490e-01
6.159278022864633773e-01
7.736008481967656669e-01
1.911063876079152291e+00
1.834612144348277463e+00
-7.918089671478215630e-01
1.164031919379752811e+00
1.226371411022350699e+00
9.198866202187994112e-01
-2.500550898108180320e-01
7.095433233965349196e-01
-6.624560824592460317e-01
9.801548620357907193e-01
3.205566274487578471e-02
8.397124350978835139e-02
6.348026725152594585e-01
5.736485481634193695e-01
-4.391767229662746908e-01
1.251480028406495082e+00
-3.977162781907245259e-01
1.309588629682692629e+00
5.517948048544691897e-01
2.792250680460787171e-01
7.170088393649196590e-01
-7.427280330588768020e-01
1.478522008583134983e+00
-2.285918284693570224e-01
5.096403564688462007e-01
-3.832236506640417928e-01
2.935560715389891051e-01
9.765969628443448292e-01
3.125175363666073958e-01
9.272583115331703985e-01
4.838168910932031525e-02
1.044311849670194858e+00
3.858400509816779511e-01
1.441003316428502989e+00
-3.449245710583188629e-01
-4.815322648209900969e-01
3.791225104307568428e-01
1.364314777943232304e+00
7.110616674392294945e-01
6.424027090490799230e-01
3.714060213644563291e-01
3.377510897073206508e-01
9.852190106786655466e-02
4.342635669007172683e-01
-1.333417623231228921e-01
-5.476392350852300472e-01
2.834103123117423517e-01
1.848941909965479802e+00
1.139152993230922783e+00
-6.248850577068354450e-01
-6.025860662194212347e-01
-1.788085426275164147e-01
8.068262966688725113e-01
8.910173774177423955e-02
4.885130408700857352e-01
3.727089409478586690e-01
7.217659026363000274e-01
1.042342912837131097e+00
6.160939026622718195e-01
6.698038735376407593e-02
6.586054442995497027e-01
4.056986751075018494e-01
1.193956885639928300e+00
5.395220893409096163e-01
1.062007150591456561e+00
9.900299810613486517e-01
3.571139539635013183e-01
3.130512110426256212e-01
1.923380008594132162e-01
-9.327863201820892902e-01
5.890887020412298725e-01
1.421245562064448187e-01
1.290375977934669516e+00
1.561385775358275163e+00
6.395764477148259131e-01
-3.954704522558488006e-02
9.436381134324202113e-01
1.127344072152580923e+00
1.177019959105524594e+00
-6.797504807622647416e-01
5.791864794031025276e-01
-4.533825463975904579e-01
7.324070782080688291e-01
-7.028047975321380925e-01
-8.262388244835923157e-01
7.491993470267807598e-02
-4.423284215449067025e-01
-6.558676701323258307e-01
-5.319955515561372028e-01
1.306954568887460422e+00
-5.331065749222300143e-01
-7.074758126686608861e-01
-1.572076639443823198e-01
4.541478249929510325e-01
1.351831780166347530e+00
1.647140507292505163e+00
8.525770172119463419e-01
1.038191756095948604e-01
5.886349775933631401e-01
1.905127470421933977e-01
-8.140861181360554977e-02
-2.123864056121987365e-01
1.670909759571819864e+00
4.411531909321682043e-01
5.844453013177779849e-02
4.517287931961608272e-02
1.111105836489195475e+00
7.379924626350888861e-01
3.024434946237579691e-01
5.808758790100664315e-01
-2.618413574906237190e-03
-1.065835317514025382e+00
1.324294748303621039e-01
7.210484750038748114e-01
3.578072463536122183e-01
2.984524057170394040e-01
5.035655100835350062e-01
-1.203598079756542372e-01
9.466976428901403562e-01
8.426431418925416361e-01
-9.057125326417400646e-02
8.472070105433039400e-01
1.101136405570144694e+00
1.177675470599484964e+00
1.986171617100149778e+00
4.019082108354921079e-01
4.297928522324925282e-01
2.113841282571462532e+00
2.212169741242877574e-01
1.260090232606329297e-01
7.454923921029827927e-01
1.440744721140521323e+00
-2.723666931355708254e-01
-6.706922217020265808e-01
4.189130719450894214e-01
7.924566511985995376e-01
3.914738683493740323e-01
6.453232070782579655e-01
-1.789597768862234151e-01
4.237417631489037162e-01
-8.929467651638597347e-01
1.569879892997154025e+00
8.052591875413397382e-01
1.419289875452595329e+00
-2.318151168987090949e-01
-3.248892261989584362e-01
4.432374790586429691e-01
3.495601718506411992e-01
5.309472112614679329e-01
7.461051035359785866e-01
-9.800331939801415482e-02
3.651092980506697172e-01
1.120275052109458214e+00
1.373622188642845687e+00
-3.371160425443406883e-01
2.865284305686976452e-01
1.569411545540795316e+00
1.010423103244788123e+00
3.315115760084871299e-01
1.211239848999828173e+00
4.387207877084699920e-02
2.436278648348229603e-01
-3.154379005648358936e-01
6.534304419765923910e-01
1.869849486352952006e+00
4.339702306234728968e-01
3.640254489448438435e-01
1.933305199341382563e+00
1.913512269623650175e+00
-2.020884992675148206e-01
1.132709022317071490e+00
1.172567117861685659e+00
9.115928357870880516e-01
1.603293610836465932e+00
1.260926190858593143e+00
8.362431462049155773e-01
4.465998459028054368e-01
7.629803015479449391e-01
2.507028774398039062e-01
-1.329922899859580010e+00
1.897563426563070754e+00
2.704616708446737627e-01
9.499347256894693503e-01
2.823517872579313637e-01
5.159233261022150296e-01
4.008537489262372494e-02
3.500830162347629559e-01
-2.556626277317319285e-01
-9.114630687530502762e-01
5.569957550503932264e-01
1.062228473928997774e+00
9.857998203233050427e-01
3.997965518441646271e-01
1.601865031495276481e+00
-6.278200194115169941e-01
8.217831123605309762e-02
8.582295726551268933e-01
8.298720377155532901e-02
-1.121077945605505999e+00
-2.615316318535374496e-01
7.415535764810885500e-01
1.120824470280175067e+00
6.905128279166969918e-01
6.331379736115192447e-01
-5.856989553933953374e-01
1.433317905275412474e-01
1.409357868478534198e-02
-4.506243810034138431e-01
-3.756575930562847665e-01
4.510266798067632532e-01
1.530944300489222587e-01
-1.396967600637203516e-02
9.522206661503607172e-02
3.597577788123271780e-01
6.419414010696853357e-01
5.288062394645614006e-01
-6.389578520163941011e-02
2.911925441507264845e-01
6.277979577372856668e-02
-6.194375325754070127e-01
1.012892652822407813e+00
-3.281307842362093941e-01
1.674968992657612787e+00
3.007687242507440240e-01
6.227772390742759567e-01
9.791873257353932436e-01
4.098280720896237961e-01
4.535772069751455859e-01
1.766186939009483925e-01
1.251637152075782522e+00
9.080433936616073565e-01
1.001953627825632687e+00
2.780460885531875759e-01
4.944844896157220560e-01
9.237969523990216536e-02
1.024326572429052201e-01
1.265937287385909160e+00
-2.849874830533397074e-01
1.091588868103982035e+00
7.677646549354457672e-01
1.236354785337734352e-03
-6.097177949911851691e-01
9.952466594112986675e-02
-5.191353759940973145e-01
1.491869508398518063e+00
-6.369875919827991950e-01
5.878997455936973981e-01
-3.906647069463067834e-01
2.060614483127015673e-02
2.647850823326510783e-01
8.027756251191765502e-01
7.345242990728180210e-01
3.315000387851685937e-01
9.664659773159637313e-01
9.157922961733061529e-01
8.730719916342164488e-01
2.664938923162657458e-02
-1.105802916197533292e-01
5.246631998216569892e-01
1.140351161521251155e+00
5.964639055785790900e-01
5.926171622005862311e-02
1.911068498506568014e+00
8.809548434162749464e-01
3.658118352648338095e-02
-6.440269913512612979e-04
3.206468802581787236e-01
1.142362222013509676e+00
3.205491411759252285e-02
8.392454746629540718e-01
5.686045912472240671e-01
1.837909043311879986e-01
1.189773528351470322e+00
5.752431266544100197e-01
7.593939736456402079e-01
-6.139762886908031736e-02
1.113563939813422721e+00
1.214766216268068133e+00
3.440754406820988875e-01
7.000724805850184751e-01
-4.713930832247278241e-02
-1.863725173542639113e-01
9.691595270219849345e-01
3.741078655352704507e-02
7.353066986795759874e-01
1.395927561691796825e-01
1.772927249361050617e+00
1.357676916115669208e+00
8.118462399420729447e-01
-6.731115157787062597e-02
-1.565789341409196123e-01
1.456674112321078907e+00
1.224878661306178840e+00
4.983456493256290809e-01
1.243617752241447105e+00
9.680962659473041354e-01
7.394119235105968135e-01
6.365441675581765546e-01
9.215786582813972894e-01
2.317109166126175013e-01
1.289334321518390780e+00
1.474650849682091203e-01
8.776212546226683786e-01
3.480062289976356138e-01
1.068412093999889789e+00
4.876608358083363570e-01
1.346938487811862206e+00
5.889498895653832999e-01
-2.050343351205544812e-02
5.817668757836821358e-01
6.908190592004739283e-01
1.633924653678979322e+00
-2.166683097631073029e-01
6.626785694022216955e-01
6.071174170755951893e-01
9.207758527910625546e-01
3.723059287804902917e-01
-5.427607158365411744e-01
3.627544776474503352e-01
4.026902232732516851e-02
2.077406158740918024e-02
1.151500093863260021e+00
1.075355404161939754e+00
1.058861445953046543e+00
-1.533995762298392684e-01
-3.082389038602525444e-01
-2.314346735850139058e-01
9.924987504403552929e-01
8.281708134286495104e-01
1.005842236745625451e+00
9.325293674200845206e-01
1.068378123666317236e+00
2.346648342545166188e-01
1.316012225309966421e+00
8.421513451086615198e-01
1.657821644409168016e+00
6.729314771625717340e-01
1.002261847932059968e-01
8.843717015134808790e-01
3.516942328731232914e-01
1.330396506729258022e+00
5.591968926917275651e-01
3.814253026660770207e-02
1.703292447975115032e+00
1.949004380585759311e-01
-1.772454426639344383e-01
-4.003871146711561191e-01
1.627532942949062367e+00
9.954841322888855482e-01
8.720015493034222187e-02
1.332601307171486393e+00
1.119064768428261969e+00
-8.665616142521474774e-02
2.237940500397801735e-02
-2.646533874941942033e-01
8.639995762340038077e-01
3.978207837358649912e-01
3.344234840688494748e-01
1.363197935055541654e+00
1.117507299884147987e+00
1.327510902383161273e+00
1.376845305773648276e+00
2.814621702079037058e-01
5.722716144666940563e-01
5.601942535264152756e-01
3.904017939022094152e-01
7.108572245918776122e-01
3.897367743296188403e-01
-4.542408170475584206e-01
1.408456677608918239e+00
6.894931511337087926e-02
4.333113701273975660e-01
-1.590794315506072198e-01
-1.395845472467696358e-01
4.699608540657373990e-01
1.246095843767644817e+00
-1.736100666075310051e-01
3.413005352094924394e-01
1.069721014838126871e+00
1.909848001465830114e+00
9.487767169604480744e-01
4.160101738178932917e-01
1.365995741492392890e+00
1.707069093576348839e-01
-1.894607447357141983e-01
1.561833600282500401e+00
9.130489428847247124e-01
-2.687098630021202972e-01
8.594834795231183489e-02
-4.773737430297884665e-01
-2.020414737415526241e-01
8.483470053194083205e-01
1.161933017753339126e+00
1.736768257639992763e+00
7.128895222399530551e-01
3.473068215212031518e-03
1.873215393822841301e-01
-7.681119452349208232e-02
-3.703830701262073033e-02
-2.970295570419111963e-01
3.782853173375436140e-01
1.103872994850653599e+00
1.051341484270434723e+00
-3.405787245294144006e-01
1.957201975016551743e-01
1.090539510119561850e+00
5.223980528198288731e-01
-4.610728177648052567e-02
5.025771616745027259e-01
1.238170361231770933e+00
-1.179087930123246843e-02
-2.341746220249841526e-01
7.893812649757242506e-01
9.657837236380620860e-01
4.568157881326362912e-01
2.284883716396583775e-02
-1.431328309608893568e-01
-1.122269581369536695e+00
8.291582393146497143e-01
-2.982435114403250709e-01
5.123221026060417183e-01
2.333449990060740553e-01
-4.107347699378779970e-01
-1.737547976671861838e-01
7.391360138007490033e-01
3.770903800358513802e-01
3.204252097879151107e-01
3.491825566765028310e-01
1.722716207337197991e+00
6.476246246049935928e-01
-8.121651814150064874e-01
1.140013061189577792e+00
1.360115216364711221e-01
-5.830064387292823724e-01
-1.208346853161281487e-01
1.324901419827180238e+00
1.060848985983703585e+00
9.407338465356441803e-01
1.280170139132130513e+00
1.195771921551983974e+00
2.343565796635926068e-01
-4.204012089689911913e-01
1.100813716477881510e+00
1.124725117647309647e+00
-1.008808368110338138e+00
6.195874360310252849e-01
6.066628743077688846e-01
1.376867745735349979e+00
1.569357014557131169e+00
7.071345278701689496e-01
8.173705751119177965e-01
1.356467221206122953e-01
8.705304639491222574e-01
8.644773228994809822e-01
6.508163891955949243e-01
8.702360504503131589e-01
-2.092681756625870415e-01
3.136741889704424135e-01
-3.286300428999814338e-01
3.101660009305540200e-01
7.270411749540472979e-01
-1.997329116087447759e-03
-7.043316777093618086e-02
1.030207506509637216e+00
4.801202567359837969e-01
6.123699315514485875e-01
2.287226215794873341e-01
-3.462561333296618749e-01
4.838204582591261183e-01
9.012545987820751447e-01
-2.303944247074556639e-01
6.723598149409987235e-01
1.049663606928782800e+00
1.057723358524480073e+00
9.411975560967603682e-01
1.824082377315561776e-01
1.166927582587288681e+00
-5.128413745827733461e-01
1.705827702385470657e+00
-7.456393213181866653e-02
3.402550396375108033e-01
1.134046764055092887e-01
8.600063932103945152e-01
5.401371889634693640e-02
-2.807885869544942126e-01
8.827340802526237873e-01
2.302897187694383230e-01
1.888590915444861573e-01
-1.487348523006007915e-02
2.144179178610110537e+00
1.760159784666442684e-01
1.227747059554206377e+00
4.516904949883163156e-02
6.204684819088522874e-01
1.635443916192965141e-01
-4.789001788738032200e-02
-1.405331677643863741e-01
1.091075930597678267e+00
7.000056752845070784e-01
1.088135744638016433e+00
7.421391219564954511e-01
1.163691669461477618e+00
1.477286848838819777e+00
5.043040753907954699e-01
-5.688399727776787262e-01
9.854030509886667621e-01
5.484419421514925563e-01
-2.312849632145551060e-01
1.168962841992737811e+00
4.961906630539311691e-02
1.532431692262030964e-01
-3.421593617976944057e-01
1.362096162286585921e+00
1.007301183140755674e+00
8.415493013603209116e-01
2.741564145196240809e-01
1.220673404946327256e+00
9.151391292950670220e-01
1.051182928542234274e+00
-1.114068048112122622e-01
-6.071546106382890162e-01
1.454535020515020260e+00
1.835796048307189343e+00
-8.798508308632292663e-02
5.893128784197212977e-02
-4.998542830911028023e-01
2.697424432894280355e-01
-1.474080553877425703e-01
-7.603748657393719634e-01
2.009081936416930170e-01
6.969840048770605812e-01
6.497357670121994833e-01
6.837406392235412245e-01
6.325257131123702692e-01
-7.386497715732158742e-01
2.255908094149630394e-01
7.280653634302888255e-01
-5.403794457682230545e-01
-5.176215782799922782e-02
5.919622598723933704e-01
1.238653658360649334e+00
-2.774925937161992207e-01
4.646130826833620997e-01
7.082853596363277715e-01
1.970941610458012971e-01
1.479844389758359746e+00
6.038599861833208182e-01
1.618252420162892502e+00
1.474639540629520740e+00
-1.629863191719692073e-01
2.102540356324207771e+00
2.812182486883393340e-01
-1.319140490748713201e+00
9.364925926884297702e-01
2.568769667300122572e-01
1.618844385293533306e-01
-5.501888255485098966e-01
5.295373296341687741e-01
6.732204722496122340e-01
4.953040091784479126e-01
6.216274859119113039e-01
7.334669331666067160e-01
1.892272513256135547e+00
3.780888559738166538e-02
1.363008897312148582e+00
5.615191227382941574e-02
-2.957859585496447341e-01
-8.360182543574135039e-01
1.175914506581307251e+00
1.879115694563074646e-01
-1.173985622183669308e+00
5.678405820860203956e-01
-7.203388079064153293e-02
1.172636962218057244e+00
-6.379003547202362068e-01
6.930362381030343855e-01
1.576580316563408024e+00
-4.991764317083020874e-02
-7.248213067486427574e-01
-5.655640048048455881e-01
1.106851762099554382e+00
4.629626807889714590e-01
-3.501369269965092790e-01
1.027855457264806593e-01
3.308255897754525665e-01
6.200703384927415129e-01
-3.827068241013805161e-01
-1.588314007080154078e-01
2.400724047561608732e-01
1.286729832412484953e+00
6.119420190429677442e-01
1.327531936060579509e+00
1.359039055707080612e+00
-2.482484474264535015e-02
1.209571540866087425e+00
8.062866474794475602e-01
4.883128565589506809e-01
1.730561291501036270e-01
1.824579906701652987e-01
3.214429739211083770e-01
5.313587523074008168e-01
6.211479740220312573e-01
1.059915187693086125e+00
-6.105084720169369206e-01
9.294597831754897177e-01
2.989416092264852165e-01
6.110244171488079523e-01
4.041926703087775907e-01
8.993198849558418084e-01
-1.624680492889946926e-01
2.148287861892287098e-01
-3.486962982824371449e-01
1.004291524874357355e+00
1.253923325780951004e+00
4.738761161203246530e-01
5.888635638200742095e-01
1.281578441276620683e+00
1.429231687146981677e+00
-4.909917297350526733e-01
4.580046814226731988e-01
1.728037184324615394e+00
1.263826672738336265e+00
-1.557817212471677981e-01
6.590471851080773602e-01
8.025145261632232740e-01
5.913328391194742073e-01
-1.401067687814615270e-01
5.900884790191911478e-01
-7.415529463545983413e-02
6.465478259419080720e-01
1.200741879558717251e+00
1.090594522048381254e+00
-1.605192623510546257e-01
7.977134469655575710e-01
1.575263713309496549e-01
9.147801771405312810e-01
1.088019188950534399e+00
2.741291926431765336e-01
-8.008081016661274809e-01
-1.133024160417638454e-01
1.706943424320185088e+00
3.325982220573835829e-02
-1.726200136084405645e-01
5.101977591844015780e-01
1.465110109999356203e+00
-7.926436580503666285e-01
9.226245127567480608e-01
3.163407406035733116e-01
5.526689967992214764e-02
1.081003851250913250e+00
6.216840181802487653e-01
-6.688124463264183417e-02
2.473424620742753766e-01
-6.495664051256365701e-01
5.853634671635226105e-01
1.283672418615912747e+00
8.637310908955413424e-01
-7.459391247206397235e-01
2.260929392624128287e+00
2.280318131856520658e+00
1.040948936546540748e+00
2.756082879784694795e-01
3.845745830209588156e-01
9.182735768969061407e-01
1.357391664114172780e+00
1.255947541126554379e+00
3.635064059499416578e-01
-7.383906986549866325e-01
1.902003900592886820e-01
7.892287323764410889e-01
5.681543715097283620e-01
1.026255450855610762e+00
1.138299905827800718e+00
1.563937379071804301e+00
6.908360536402528007e-01
1.196872467302603438e+00
6.662479662163482974e-01
2.516939057297480908e-01
1.836498109387255884e+00
1.038535318468852386e+00
1.296413854356384121e+00
1.054903401014180453e+00
9.604957370373589098e-01
3.019624712306621106e-01
1.834755935813648042e+00
8.813274510292690156e-01
1.563450128882799994e+00
3.912111624119000708e-01
2.512349327278305955e-01
4.221660362483329876e-01
-6.173539727195792581e-01
6.286937089736345241e-01
-5.411145071036767007e-01
2.954631967318608887e-01
5.305148883892630840e-01
3.771075042029917723e-01
1.850629108256097943e+00
2.036917456955470718e-01
2.480979152041342672e-01
1.682701104871191233e-01
6.161017484757289608e-01
1.136496816024402001e+00
-6.343548776400703693e-01
4.969424260801438842e-01
4.373339158803039584e-01
5.018997370054212315e-01
-1.515457035919434980e-01
4.220442291717220185e-01
5.034913172629972289e-01
1.558845020822368310e+00
2.198008105607016205e+00
-6.145308287371151756e-01
1.176512236297803549e+00
9.799655238102465971e-01
1.264210957962502935e+00
5.615757712464869433e-01
4.865048027057247704e-01
-7.067031478075509465e-01
2.038294121638080103e-01
4.629280165398211300e-01
7.334714043682395435e-01
2.446695068509886495e-01
2.855174041230831503e-02
-2.015822329789857814e-01
9.933285494404571481e-02
2.945973860311951742e-01
3.974585177182952955e-02
1.113017639678114179e+00
7.112491012131746393e-01
1.004181296917024735e+00
6.025555428640040345e-01
7.607334797544913485e-01
-6.912835666580944283e-01
7.132822828441692797e-01
5.418435053685451974e-01
1.205614266919070143e+00
8.754639065008807952e-01
7.056012093541663699e-01
4.215512384286038694e-01
5.552000631534336206e-01
1.700004903004402212e+00
-5.020559463666811606e-01
2.654071485634782596e-02
-3.143281369489244748e-01
-5.942736152991080489e-01
7.788776779045603060e-02
-5.236888642108479264e-01
-4.000189958574701943e-01
-3.846066397285528571e-01
-9.302948547778108757e-02
3.945152640325954030e-01
4.056670892866788836e-01
1.126755862782927053e+00
2.753243065797460254e+00
1.048324592360925234e+00
4.347668459884820313e-01
-2.761296402173946674e-01
-5.917584762545496924e-01
3.794622236256368075e-01
1.890825592851290426e-01
8.512646538037651478e-01
8.207750162390774484e-01
1.500263536156477839e-01
9.250156216620503136e-02
4.880856300253710867e-01
4.889923503295071083e-01
6.619742895743919719e-01
-1.208007488337213164e+00
8.459870714867846475e-01
1.909400693915638270e-01
8.249074241994244772e-02
-6.223366502338283368e-01
9.082167025348846234e-01
-1.290728215975259219e-01
1.019198629053786442e+00
7.482587941272930143e-01
-4.635015460603643112e-01
1.545760550489021501e+00
8.553304647808513961e-01
2.471838143174517111e+00
3.421267571772672045e-01
-1.237294637188564167e-01
4.914229882594583487e-01
2.031426446206947123e+00
6.817363048967287620e-01
-5.323342075405085305e-01
1.402517668270853168e-01
2.654172510687083375e-01
1.529034042089298662e-01
5.345033543467556658e-01
1.444314327822301264e-02
9.198685350996333998e-01
1.215164104039922588e+00
7.113203249551047769e-01
6.637770074751714322e-01
4.432153062606143668e-02
1.484672034296861343e+00
4.742755574040882216e-01
7.857929524188109749e-01
-5.356548642532001914e-01
6.461433118246475704e-01
1.524828556295491522e+00
-1.039891140857757273e-01
-7.214567772127613438e-03
-5.163550023043379789e-02
5.658578143995346421e-01
-4.953073457162608939e-01
-7.427244662078040793e-01
-4.773369633212836693e-01
9.486395713167629085e-01
8.032279591212255765e-01
2.777854476481020005e-02
1.576909583378859780e+00
1.110001284280476563e-01
1.246499073691291315e+00
2.070878968187876701e-01
1.293182757638900116e+00
1.074156781827967588e+00
2.426912738176730255e-01
2.161626157806914861e-01
4.416366553976825982e-01
4.298021839112826092e-01
-6.644602233929409740e-01
8.091582552123919303e-01
-2.155255738684372369e-01
5.870687533710321482e-01
1.118348212110151563e+00
-8.875121627512816413e-01
-1.367808252976160655e-01
1.395461074394565237e+00
1.645606927399106079e+00
-3.090729754705242582e-01
-3.800482109267203645e-01
-1.058114310491209686e-01
-2.873316282244764430e-01
-5.084106947249010799e-01
3.406499788335031753e-01
1.652436821445186499e-01
2.457875977292664771e-01
3.350663505030471723e-01
-2.572042107459042160e-01
1.543184216864908753e-01
1.242664353964811230e+00
8.205617938634373054e-01
8.300024913754443512e-01
2.215296455411041254e+00
7.355631361428338622e-01
-2.315119563055556828e-01
2.968090492276835302e-01
7.130627729742821108e-01
2.771359353520654878e-01
3.851952058076670293e-01
1.054853892176459862e+00
5.290285769421809725e-01
1.351511415133224148e+00
-8.909459733286569094e-02
4.503475014206310689e-01
-3.786490593522221504e-01
-6.361792928574555583e-02
4.272770248459742404e-01
2.964733955730415871e-01
1.611772170365752821e-01
6.672622973079193887e-02
2.394069145873060078e-01
-1.613174825235826892e-01
2.342386715895780069e-01
1.501217794799542427e+00
1.543377777501391490e+00
6.300456121477320259e-01
-3.379608520127436733e-01
2.704747989186534474e-01
6.684599359646926642e-01
9.929876039843508195e-01
5.035652804685676331e-01
6.828632730859000022e-01
1.385168209720377908e+00
-4.527884059337331651e-02
8.333513360555457883e-01
1.259123200961028699e+00
3.199015298680716324e-01
6.195273847524250810e-01
-7.930838532264590859e-03
1.009714297747255074e+00
7.327762092376431946e-01
6.890111720965149678e-01
1.094430753153028124e-01
-2.430332848081758756e-01
3.597770376677832393e-01
6.379563141461610520e-01
1.895188943284494831e-01
2.922732806336790778e-01
3.515594214766304959e-01
-3.540073280020883950e-01
-4.981923921907967234e-02
4.195766032570763526e-01
1.504155510985283106e+00
5.181860862047843463e-01
-1.477698834872089584e-01
2.797553926747823119e-02
3.563599586383903173e-01
1.703327384755606078e+00
9.103326261245096029e-01
-1.596275549260861570e-01
2.294173191156302360e-01
1.054971302890898244e+00
2.872501344817159907e-01
-3.129986127094425141e-01
-8.117794744749893265e-01
1.533935427407983942e+00
-1.934354040974717304e-01
1.166483059471688621e+00
2.402603946867102325e-01
1.755902994704292286e-01
-5.312381515253949971e-01
-4.806597082838904855e-01
1.759312355182125032e+00
9.580182076722087992e-02
7.582245336058686114e-01
3.774011390005341249e-01
-7.089813913871720885e-01
3.506473444687292496e-01
1.627654611287091324e+00
5.911725970949024411e-01
8.839859301731526342e-01
2.067674852850868994e-02
1.720586836990855684e+00
3.923335158532683109e-01
7.656177222413459438e-01
-5.935047974098226486e-01
4.509326018747386589e-01
3.951831961779939117e-01
1.080313413285096669e+00
9.065681235285318884e-01
4.429621902740323025e-02
4.427152545683497031e-01
9.915393130071835648e-01
-1.967908090354493211e-01
7.569208440354817657e-01
6.805291643116905265e-01
1.057900914394977132e+00
7.045544512094341627e-01
5.366093942625634883e-01
1.622439948832438139e-01
5.601704161388940673e-01
2.579399726119025460e-01
-1.287478435298396451e-01
1.569924349147250986e+00
-6.797495715514730863e-01
2.336461070186402478e-01
5.542224928210537360e-01
5.664324557056513720e-01
1.613488418498761900e-01
1.722176029368164718e+00
1.661452141486413181e+00
1.678690326060189975e+00
1.091150554958767227e+00
3.990081987117298223e-01
1.547448611935545948e+00
3.140020921422275180e-01
-6.409976082736398295e-01
2.626205299779496571e-01
1.278877794243061361e+00
-9.747621858919253146e-02
9.601128286769085030e-01
5.951389112165521578e-01
-1.044521892525744899e+00
7.032662921048030702e-01
-6.064207570083161025e-01
8.339404156266025936e-01
9.160643627036196834e-01
1.768665961669446229e+00
9.260914443686067976e-01
2.601114344901953590e-01
2.888548968999500866e-01
9.503158857389037983e-02
1.361708806739544864e+00
1.487026959956466943e+00
-5.141571649020970636e-01
8.595137633430134372e-01
-6.334246220480992395e-01
1.221529445709505834e+00
1.839317757591607816e-01
8.867500029079392609e-01
-5.587831123393970367e-01
9.736764159401293250e-01
6.677696320428762045e-01
9.002648634041175713e-02
-4.516428469072159002e-03
1.437314594834464998e+00
1.631196710411342066e+00
8.375183198156963549e-01
2.777296278820369502e-02
1.228856977276237661e+00
1.464691987964430231e+00
5.972473199662153842e-02
-4.379039939943107362e-01
-3.325567010490877440e-01
-6.177588995677829597e-01
3.359044212965797693e-01
-2.863744860837361683e-01
1.081563174339620126e+00
2.180624505473894303e-01
7.109118406107334254e-02
7.230984732239459367e-01
9.563211901173171992e-01
5.784478740190122092e-01
1.389801174623831903e+00
-2.388903307925793473e-01
2.016984938515949288e+00
-5.071233405008079842e-01
1.000473847339095057e-02
1.199687728358030725e+00
7.980296394123089776e-01
2.284926281108057844e-01
1.349182805728016965e-01
9.622357151075286441e-02
3.021176500483423455e-01
3.313577626286526856e-01
7.919855719944585148e-01
9.557505275286960478e-01
1.087003962856155859e+00
7.145663713502671266e-01
-3.774210210048138670e-03
1.318216867874144604e+00
-8.034352616876583308e-01
3.914107739056319479e-01
1.346354999930131635e+00
1.346069567847518078e+00
-4.332483118772746389e-01
6.677872126042756484e-01
-1.395514317243731761e-01
5.615090838586856981e-01
9.043667488287733258e-01
3.824689006521108103e-01
5.131145159157765034e-01
2.400344219988709282e-01
8.373383071531335098e-01
5.590763487149007505e-01
3.837310110659752915e-01
5.251714011453524344e-01
1.247041094864210553e+00
8.225811964285603128e-01
2.330586747835601824e-01
-5.747057922084600895e-02
8.013666119521151154e-02
1.231907364811092753e+00
1.697544098231944798e-01
-1.857055562336074050e-02
1.143306552720459335e+00
2.116363100962704302e-01
2.227301836826772519e+00
1.771502094984477305e-01
9.069699561977244695e-01
1.086437894860800890e+00
-2.644329344221894584e-01
-2.412518711650938480e-02
1.260603329544699225e+00
-5.081362531264455029e-01
-8.075456082218355203e-01
5.258975344370621086e-01
7.796255205762823159e-01
1.784647952320921549e+00
-1.818604281241430476e-01
8.127045415822470309e-01
8.647943597552436579e-01
5.402445594637257376e-01
-2.955887288711190330e-01
-1.739461245798329947e-01
-1.516064331994180191e-02
2.744648544180987026e-01
6.730216428792628047e-01
-2.811079616691307403e-02
-2.315483656382559541e-01
1.513376127219857814e+00
3.043793537497044843e-01
-3.049231685216244325e-01
1.305560863535024430e+00
6.499297423656255068e-01
-1.095225126738121002e+00
5.111744615296792693e-01
9.667150903672813156e-01
1.076124156967556811e+00
8.189803576781728989e-01
-2.939198296391609677e-03
-1.897716387940427685e-01
9.587438569920655462e-01
1.281599126967801539e+00
7.018123749482747809e-03
-4.217224762433323670e-01
3.467024264128096278e-02
-2.763536011474176934e-01
1.229965873220901118e+00
7.700356512449363366e-01
2.061871448509553950e+00
-5.455997675249966150e-01
1.282165132134126251e-01
1.256484269423022937e+00
1.140942470021498956e+00
4.310477411440277740e-01
4.985740403426177081e-01
8.285379879431555850e-01
1.328640532768636140e+00
1.731714034925734946e+00
2.417883523873682883e-01
1.344343315154151952e+00
1.219335032995188861e+00
3.057232900319316604e-01
-7.602274636960988305e-03
9.110620947255785307e-01
1.095768114037872554e+00
4.664347079179252398e-01
-1.095349862185887868e-01
-1.604658395098223223e-01
-4.106138323504157084e-01
1.641732284079681359e-01
1.454043306108120381e-01
-2.086587609080907957e-01
-6.368648312178815107e-02
3.216034480822644315e-01
3.131261296764829005e-01
1.085732869319196325e+00
1.371340666570679767e+00
1.257143128921322517e-01
3.736643575081780022e-02
1.606502097359018000e-01
7.231824651668153914e-01
3.378830756877267971e-01
8.305782925419856744e-01
5.953966606380550752e-01
8.213202697189293522e-01
-1.253307611972597213e-01
-6.061953348084576643e-01
-4.895217524210813687e-01
9.387558054104963023e-01
1.058072219712322237e+00
2.381533791794878396e-01
1.299183358001635424e-01
1.654621064292850718e+00
6.970339400612740599e-02
-4.968176854534959302e-02
-3.761274105547501856e-02
9.923117120137797675e-01
1.043549554698833592e+00
8.979323042504608887e-01
1.143742633050789381e+00
1.382296823527265239e+00
1.070339156028154548e+00
6.114492332388249407e-01
1.400819888825087511e-01
1.168270158964527683e+00
3.940926264346236163e-01
6.318921185202164281e-01
5.022651243903761831e-01
-3.104919296582967503e-01
8.181952400357409561e-01
2.148133528776696166e-01
5.535473776840367233e-01
6.660934889902925260e-01
1.368307259121105401e-01
1.480306654303332969e+00
3.745113175748137624e-01
-5.083084178043673074e-01
2.564770094184393168e-01
-2.302358360295519990e-01
8.048349723427635771e-01
3.422027280932063431e-01
2.768377516360135959e-01
-5.097987026720144504e-02
1.789337228084475706e+00
8.899948325848106023e-01
5.715138480174778435e-01
1.694388878427421030e+00
-8.447726619202119980e-02
7.714036680148301794e-01
-6.232992883491058622e-01
1.282511533432822981e-01
9.243716496076231914e-02
3.550299229450745164e-01
-1.637911218001977531e-01
7.136887978283249501e-01
8.239275363886995329e-01
2.683994299927047189e-01
1.373586948283155085e+00
6.859206712015804008e-01
1.036996158506568566e+00
5.677674437371585947e-01
-9.896568860498764497e-01
1.316630515222770859e-01
-7.494286210333012122e-01
6.171053798976211535e-01
2.521594532029415303e-01
3.323207879404722065e-01
-5.428960535049242031e-01
4.370905278180398645e-01
4.660875250214987497e-01
1.469484494085544490e-01
1.466125331145354815e+00
9.829857255721371478e-01
2.307516859000664056e+00
8.983868336438480817e-01
5.090920941744048189e-01
-5.114263357371816310e-02
-1.918755806273934050e-01
6.163668202421215270e-01
1.250734229662247232e+00
-1.234436429276140890e-02
3.622620980792893852e-01
-2.982989891245310665e-01
-6.610681744127517856e-01
-7.803976240717731550e-01
1.048253516185836176e+00
6.711058273016161646e-01
-1.434247993653484966e-02
8.468354809249188653e-02
1.626850579380219264e+00
9.557425997539183982e-01
-2.452755044730565159e-01
5.815159380994764371e-01
5.960478453848476743e-01
4.354065105140300651e-01
4.155530773640654374e-01
1.225189845868710714e+00
-1.277724306043473423e-01
1.482779275225680982e+00
1.307564329761170541e+00
1.755387064617567883e-01
4.399528087040213697e-01
5.223065996650013698e-01
9.782411730198472544e-01
4.016207290900144500e-01
-4.586932171101157363e-02
7.080722665429268758e-01
-2.249477504803962802e-01
1.374124391711622595e+00
4.989462327373996864e-01
-2.042192947913986853e-02
4.526002768245841468e-01
-3.739215862913458643e-01
-2.818401028525127083e-01
7.136835819728531982e-01
1.032880337295078776e+00
-4.620745894253256436e-01
1.078975701530401565e+00
1.673277625167734151e+00
7.075723430854046203e-01
2.135631854011653119e-01
1.123794199087143619e+00
9.788052219067159276e-01
8.865838192022680309e-01
2.183832812471957485e-01
1.135374808290298132e+00
9.023106757091516050e-02
4.725461335238214100e-01
9.619098031379661462e-01
7.136179498792091236e-01
8.959859107261125555e-01
4.203437786445445301e-01
-1.279717546024068953e-01
-1.320503200636933550e-01
5.286654541469467672e-01
-1.191189160414207748e-01
-6.603888869013911922e-01
-1.893559287914517997e-01
4.145120631810009781e-01
2.313770097527057257e-01
5.993995776054531488e-01
1.372854533247110487e+00
3.061365970222573729e-01
5.250836674956300687e-01
1.080246858213941730e+00
1.194843393499014361e+00
1.172190835678415421e+00
8.886629887571158015e-01
-3.868549587837655235e-01
-4.071808957811395291e-01
-4.544481588182046061e-01
-6.041058284765675745e-01
1.271824130422930743e+00
3.276439297664197059e-01
-4.620445062453405471e-01
9.869535409859673258e-01
8.772489055383682066e-01
3.585072556388529397e-01
-5.505081988021068851e-01
3.087223149471900463e-01
3.309623175918277593e-01
-7.001034551597973277e-02
6.749640565350571997e-01
3.687330649755880541e-01
9.412236763000995099e-01
5.224033613608251025e-01
-1.326107582165744647e+00
-1.201455827533845500e-02
-8.799021202522234741e-01
3.791382961291313025e-01
3.842744867718472790e-01
1.418164142722885268e+00
3.089634261093585077e-01
5.429748103290290562e-01
3.532405083731616768e-01
3.189088343279051774e-01
7.635096057615908816e-02
2.094415748322903115e-01
9.786959535092470963e-01
1.059177151495843683e+00
1.942337166409637550e-01
6.055031492005289451e-01
2.012914117261712377e-01
5.453069686528807525e-01
-8.988056549780434334e-01
7.811034547988119359e-01
9.538376916977650000e-01
1.951546440232448387e-01
-2.900763004258327671e-01
1.289980964184598955e+00
1.804368342412242976e+00
1.241539964912862892e+00
5.531032672811453388e-01
1.094854655073322691e+00
6.491330664979600984e-01
6.470802978334930788e-01
9.865827762423073910e-01
-3.819209079651654237e-01
1.421521449796658620e+00
5.952430801690264950e-01
1.563436236641926991e+00
-1.123197450579076495e-01
4.588311458008816901e-01
-3.963946724516650977e-01
1.374834276760553031e+00
6.000291406818767381e-01
9.827353222443472314e-01
1.405994112429428400e+00
-2.648066108841018451e-01
6.454775630622741622e-02
7.268688753662105873e-01
-2.965395266504242677e-01
4.726463190558883309e-01
1.732121240172843191e+00
-1.194296860464223731e-01
-2.467095516314320447e-01
2.431953580972406881e-01
1.762267463601299711e-02
1.723342790650339851e-01
1.726944836978738351e+00
9.277243616166456208e-01
5.930124344206932907e-01
5.360875201189856387e-01
9.219153727954001454e-01
-4.578150095991779800e-01
1.549151863967767717e+00
1.579374383305864216e+00
6.351917662365124118e-01
-5.928950937346446626e-01
-3.583098821741091955e-01
9.711284573629775929e-01
1.222224505595463695e+00
6.747704397877534177e-01
1.142152260928443797e+00
1.620114323329311379e+00
4.549119747278309034e-01
4.621260942539758831e-01
7.381974489833735831e-01
1.536853618675265487e+00
2.604417488152530047e-01
5.461072113833458364e-01
3.040341741771089845e-01
9.641108812679543005e-01
1.638819289922325728e+00
3.093868654389605455e-01
1.247878145301178354e-01
6.934068227335519197e-01
3.343984723245944646e-01
3.350564408721410370e-01
-2.924369842071881664e-01
7.425330784649945837e-02
7.558394991666917972e-01
1.184048206892924338e+00
9.949583779109283377e-02
4.142442859070098460e-01
9.621291304582699766e-01
8.958884336058103859e-01
-1.523652635504955943e-01
-9.266782462182335256e-02
1.204528036418038850e+00
8.115054018993449469e-01
1.931618594323532223e+00
1.705658908102886340e+00
8.691031272753283465e-01
9.671921745328884157e-01
4.741841932889629962e-01
2.265278915197170284e-01
3.417526818269306932e-01
1.340759959111277988e+00
4.614749852052145718e-01
1.497098318691356456e+00
1.608769208782382665e-01
3.846400096049229500e-02
5.414087654902765001e-01
1.081426379176803509e+00
6.118735876660801321e-01
-6.759166712837201274e-01
4.313455841672203528e-01
8.115838596081351719e-01
1.324252512111413260e+00
2.309376594887053991e-02
7.766830506536531731e-01
-6.121046755266741357e-01
8.124359270199613681e-01
8.481355000694921209e-01
1.834257108166508443e+00
-5.562873031337369767e-01
4.957111723822781035e-02
5.526065791293170992e-01
1.282557694435751516e+00
1.062934937349451658e+00
-1.014673387620626532e-01
7.847136167037641608e-01
2.438813644517290602e-01
-3.220502803429323713e-01
-2.939667806031687203e-01
-5.343240922754323163e-01
-1.465530153705472266e-02
1.835113129226114026e+00
2.192279153113799728e-01
1.469167283607643926e+00
1.099619135752661236e+00
2.649435896808846058e-01
1.313131027973546416e+00
1.192938965976007237e+00
8.050015603090704408e-01
-1.217096408952239445e-01
-9.306568965391033565e-02
7.241438576864155374e-01
2.610948928663392454e-01
9.527749742950989420e-01
-2.089351512398371358e-01
3.589916301199016502e-01
-4.104488090487737884e-01
1.378687230836734556e-01
7.751583897937526224e-01
1.188524378907257831e-02
-9.339726702515086521e-01
6.729458706084952002e-01
3.075726966747091007e-01
1.387010288183037954e+00
1.087579548704479482e+00
5.286620520970426451e-01
-2.124348537393435099e-01
1.726888012029490715e+00
-4.798874266852812265e-01
4.975008496437355321e-01
2.046363184061401885e-01
1.442443547223804634e+00
6.059557517107192481e-01
-7.601004052293329483e-02
4.171069916303126734e-01
1.529245823636534052e+00
7.580109778817499533e-02
-2.856177945265974683e-01
8.413355047223158856e-01
1.188634426141869760e+00
1.187322621526693434e+00
-8.362830621765787731e-01
7.419482579248501963e-01
1.340266258413709277e+00
2.945480294514067898e-01
1.336526310533453943e+00
7.317154093596907050e-01
9.123861022697707934e-01
1.451372859814737737e+00
6.755530153154377243e-03
1.225541865314279555e+00
8.166840346572484810e-01
7.186029843535148842e-01
7.815040959691168521e-01
1.368439711563013694e-01
-2.355857855238941145e-01
1.323540361921778263e+00
1.647095502697818015e+00
8.429279944013822190e-01
7.731190221687770370e-01
8.016047256325081749e-01
9.669619017733672717e-01
5.755309347557444610e-01
7.726727058184216235e-01
-1.961254052986539376e-01
3.927054358668193301e-01
-1.119281699527277241e-01
3.271515222246021426e-01
2.183211146832483018e-01
9.302053118704758372e-01
1.536263325405050839e+00
4.265033983053571065e-01
5.033575873025527558e-01
-9.912835956723349273e-01
4.215725887492772772e-01
5.110754379152093740e-01
1.098692418809773752e+00
4.366897734182884627e-01
1.077975288704949408e+00
-6.383735012479421211e-01
-6.575733394915385110e-01
-1.059801006267967194e-01
5.073347700378519898e-01
4.487718925837339001e-01
-1.055708677944928287e+00
-3.155112234331310384e-01
-3.689597191507918428e-01
5.849901709192136812e-01
4.990607627988618011e-01
1.003888887232871285e+00
-5.662318197731703862e-01
1.473635499089850587e+00
5.022510845587170314e-01
-7.628224257821718535e-01
1.578224177148446483e-01
1.176245732371191122e-01
5.556795028263825653e-01
7.375481021671056459e-01
1.409909733138586141e+00
3.416674138344004685e-01
1.227976979195914087e+00
-6.560130687809670458e-02
1.141897028581934537e+00
2.983898544086172056e-01
2.398696356248565809e-01
1.083594896940323293e+00
7.005270789080197957e-01
8.535214612475553464e-01
6.150852581279256936e-01
7.296469593071095439e-01
3.334369669091563071e-01
-4.424410303339728623e-01
1.703932863581817836e+00
4.193163438584952551e-01
9.824177589632320240e-01
-6.351182771370059710e-01
8.996301517311614537e-01
1.565616214245918902e+00
1.163906974783773141e+00
3.488897859474102692e-01
-2.747502803393238047e-01
1.013889444238987636e+00
-8.383370048702981636e-01
1.595476839366988253e-01
-5.604197821229339738e-01
-1.359378195898872932e-01
6.774701136355800735e-01
1.219632410689703711e-01
2.036972304599894645e+00
-1.242970273557941208e-01
-7.686458488518620180e-02
9.211078321975056937e-01
-1.964323932061807776e-01
1.051084454418951042e+00
5.731463724287061412e-01
8.253385569864091220e-01
-2.780994292474859853e-01
9.625156159131802447e-01
1.287822512554432919e+00
-6.662780472121477837e-01
7.656930293805279675e-01
1.196555040840306283e+00
3.181635430766306394e-01
1.683097593153360272e+00
1.558138091166887840e+00
3.853160036762619534e-01
-5.039799253516213939e-02
9.288171120245258816e-01
-5.542891121314994507e-01
8.893630575706028552e-01
1.242184833742117522e+00
8.319838361982999642e-01
5.450226263238160396e-01
3.968517568425024566e-01
3.904964405228958380e-03
6.491376371103328990e-01
-4.773215004097571268e-01
1.067389532024722198e+00
-5.092999932191307755e-01
5.805344493252458798e-02
1.241746357705679760e+00
1.950054016177939498e-01
5.998511863381297271e-01
4.264334327454893381e-01
2.530634837551377636e-01
1.906429446133816111e-02
1.262595927141950902e+00
3.468264492078669825e-01
6.650249763201854236e-01
2.795195556989348296e-01
5.534171319453772275e-01
1.586169987060977449e-01
-1.084148505576039007e-01
2.064603608571616289e-01
-5.906495149349096918e-01
1.171295025299424086e+00
7.218093773681766301e-01
2.593726886376020169e-02
-7.130755796854444661e-02
2.565360819004404158e-01
1.107667414026365149e+00
-3.780083520060609770e-01
5.859372191212376402e-01
2.107200572548219020e-01
-2.613405678668050403e-01
-3.091379737859006882e-01
2.853269905129780515e+00
2.195540597104790326e-01
2.293449972400015968e-01
4.752403834676249134e-02
-5.930823868519404796e-01
9.332701877494106735e-02
4.241325058696903127e-01
6.494413648039010223e-02
6.409523848797639145e-01
1.059414973365082613e+00
3.011810973662107371e-01
-2.643382806651921602e-01
2.069229198236478551e-01
-9.843744809007080043e-01
1.240073824362020183e+00
-1.342289896256106813e-02
1.756016553444653128e-01
1.212755513149191833e+00
1.282511553556791029e+00
6.421822888213324365e-01
5.066275926926866457e-01
-1.074399580850889935e+00
1.122661528237318018e+00
8.487560066780061585e-02
1.043108526728109720e+00
7.887006980485636864e-01
8.897832059099358704e-01
1.422646434814883731e+00
1.229725350400623363e+00
5.552161938737106839e-01
-3.289736328806057708e-01
1.911874966087165340e-01
7.888411059741147202e-01
6.402247570018035905e-01
1.584618084484783473e+00
6.642529284247407073e-01
6.382668937323393576e-01
8.094498656771694778e-01
8.557503318030509343e-01
2.681683253116108889e-01
-4.104258972737901967e-01
1.020449911995218839e+00
4.283717948074629023e-01
7.448283388928996773e-01
4.531327912596792018e-01
8.914022128868827055e-01
-3.171878387395428434e-02
1.378767305143674626e+00
3.048825596329733378e-01
7.182273751107058901e-01
8.954488891117937666e-01
9.332667064701796744e-02
5.238535012689732318e-01
7.126990895746628807e-01
3.754891656855917359e-02
6.917531816283417623e-01
8.667909334307559721e-01
1.444305359207989081e+00
1.049148471071388977e+00
2.028202060199332024e+00
8.352804457220298628e-01
-2.883059149177342184e-01
-7.831262295090157810e-02
-3.554066981773533196e-01
1.044008595728759481e+00
8.018900002310311859e-01
-5.800998446256490082e-01
1.258259269694250060e+00
-6.768083058935248086e-01
1.141878189430532431e-01
-5.605601744805595033e-01
-4.263207839109214303e-01
8.244404521187769230e-01
8.573367804430900296e-01
1.196623452720466885e+00
4.371032841045658923e-01
1.227270426015737215e+00
1.268853154497259661e+00
1.153363090506287714e+00
5.583750597044041530e-01
-3.704575650161731626e-01
1.509718985626697485e+00
5.809419214876993670e-02
3.048391079381471136e-01
1.607880784411956643e-02
1.508975807557906001e-01
8.006531560832441663e-01
2.930563008534617930e-01
2.614988307633179243e-01
9.908451636633139881e-01
7.483394651468489034e-01
1.303424958164383085e+00
-1.290213828936794815e-01
-3.021365173264906612e-01
3.462657261650417539e-02
7.122986172734172561e-01
-6.596425723717068701e-01
6.940142708252725612e-01
4.203267412061061359e-01
-6.400588364314283574e-01
-9.489054109242796298e-02
4.417347577833766747e-01
5.252076714394363632e-01
-8.855092534087640743e-01
1.111594674359349444e+00
3.159232032916098332e-01
1.021452525620076601e+00
-6.733157165527185739e-03
-6.536998978423248785e-02
4.822213615454447599e-01
1.372538471178787189e-01
4.071200755041810559e-01
-2.068327766224566655e-01
1.425364180117371093e+00
-3.794955948849625393e-01
1.270285456278038849e-01
2.387860032054519577e-01
1.007384215610640066e+00
2.243875578992363951e-01
1.284643297952653140e-01
2.782590360053890377e-01
8.589933775658734616e-01
-2.282586131653606687e-01
6.571408175886699343e-01
-3.538357754403637090e-01
8.059901580413196820e-01
-8.450935247890710711e-01
1.252688155892782262e+00
7.532639918660106737e-01
-1.557413417558052848e-01
5.640521066476755774e-01
4.333092780368624775e-01
-3.932902113047614390e-01
1.998171945628772317e+00
1.184297645688432210e+00
5.297823826925243118e-01
-1.156136917611583659e+00
-2.571112626150598990e-01
4.417990957933308205e-01
9.641817864197688159e-01
1.598222284370356183e+00
6.175927096079720791e-01
1.105955905488506863e+00
8.639669768460858101e-01
5.823944626824504311e-01
5.852547108411567667e-01
1.766379196487938286e+00
3.290052780271485178e-02
7.618815690358655690e-01
1.505461321387092655e+00
9.997168510245699746e-01
1.614148686867754590e+00
9.663057677344739638e-01
-2.031843285299254898e-01
1.795069730662015361e+00
9.163598018958710734e-01
3.179697994702471164e-02
1.217790286374616837e+00
1.074493734981205595e+00
1.092817595929534757e+00
-7.837625005702775205e-01
2.030549758327079957e+00
2.676852629984133869e-01
9.916023015870316648e-01
-6.345499186790790058e-02
5.128643295826396109e-01
1.356187641321717763e+00
5.909972757421555478e-01
1.533931133551755810e+00
7.331341342322235111e-01
-3.802728454248870960e-01
4.154399906670366849e-01
7.352490485860697922e-02
8.144028532162852496e-01
1.300055329670022131e+00
5.097710978703633433e-01
1.289533028757763544e+00
-1.655250335115860949e-01
3.457811935056673280e-01
-4.902627595361278567e-01
3.111491738735466805e-01
1.362250459221218346e+00
6.864373707465646346e-01
1.027517923921094312e+00
4.948462074149628798e-01
7.436635889880857664e-02
7.087377902302564037e-01
5.390095472949977262e-01
1.020523433647864131e+00
1.642414990870498137e+00
-3.151387126889778068e-01
1.831202701796327048e+00
9.385925655763960318e-01
4.655886686761802062e-01
-9.250198955212787233e-01
-4.194167347629025877e-01
-2.318789434883875289e-01
1.340107099386061096e+00
-4.422954414240736626e-02
-7.090162222518278101e-01
-4.063716731319589326e-01
6.553592044057138244e-01
-1.812638079815885317e-01
9.451471207840250743e-01
4.186147454412573743e-01
-1.950248342619440023e-01
5.004126384765630320e-01
1.185483265890282079e+00
-6.979699783553390269e-01
7.331270295024637784e-01
7.005413554653485697e-01
-5.010543388105107576e-01
8.214403369495653084e-01
1.617247112579129453e+00
1.892172682191312072e-01
7.262602477864348316e-01
1.026602758207344895e-02
1.166352144223727683e+00
1.334905677969604021e+00
8.229177556113296266e-01
-2.575088691729132129e-01
3.308931521874124426e-01
4.793446824600313683e-01
3.466269435573829938e-01
3.220690128224426574e-01
8.009319715263837347e-01
1.611315797268269012e+00
1.860681499604664557e+00
-6.476654376865975671e-02
9.141539235158150367e-01
5.071138502752663424e-01
1.113882289570585105e+00
5.256874961650518374e-01
9.821567663823618233e-01
6.797076588291794952e-01
2.139475094097152974e-01
9.905152308812832374e-01
3.007388356056871909e-02
-1.789984435881085134e-01
1.165995256180421824e-01
9.299985927593322765e-01
-7.378437508724039473e-01
2.214752162460531248e-01
-5.299965341862204055e-02
-2.003490440686867546e-01
-1.258551554528748728e-01
1.385558392258509804e-02
1.431099961881276694e-01
2.510401737938174893e-01
6.740419988641968008e-01
-8.288292405544290808e-01
-3.284583275341523834e-01
1.009061845997117013e+00
-1.567712221461387001e-01
-1.191822597255582039e+00
1.153523138612596810e+00
-2.486142840269870563e-02
1.022991342556709427e+00
4.317498468262835343e-01
7.846572641284821348e-01
-2.529965415575870513e-01
1.018020955915487358e-01
6.140557983255577890e-01
6.542344696023691952e-01
1.010690112221520165e+00
1.448229425996182096e+00
2.741416378672551502e-01
1.088462712673145427e+00
1.525113274319578105e+00
-5.098021406598044480e-01
1.000860233478531036e+00
1.352114819108533872e-01
7.297848059999222370e-01
2.898538248569299536e-01
-1.524132494582385866e-01
9.237722553784623036e-01
1.258260540885568490e+00
-2.718453271351633505e-01
9.873979201517883997e-01
9.768871239039023102e-01
7.586999179741635846e-01
-3.881852622109836087e-02
-2.762493058381009225e-01
6.890159038119965107e-01
7.316812032037064428e-01
-4.398482342851959270e-01
8.195367567829098254e-01
1.425460213067429649e+00
-5.901988258906070151e-01
-3.632998224924726127e-01
2.656065899963000465e-01
2.339292099889127119e+00
6.290381360677571587e-01
-3.769648749462565368e-02
-2.560095732756586528e-01
-1.107182976825253212e-01
1.237290642069042379e+00
8.220537617742582626e-01
4.995463424583644896e-01
1.126798132717207857e+00
1.441169522699283334e+00
5.999994201069890343e-01
-3.989919081295292269e-01
2.690079476149770943e-01
1.253029274218564026e+00
-5.718886988726707560e-03
2.394764013434017014e-01
5.413144849018759475e-01
-1.882600493693244170e-01
1.187593830200014855e+00
9.061236388021900456e-01
-9.443860786859806233e-02
1.203433041216199539e+00
1.014697528637501789e-01
5.465859087098640101e-01
7.868869155797605375e-01
-5.586588110223991710e-02
1.309366591349395925e+00
9.645342300243563427e-01
1.038602876933072849e+00
1.691271601280573078e+00
8.880053025491579932e-02
6.119889467805315064e-01
1.790744568694430550e+00
8.357901322083504114e-01
8.939354898459541676e-01
-8.168370053417042809e-02
5.929996150322979220e-01
-3.407432166252515326e-01
6.266453620875351849e-01
4.199854994655280449e-01
-1.284975454290467889e-01
5.953602091591141399e-01
1.047987321181068410e+00
3.718868634714938559e-01
7.617505516065652404e-01
-3.274867677046733871e-01
-5.258473498262572488e-01
7.972627038926517473e-01
9.685833510350742026e-01
1.517601477244957808e-01
8.247368236444097001e-01
7.050418911814591016e-01
7.091575934202382081e-01
1.537340165813745996e+00
6.047346273955778173e-01
-1.032343447588525587e+00
4.756078499647100610e-01
3.744545573343321943e-01
9.241049828388546439e-02
3.495528523150195355e-01
-1.017606860545924863e-01
1.205470062624724337e+00
1.381725767583005027e+00
8.955104449504143194e-01
2.570341116570141193e-01
4.481522972468974242e-01
4.708429700066746326e-01
6.838111638896416933e-01
-2.251668819251753106e-01
1.548628146905363323e+00
2.768382995712284078e-01
1.086419077918169274e+00
-6.061602138142782037e-01
8.374442668119874700e-01
1.335549476594863894e-01
3.669871458287854438e-01
9.582153916333886468e-01
1.323348651542989751e+00
2.880573160807367028e-01
5.593319086495252002e-01
9.094468749979618405e-01
2.429196112852541889e-01
7.655120343971062447e-01
-5.884337610407017749e-01
2.170115534855025785e-01
-1.002301084005475379e-01
1.932076572542025250e-01
1.293351496669550293e+00
4.859606413843854944e-01
1.193032996936662871e+00
1.229545934441053229e-01
3.696457937126269577e-01
2.266234312920361871e-01
1.090971004938386280e+00
-7.718933107595631060e-03
3.831979375181735481e-01
1.087505853632925845e+00
9.460061264282974003e-01
1.573657239015768816e+00
7.862964253555190797e-02
1.152615923062298320e+00
-3.117854939550691040e-01
5.851358412640423889e-01
-4.805608686203045044e-01
6.025233104896813296e-01
6.384998863125261881e-01
-1.277818896196323828e-01
1.078200750003715180e+00
9.695150381067647594e-01
1.346595125686049776e+00
7.171584900232195192e-01
1.199238787440443765e+00
8.686748635376676519e-01
4.649755000579322561e-01
3.534853996845440660e-01
7.959544945381034076e-01
3.486872681285693720e-01
1.045363112431126007e+00
9.800446329404026713e-01
-1.120301810849103075e-01
-2.779616009418850453e-01
-1.151614295149328282e-01
3.976060474349383256e-01
-1.279662467062120945e-01
1.093852210500622757e+00
1.299699612785898753e-02
-8.406914126252136299e-01
5.837737474935410509e-01
7.527126379769277786e-01
3.353592974819032402e-01
2.876365581271363436e-01
-1.535853146533675828e-01
8.863346611495388494e-01
1.212621238134427015e+00
1.122622780058371988e-01
-5.319537705009826922e-01
9.812059505048529306e-01
6.492173999616615010e-01
-2.463582639321329482e-01
1.001701065188092654e+00
-4.360758519123519306e-01
7.336353733032041635e-01
1.272580178873091716e+00
4.689809087417268763e-01
7.776525341242633838e-01
6.660363646761837675e-01
2.339363211932145303e-01
3.738004041498732555e-01
-1.981054043156900424e-02
-8.311921552549490499e-01
4.278129418182347043e-01
1.082646197939610255e+00
1.373731086722879136e-02
-6.854184503427858399e-02
1.368661244710041247e+00
6.208150329523661609e-02
5.022465999731211550e-01
1.674807722036002700e+00
1.493537168810592730e+00
8.172558774915688051e-01
-9.995689184045775111e-02
6.076879797465735145e-01
1.230831335967268701e-02
9.562912357599580027e-01
3.021828689520750788e-01
9.380891885311484213e-01
-4.230665627291556041e-01
5.195490665970947664e-01
1.520537531614076787e-01
5.763711816929870668e-01
5.763423043823602265e-01
4.685415338101846516e-01
1.159195226969774950e+00
8.090410436438918440e-01
1.279916905250780834e+00
4.928601541480156500e-01
1.528897510028733309e-01
4.751810314734923324e-01
7.262048074946249043e-01
8.781726119950611364e-01
1.064982154251647717e-01
-7.547619916223083925e-01
4.753185872196961093e-01
9.706850953402800242e-01
8.549604552965831550e-01
2.936680740869100359e-01
1.053781638183397762e+00
8.669167929835712716e-01
8.772635803241820573e-01
9.444085333288197992e-01
-5.116628778230573049e-01
-2.358514661756936359e-01
1.181251350173831982e+00
-2.494894265069273753e-01
6.120482361982806374e-01
4.733892580633728975e-01
6.078927284617251514e-01
1.176070212673045123e+00
1.339328752206468520e+00
7.897562137391855863e-01
1.367630087595272270e+00
1.500071608930542144e+00
1.634603307774389558e+00
1.454041209700656978e+00
1.272466697318576978e+00
1.133052469140187757e+00
-1.021163141571767990e-01
6.820002430845665264e-01
4.123135911391271335e-01
-7.632587696243101072e-02
1.368130219377085011e+00
6.190760636624629276e-01
3.663810368344672663e-01
9.982618589702794976e-02
1.019208243614042608e+00
2.975136825795843820e-01
1.911812287127475085e-01
-1.169982824358692719e+00
2.645503271608096174e-01
7.692321610630763473e-01
8.330990165356719768e-01
7.225437650211612162e-02
-6.408832708014292612e-01
6.378943721160009739e-01
6.976127245054924986e-01
1.238507893244177316e+00
1.129681324777089158e+00
1.028704960022909454e+00
-7.871819155195099171e-02
5.307969226828279652e-01
5.347250944140494178e-02
1.353942766337381309e+00
-1.481460605278101667e-02
-2.983714490783034301e-01
8.869881729123230141e-02
3.484123353874642448e-01
1.498908730396693922e+00
1.071985453928031573e+00
8.916328839781776372e-01
1.175535284487567944e+00
9.023883903738119105e-01
2.427070528352376910e-01
1.011448643852461249e+00
-1.235836833051926209e-01
3.794892340619927806e-02
1.012254888924308371e+00
1.109587013189720570e-02
-4.602477514187666152e-01
1.004428320735336166e+00
-1.546394169709544297e-01
9.745748088256397379e-01
-4.914919727832978702e-01
3.514055595451315989e-02
1.269906473196378560e-01
1.373628991911102493e-01
1.068114671021809237e+00
-3.724018091045357415e-01
9.770706113170105622e-01
6.408613976069962859e-02
4.084341405833923910e-01
5.019175074072463882e-01
2.981425430780948460e-01
4.476370899526503355e-01
8.263813311753539503e-01
-8.173840947935350210e-01
7.996340216797437339e-01
1.654265994510106363e+00
-5.530118009815410129e-02
8.869424865615477271e-01
5.893109258641735515e-01
4.003197364613400033e-01
-3.356525335646295405e-01
-1.499101157513574867e-01
8.854874061737605384e-01
7.934579368107746999e-01
1.180244787254004946e+00
-2.316290251352069729e-01
1.276869281906702014e+00
-9.588498538382663750e-01
1.208787886819697510e+00
7.786091832345690134e-02
7.186252249236461109e-01
-5.316547517923236876e-01
1.869721167482910396e+00
6.695978014994253824e-01
-9.512759590697820178e-01
8.271729224805389746e-01
8.260046320745862980e-01
1.300664390820258864e+00
3.497964652144446851e-01
4.418486142914027637e-01
-5.787350558547165180e-01
6.274001163243866364e-01
1.390860305776022710e+00
-9.923990612496603747e-01
7.068706851369327415e-01
5.508284623684323034e-01
2.367276581422704806e-01
4.731931490160616316e-01
2.969540172312390425e-01
4.102033450461076147e-01
7.050900982594552335e-01
6.222795023181255658e-01
5.090099495211061198e-01
8.308302385138285340e-01
1.384883261221490303e+00
-7.191906451519777810e-02
1.805707141768847779e-01
1.686498020505089679e+00
2.233574323764781488e-01
1.059020075579368975e-01
1.170789919911453536e+00
4.596185608656529475e-01
5.514355169203092322e-01
1.665882633452312689e+00
2.073502876249127547e-01
-8.809064407832806198e-02
1.459673168587996006e+00
6.343966445925154352e-01
2.352288988458384189e-01
6.054423814510068169e-01
1.005562660800612074e+00
9.203951445532811970e-01
1.056695039835640060e+00
1.082964633943088950e+00
1.574452524522245600e+00
8.494797586120279576e-01
8.433028900019132745e-01
1.122096876228129814e+00
2.755340808179351786e-01
-2.350533410313361826e-01
-1.308493791134303086e-01
-2.264248269977755246e-01
-6.153749230533610559e-01
-6.226750938004026459e-01
6.657113413619637488e-01
3.318311623827229773e-01
2.071113817926884426e+00
1.024636428861103843e+00
2.033132619292102872e-01
5.496076664960318769e-01
-6.655314657995515804e-01
-2.777820556972271926e-01
-5.535409806013404932e-01
-9.341119165620059839e-02
3.523723570767171576e-01
1.467473889044467183e-01
3.171036951654063740e-01
1.974524720944991762e-01
1.036320242541393988e+00
4.025888981134614353e-01
1.597741746743818470e-01
5.414435385826499303e-01
9.883185511027159365e-01
1.184643432701111054e+00
-3.356000413546791350e-01
7.479542289891405460e-01
9.189005365581219831e-01
6.116897053804768447e-01
3.596160313174871503e-01
8.892962725690082282e-01
1.409393586506760276e-01
3.246109169791583371e-02
4.276866952856656634e-01
1.219962216366833954e-02
1.215876249574123769e+00
1.576514053216589328e+00
3.007987154140892572e-01
1.018712440061095403e+00
-3.600753679229413140e-01
4.253012696196497577e-01
1.007360369624567875e+00
1.030037130197663187e+00
-4.543005754095156279e-01
1.269949007020968024e+00
-9.334665049650885116e-02
1.290382629175601759e+00
7.475405232308407477e-01
-1.010985555344799725e+00
1.470904408650490103e+00
7.818745980848050836e-01
6.395198875008589745e-01
-1.241215541870596267e-01
-3.327940436259576029e-01
1.133413000843794816e+00
-3.450123674232338095e-02
-1.874859959754343053e-01
4.657307550412618791e-01
9.347878142760741582e-01
-2.360650193877659730e-01
-3.849319307234038701e-01
3.610670111416621753e-01
-1.276972409462770637e-02
-2.116450535398203270e-01
-3.689806675553811699e-01
5.164022191972735820e-01
9.457681557713232268e-01
-6.023289036664656315e-01
9.579966166752151846e-01
-9.000266113167959547e-01
7.791264885614254121e-01
4.548872147016879697e-01
1.972204835195722206e-01
3.153922310714711852e-01
1.170066422016715180e+00
2.712966041402577466e-01
-9.908674837044459949e-01
2.008912508793031293e+00
1.282568472617471533e+00
6.354575146802018404e-01
1.330749254431817796e+00
1.513527421284002639e+00
-5.902033197843203904e-01
5.643945374860184216e-01
1.138196238265485549e+00
2.104978979330539346e+00
-4.729828740263103959e-01
-1.592426438467194061e-04
1.061620205281581963e+00
4.126827876186018873e-01
-4.327037821548107566e-01
9.704196940412632699e-01
-2.751892051630561720e-01
3.991131975070957294e-01
6.473080429727500196e-01
1.110576053945990127e+00
4.792666744041896854e-01
3.634676236818173978e-01
-1.844476843444401992e-01
1.024123178262974498e-01
-1.022961172241680261e+00
1.552096939053940083e+00
3.948692641309118900e-01
8.450082186325716949e-01
3.863808664218477129e-01
1.272802486669248889e+00
-5.297281695552064767e-02
-1.543474216587019388e-01
6.852406212650791195e-01
-4.483859391081564116e-02
-5.468273950138886619e-01
-5.602830476478287691e-01
2.044415787683777352e-01
1.871629318692384247e+00
-9.676387195185795487e-02
6.028776489254816795e-01
5.306579829354621802e-01
4.269311866180356407e-01
2.293395443210672069e-01
4.118806532435435597e-01
-3.105182040824580603e-02
6.415772491943015909e-01
3.683653876260902238e-01
-5.345044190906043102e-01
4.379090890704405159e-01
-9.561781369204971348e-01
6.538750041119578693e-01
1.187969487083159414e+00
7.086926506264700221e-01
7.484877888172024596e-01
1.902436487599882264e-01
5.584397705186041616e-01
-3.694364415294552062e-01
1.063013960016649495e+00
1.037606868956392425e+00
8.346433642518307217e-01
1.337467382575762365e+00
6.086787975624494695e-01
8.332636200134326820e-01
4.240738741835175518e-01
2.673823595963272792e-01
-7.528641286678511291e-01
8.175644035299006740e-01
-5.679313537175793847e-02
7.595015051681273111e-01
-1.260403450593289842e-01
1.561212739559713736e+00
1.235497558287395270e+00
-1.225098123750686607e+00
3.220912745489403761e-01
3.508396084695425410e-01
4.421957203907172507e-01
2.816144162743621782e-01
1.579374708293411311e+00
1.129411315293885609e+00
5.869092616389248729e-01
1.955373450577916783e+00
3.960882236774971865e-01
2.553288581309611782e-01
-5.030557485224311787e-01
2.503890434776993579e-01
4.628344824658720547e-01
1.878972422752975546e-01
7.657113147198914005e-01
1.896895567933361837e-01
1.735795979794072963e+00
6.509257783344150061e-01
7.408947352856042334e-01
9.032131161201678582e-01
6.202204392825171331e-01
5.512735159638582072e-01
3.144457410120918284e-01
1.619467098275160000e+00
6.787747776150286905e-01
3.837715149847434892e-01
-1.195531181210326976e-01
6.120568488576307864e-01
3.503267299064475315e-01
-4.210853072354218685e-01
8.485434807581260230e-01
6.700295029521668999e-01
2.627543889684129663e-01
1.156651743182912639e-02
5.107325477940067859e-01
7.726546208470006505e-01
4.733157709642531463e-01
1.048793723992309301e+00
1.591326187826787253e+00
1.043368372538557853e-01
1.074002436552025763e+00
2.973845831550013807e-01
5.356945584741797939e-01
-7.602536712783475314e-01
1.110644197106577025e+00
4.832084635552032492e-01
1.274096974876753441e+00
1.950391453120329910e+00
1.524978250580495132e-01
-7.134293989620038579e-01
1.294502196691388551e+00
2.686026613807174224e-01
-2.079193895613462018e-01
6.891200990641346280e-01
1.202321240896764704e-01
1.169170473236297969e+00
6.611606086156814888e-01
-9.941284125544949113e-01
-1.091162594577716957e-02
9.205907038798167852e-01
8.529283894971941837e-01
9.591172397907232750e-01
6.534354042175654076e-01
1.407091213261789653e+00
-3.743405412961087197e-01
1.866856323608832580e-01
8.248961054125365511e-01
1.117079944426344840e+00
-4.951827795244561625e-01
1.122832428113604841e+00
1.164045266976514004e+00
1.145792992831697887e+00
-1.655038194376957095e-01
1.610346208576503235e+00
-2.025606508248236626e-01
3.600565003194629021e-01
8.754596234153725343e-01
3.529835270772396227e-01
4.244536226420881908e-01
2.241706575731218509e-01
1.476949802636908782e+00
7.939945485161840066e-01
3.326102626781847760e-01
-7.049343311843156434e-02
7.331690495316451894e-01
6.699217953359257738e-01
7.230351658691243077e-01
7.567626676954150033e-01
9.745442082746540446e-01
1.516340651180896115e+00
8.501870714128848538e-01
-9.393565915664082722e-01
8.069912007622669359e-01
-2.052521720068908873e-04
2.306269299306250853e-01
1.531859264105541185e-01
3.728774144411647895e-01
4.836099682882064599e-01
1.479775927782867706e+00
9.734312785471336271e-01
1.013259248477666352e+00
1.327326101714031203e+00
9.249114250675728455e-01
5.218931429082311890e-01
3.210397759863605205e-01
1.643201937973226112e+00
-3.382337114137122791e-01
4.285057603883679622e-01
1.203732566465985476e+00
1.708146832639867885e+00
5.110461363329127371e-01
-6.834863678023798961e-02
1.119524699797249001e+00
2.801692230230143354e-01
7.004214324620577914e-01
1.228801286344012728e-01
7.964120639262185497e-01
-7.582177386086420834e-02
-6.138679111283905643e-01
-2.716786159536495604e-01
1.721325811186069366e-01
8.646352277585157564e-01
-4.458088690058476522e-01
4.146652879972919647e-01
-2.335445762618211796e-01
-3.174136936479939330e-01
2.379603231089058024e-01
-2.637280499800091493e-01
5.933477599630569976e-01
1.136111000199283572e+00
1.466522159679317427e+00
4.559785696393976462e-01
7.479867390481134137e-01
1.046666147179163842e+00
-8.747880585919037832e-02
4.304950140822360050e-01
7.944838405379510693e-01
-1.205647973001677808e-01
4.029627157791422776e-01
1.570083717715196059e+00
2.226276574555558496e-01
1.438887481711037974e+00
-9.757159211301467960e-02
6.347396380788428161e-01
7.005597431100292205e-01
5.396478867620202458e-01
1.803317161468330987e+00
1.445771877791260485e+00
9.555956910380835057e-01
6.586107919683511502e-01
1.840291294136664202e-01
5.267122582299590405e-01
-2.988290856231669637e-02
1.137507864809583547e+00
-1.045833566058361475e-01
2.715475853889046109e-02
-5.188490590881978531e-02
-6.456614364300702347e-01
-4.497141374220643695e-02
2.212053568126363251e-02
3.465020372021759831e-01
9.188110369283092327e-01
4.555257936906398908e-01
1.453467344500699587e+00
1.201870792327883519e+00
9.028821035838562326e-01
1.020205743848402458e+00
7.888687903927881218e-01
5.908861398937895748e-01
1.189452580273671956e+00
1.337778029118837475e+00
1.498355324273815015e+00
1.421385612650812202e+00
1.098050663329591448e+00
6.284335982833101353e-01
-1.207624496480867587e-01
1.028918453439612746e+00
9.779418022731778404e-01
8.604214251321192775e-01
5.019616473698856884e-01
-6.138276021567866669e-01
4.916748701856178960e-01
-3.755505201094049006e-02
5.210652038231212702e-01
-4.695331234878085680e-01
-3.575271702088186898e-01
-2.982174018067257903e-01
-2.995467488780408916e-01
2.608833555529274650e-01
3.059226608881778775e-01
2.444448634531566911e-01
3.973431803051602484e-01
2.121661591043407236e-01
8.890853172872843491e-01
1.567405682229822128e-01
6.359783455839137511e-01
1.981326511163294724e+00
1.179417383008353859e+00
7.168828483914266303e-02
1.623011636991348872e-01
1.255550302456416523e+00
1.107412203646462645e+00
4.894086003513104521e-01
5.319465913745517749e-02
8.632662220895560568e-01
-3.028086623233928742e-01
2.270973761130909097e+00
3.506191979378643353e-01
1.203441245874771415e+00
1.795097251191245080e+00
-5.163192422395869174e-01
-4.096415313907902922e-01
1.441339319925490692e+00
2.526684673966740277e-02
7.255712461386763790e-02
-3.283748451129013812e-01
-4.905381127089218918e-01
-8.797108286426495727e-02
1.410275073814255986e+00
-1.368474190948629904e-02
7.290607333453071881e-01
5.591525796549136063e-01
-7.006145234683112122e-01
7.143223959995487204e-01
-1.309578333757567548e-01
6.624294022564991558e-01
-2.332577403829981799e-01
6.082066767879850122e-01
-1.049171067321950646e-01
2.290577221181987477e-01
8.060973315175545828e-01
4.010562924427558684e-01
1.602509556509530420e+00
6.068450418906440325e-01
-4.400245994398625515e-01
7.327250099707469655e-01
-4.484312248730118466e-01
-3.823056387218282115e-01
4.622628966851419774e-01
3.632569560411413323e-01
4.249928451955611308e-01
1.066981148889666331e+00
7.668029605001045468e-01
-6.718464201303383510e-01
6.002520630618405351e-01
-1.686126077667513545e-01
-9.563243429693382147e-01
7.598558569610071034e-01
-2.077990177277101724e-01
1.048839588803865741e+00
1.175103521289815989e+00
-7.982427423174870418e-02
-8.026827759735352119e-01
6.152173927537802900e-01
7.958203068298977945e-01
-4.268541601979153888e-01
-1.170890626871768925e-01
9.546292363243171764e-01
4.334834612150448852e-01
-2.647229877641537055e-01
-1.262870834189864233e-01
9.198897398635591527e-01
1.133111223467783812e+00
-4.890062500838671111e-01
4.242847460109946955e-01
4.468851695956460590e-01
-4.925405463973597242e-01
5.695744833234197557e-01
1.530179260511009831e+00
-6.202032584558871964e-01
7.580880034828316738e-01
-2.205057774183271924e-01
-3.285264069327543945e-02
-9.186097006727550474e-02
-9.097585535909697985e-01
9.171891516342061124e-01
8.304221221694449984e-01
6.101968734683232976e-01
1.331200314612202229e+00
-3.364685371544340331e-01
1.425284521138016292e+00
-7.904684600665649041e-01
-3.148030033208245038e-01
-3.430815194701477000e-01
5.123336057340619476e-01
-3.516506180405521986e-01
6.069330424430885440e-01
-2.102379276726196178e-02
6.355120491219132806e-01
1.061400704034877407e+00
-6.303556682031944414e-01
-6.200751622767260163e-02
9.574346727769231791e-01
3.772989181051250029e-01
1.472190692947919599e+00
2.092169836744170730e-01
3.991914008465599073e-01
9.664496523650069060e-01
-6.097445178013917166e-01
4.967655303756518537e-01
8.564142071065418138e-01
3.865039582810361196e-01
-3.920997289301321187e-01
-7.947069654237470804e-01
3.616829790466432049e-01
-2.979072901290985564e-01
6.389343210062210510e-01
6.397634968743469708e-01
7.947978495052788750e-01
1.009572804182918837e+00
-2.157078351134925631e-01
7.935068373394229546e-01
6.367068192103069180e-01
1.556821777584131317e+00
-7.347700451918578457e-01
4.661237216035118980e-01
-1.013859979720052484e+00
2.339763776649944060e-01
2.653897624884002382e-01
3.640946786149584780e-01
-3.311554230750377026e-02
1.689175880630894078e+00
1.174155508739920473e+00
-9.899798464548184018e-01
4.431070390990762831e-01
-1.486685060266539626e-01
-8.129976586487736023e-02
1.791915817570717051e+00
1.280617126049218291e+00
3.049162627679923854e-01
8.088346739378374783e-01
1.914075443883895833e+00
7.583602647517431738e-02
2.878122927361507349e-02
1.254809012083476061e+00
1.737018459054774644e-01
7.217816000220325101e-01
6.412090988375013234e-01
8.406311012168858898e-01
1.758325901132402197e-02
-2.023320519267184925e-01
6.199871004589490031e-01
8.463763172893616626e-02
-8.677729557405897132e-02
5.840153887681740486e-01
4.707495311191922660e-01
-5.291417478948661213e-01
-8.250852438967298808e-01
5.025917403985564746e-01
1.614337218477922997e+00
1.465422068179881299e+00
-4.412871653510226366e-01
1.442707038713477274e+00
8.600501295284909697e-02
4.737391439462962928e-01
7.493468808167235151e-01
5.222390931087029786e-01
7.383966939894610892e-02
1.060962816603627346e+00
-3.536128881725126294e-01
3.085044330024855896e-01
9.250566332871303921e-01
7.145709050353413749e-01
-1.112229370234807391e+00
2.545469190809331317e-01
7.016597133426645538e-02
1.268092107502673205e+00
7.256225940596032764e-01
7.960695411421613299e-01
4.848138995718225819e-01
4.444247041999412062e-02
3.020197584634744525e-01
1.437690586947242055e+00
-2.392404788813681238e-01
1.275902081747354977e+00
9.528693637030052344e-01
1.098660396087371538e+00
9.134930878195839377e-01
-2.808369993389705499e-01
5.097238105610504277e-01
1.854142488599350047e+00
-1.073927892624853442e+00
9.674626863737992299e-02
4.126979571927117396e-01
1.641648219082414206e+00
6.435732461282969163e-01
-5.243321171540159531e-01
1.282221757303844134e+00
-5.240172834224281484e-01
-8.493489346658424921e-01
1.457082669711652567e+00
1.044183866110466763e+00
-4.045696620499358298e-01
1.921799612669424229e-01
2.828995078823019482e-01
-2.622742116858719497e-01
-2.393299690914227340e-01
-1.531885358855360479e-01
1.045972944188733766e+00
7.759449095030424015e-01
-2.973381361838063897e-01
3.118332878498561445e-01
-4.607778671639039536e-01
-6.683401815595067796e-02
3.802896482904294384e-02
1.349988510315632162e+00
-4.092236104926110229e-01
9.297813014566970180e-01
7.307521280862185886e-01
6.644632217183642497e-01
1.050278249305884870e+00
1.445273316198361080e-01
4.322373946007872503e-01
-4.862543843854679609e-02
9.475744047180880703e-01
-1.728402346996316674e-01
-5.919689065476069212e-01
1.139220949539015114e-02
4.701004314408263052e-01
1.165780803834099100e+00
4.887497659324513410e-01
-2.061564828132121108e-01
2.329466414873402891e-01
3.945751777466368071e-01
2.479647678390769494e-01
3.256638641510773424e-01
4.814889097908393034e-01
3.486500976528518203e-01
-6.702513792031772333e-01
1.504280169438743986e+00
1.321002591843152829e-01
5.614510713034137623e-01
2.107158998219047952e+00
-3.479207466696468964e-01
5.801395682203166482e-01
8.895601211049517509e-01
-3.960504164542110739e-01
6.611524056038475816e-01
-3.776055276785658665e-02
6.412300367057943706e-02
9.799635946467387670e-01
-4.255588939800282189e-01
-3.619521036956331317e-01
9.090974006790899509e-01
5.098996664006481480e-03
2.261145345054558664e+00
7.847458036440313478e-01
1.429474021371775150e+00
7.316067518446175422e-01
1.431862416758274081e+00
4.581439641632433779e-01
5.748674287656116988e-01
5.201210505544685558e-01
8.747247837068998777e-01
-8.323376279243660525e-02
6.461061596497000847e-01
8.957732847148874855e-01
1.112510007699695880e+00
5.075806877764524883e-01
1.246873812384609037e+00
5.453054777318516733e-01
6.705100939263388682e-01
8.032749254496913682e-01
-8.531070555810527090e-02
-1.444149795230117994e-01
5.456033586720568929e-01
-5.636239905986262233e-01
1.344386931350772141e+00
2.841635638688068122e-01
8.742902362808891992e-01
1.335795420378006026e+00
2.926482117948137618e-01
1.060732872410650840e+00
6.717728821377942916e-01
1.509495739447055118e-01
3.624961077355675632e-01
4.779076617305382801e-01
9.145932754881257454e-01
4.103118255848766660e-01
1.012376285784295504e+00
1.619882222135255345e+00
1.632530928299449124e+00
4.011220215055371074e-01
-6.378507476890743488e-01
2.388842044329740899e-01
2.429481226218448975e-01
1.461951824457157767e-01
-3.373914977368332457e-01
1.533445194349390750e+00
1.541882089144148427e-01
-1.767487114543427884e-01
1.365749392714499799e-01
4.192006142326250573e-01
6.283051660277610972e-01
1.351968543917345805e-02
-7.691810873256642589e-01
1.221032393884690981e+00
4.531726688133159153e-01
1.278878088352646492e+00
-4.053386375159261368e-01
4.167725663958896098e-01
8.119491257581512578e-01
3.845119541898669446e-01
-3.763709643871052113e-01
8.686359396898192253e-01
-6.096965371265273825e-01
1.182188008914679400e-01
-9.709648143630477124e-01
4.510034402626898753e-02
5.898042950024665609e-01
1.593413537027700833e-01
6.751270978160939240e-01
1.904772878166424377e+00
4.143490222365028286e-01
-7.889670877275030414e-02
1.890044814031950904e-01
5.940171476626606717e-01
1.123593073985020396e+00
5.244748910108653836e-03
-1.550395621579555572e-01
2.299533401805295973e-01
1.111927212018984923e+00
-5.055149155162764751e-01
-1.568017820217607328e-01
-6.803880443060368599e-02
-5.074434020971664294e-01
-1.906489989996221213e-01
7.697740384622601129e-01
-4.683619300983724032e-01
8.339492202721824343e-01
1.419787347693748925e-01
6.033980716591781368e-01
5.279574097728776394e-01
-5.684258194434758105e-01
4.249603622562589944e-01
9.270337650562495702e-01
3.871106710367920312e-01
1.077891775232943328e+00
4.364523150723592648e-01
1.447563642005945894e+00
2.114458950627992606e-01
-3.811993678208607794e-01
3.832479436073873980e-01
-6.996714522619992271e-01
-9.799312584514584257e-02
1.344339249582998663e-01
1.131056439456470164e+00
2.687784609907803990e-01
5.620043440937895207e-01
1.185519552003903909e+00
7.785051709636361394e-01
2.297499918501737515e+00
1.206917790360996001e+00
8.535177999246130742e-01
6.541337530318013238e-01
1.230502576883146126e+00
-7.145690288883042168e-03
1.086687924242838443e+00
8.926709399336333339e-01
4.915935039038350496e-01
5.859197908816766720e-01
1.266593411142052039e+00
-5.927895380835345174e-01
-3.334662707833936368e-01
1.816534729917052282e-01
2.920879867949260911e-01
2.850237620274672090e-01
1.019621864391086596e+00
1.044333412639449454e+00
1.460350259780701876e+00
1.004696372405825988e+00
1.036467773735323394e+00
1.660600080626654096e+00
-4.428003380175615233e-01
1.032797923329109802e+00
-4.201671696573414105e-02
4.313330683016480815e-01
1.629045296367186646e+00
1.150879956410180371e+00
5.625063090305879587e-01
1.099895693517558115e+00
1.693339773836772144e+00
4.834727618758044576e-01
8.427005398722068330e-01
1.268371736761684021e+00
-4.534955269204620221e-01
-2.245844334425035060e-01
-2.645767409124353264e-01
3.802046432517360852e-01
1.711878408592261980e-01
1.561156175041322980e+00
7.642541647468780175e-01
9.393735461585815960e-01
5.265436029191132850e-01
6.627693641360861143e-01
1.098282952167898507e+00
1.317922770836585933e-01
-1.255070778489965067e-01
1.105235042297434855e+00
-3.388543561960275508e-01
4.007015340637441470e-01
1.005607292880363879e+00
1.057363021060198749e+00
6.535314751664607069e-01
-2.123092438817254235e-01
-6.932847260364326525e-01
-1.357031303516335191e-02
1.200586030004358040e-02
7.384282611050458911e-01
-6.055860969457347448e-02
1.860174127015743750e-01
5.208064440786246418e-01
7.812311758239057768e-01
8.837944955682333070e-01
-2.388168810921354190e-01
9.039419447056760148e-01
2.041629223347359634e+00
6.002209128023767715e-01
2.966090286954478072e-01
7.587089494048256944e-01
-4.638828581100675752e-01
-1.997772134168187552e-01
1.343096606320552722e+00
1.292507718072329337e-01
-9.067297088936085991e-01
1.876467592531262163e+00
-8.249028304949264090e-01
1.268341215703450597e+00
2.407075014138626012e-01
-4.484500586993105387e-01
-2.234786582185189496e-01
1.194064902430494568e+00
6.869757832772739325e-01
6.844855007856588403e-01
-8.494305180659212917e-01
-4.777395473280639515e-01
2.408701969683170740e-01
1.696073159925728657e-01
-5.800276918981479568e-01
-1.147856643687876987e+00
9.000750706730101802e-01
-2.735475016698473150e-01
1.927562968365627238e+00
9.377095437701576941e-01
4.789258007112693477e-02
-9.890066543930819964e-04
1.181014182330502482e+00
-1.987723578748135100e-01
-3.751610953646161706e-01
1.577772137234741301e+00
2.781839779065012341e-01
2.611301387296364185e-01
2.321914459223058946e-01
9.771388998273660143e-01
1.416436708967372393e+00
-4.460880125135521235e-01
1.442569353187569847e+00
4.667183810307644620e-01
1.814156451011045501e+00
9.990114536225652708e-01
-3.511577832973651891e-01
5.959335767322588850e-01
7.407514218961036567e-01
4.525493658885297310e-01
2.401944123207778170e-01
-3.323875441395265362e-01
1.557765348711695363e+00
1.298797954774667751e+00
2.195108445031457856e-01
6.168518183694546853e-01
-1.143127255870522163e-01
-3.636937984788004563e-01
4.733157361505366811e-01
-1.701877207013702820e-01
7.184302425295056027e-01
1.195210871908901851e+00
1.406844107337865246e+00
9.734828449215562340e-01
-3.748160685871194664e-01
3.228080170392731985e-01
-5.620629707301674216e-01
9.864782516887731223e-01
6.252507918285343802e-01
4.269543575254526879e-01
9.933873583196060064e-01
-5.198932877448769752e-01
5.789172957537904729e-01
-2.599076737818235561e-01
1.214607964575088045e-01
6.198728072586645599e-01
1.297636991289800035e+00
2.674917386418289023e-01
-5.636441202031448050e-01
1.262270855237363598e+00
-7.683399291877399118e-02
-6.018210847335023761e-01
-5.244870834300485729e-01
4.686123287235267609e-01
-3.297688710081950747e-01
-9.532826262684507279e-01
9.064517588799818615e-01
-8.796263893560865577e-02
6.845730965195605533e-01
5.576351783207065260e-01
8.117519621594393442e-01
6.985723126374652203e-01
3.102223722178607535e-01
-3.648394331568614035e-01
-3.404740436238148371e-01
-7.324990466203982198e-01
-8.628772396597015337e-01
1.405773426402253889e+00
-3.822199982394285933e-01
6.405374697074871504e-01
1.359502630652127397e+00
8.679143773735963352e-01
1.080555345229101238e+00
-8.389933403550323132e-02
1.810584442188502008e-01
-3.423816642535077448e-01
7.597463026958999333e-01
-2.118563418305379198e-01
-2.423377586011201401e-01
8.585988438897365072e-01
-6.452728101155885687e-02
-4.889685053620964617e-01
-9.638921781766787156e-01
2.672926847843387632e-01
2.429819989404632952e-01
-1.137839027620513921e+00
1.176223753165859254e+00
1.074340765626175642e+00
2.198463052973826104e-01
1.897189567847840375e-01
7.543007744420843208e-01
-1.958378183564603026e-01
6.399200658262682584e-02
1.087288078331335894e+00
-3.555650045513423230e-01
-1.859579086540071036e-01
9.131022068207106379e-01
-2.817196725947369029e-01
1.618642747075537347e+00
-8.859259909733822880e-02
-3.145889657596183386e-02
1.546457294413185135e+00
-1.064978956804329080e+00
1.447634965189996237e+00
2.390058226156936971e-01
4.615033606041916148e-01
1.597393979057973423e+00
-7.318043389096499096e-01
-4.971741973634559164e-01
1.899258584312586651e+00
1.652550358839173894e+00
2.639069966512748167e-01
8.635013796746150438e-01
2.901113683330058812e-01
-3.302647117256247711e-01
3.589242052671829941e-01
-1.085455266760031234e+00
9.445284429130119674e-01
8.804521467549741853e-01
-3.360729616990300039e-01
1.764725688512283286e+00
-1.695143423454166243e-01
-7.543350195112872303e-01
2.375146737422258528e-02
-3.568982532268214491e-01
3.667998206687788088e-01
1.877795370598592806e-01
2.804963819640178269e-01
-2.109167275626314120e-01
1.142847130234704967e+00
1.050634962348142798e+00
7.905415788862153459e-01
7.216406540492763255e-03
-1.266991913333062048e+00
6.888385376596782850e-01
-3.170895568559277122e-01
1.596885534888297098e+00
1.506052760606571450e+00
-1.890277976513186908e-01
9.270094522122468428e-01
1.087534125979572552e+00
1.646352851288964247e+00
-7.404084274046958403e-02
1.721979858269974406e-01
8.778654200177095079e-01
1.378847405645973856e+00
7.063880667260972190e-01
1.044769931257591100e+00
1.173098013974686188e-01
1.662031596439721426e+00
9.990798788914989625e-01
2.126344731622367590e+00
2.767898883112862030e-01
9.809031420376087551e-01
1.272733138866128932e-01
-3.058066027522454156e-01
5.667340533068617736e-01
3.202302072279068490e-01
1.006312758182104306e+00
-5.555193833224332245e-01
1.059473701901683551e+00
6.850735119025485043e-01
3.479877329607820591e-01
1.439031239623147940e+00
6.661700849185459017e-01
-5.201898547450124477e-01
1.249595999589644180e+00
-6.925239231657754901e-01
-7.220252407627962832e-01
1.004539092585906790e+00
-1.299932651781382786e-01
1.656556660887467558e+00
1.446107518008739490e+00
-8.810422417270580286e-01
1.230084484398328987e-01
-7.290793152628800844e-02
-1.358621937893547404e-01
9.098754314870695359e-02
-2.398112539050410164e-01
3.036998805829287384e-01
1.143596407357311273e+00
6.261508412163961923e-01
-1.761444859521257011e-01
8.884954346271319858e-01
2.578897519117459014e-01
4.695066794763753416e-03
1.498234296534312060e-04
1.388192946267402528e+00
1.857633309113767561e+00
1.279565069750226769e+00
1.390904111285480083e+00
-2.033405760113593808e-01
-2.025131108811681346e-01
8.189910905773871708e-01
-7.068139619885240865e-01
1.335451166844290050e-01
-2.101407366292722956e-01
-5.081569005036569164e-01
-4.730512851947402467e-03
1.113750010793350453e+00
-1.291752245324938875e-01
6.026305588870826124e-01
9.152388016628953959e-01
3.613554433711920200e-01
9.282914329407138121e-01
9.887081069093612840e-01
9.432378984230542496e-02
1.968200696888419809e+00
2.587215441848090824e-01
-4.457734641554087496e-01
6.608534854455065666e-02
7.518115736672889571e-02
2.542300641834424058e-01
-1.519082110421154930e-01
9.215440160965090999e-02
1.483640169853024826e+00
1.178610271286994582e+00
3.568143271468817157e-01
3.695089195495846468e-01
1.061540686699742775e+00
1.189832319151292728e+00
1.519413934078725159e+00
7.381081609803569199e-01
-9.895694646770322733e-02
2.015691925712855159e+00
3.057247244043381773e-01
-4.391263175030121757e-01
2.798064533824105582e-01
5.287341749462076690e-01
6.548968088634905538e-01
6.407480923555117780e-01
4.508499527882799396e-01
2.752646625683136672e-01
5.862345642239524812e-01
1.562897193335511581e+00
-1.292496106583260196e-01
7.999716100202799440e-01
9.550541927693892985e-01
1.394539127042435434e+00
1.352537570405285772e+00
-6.463279908970891441e-01
9.014779869291785763e-01
9.975336089202578860e-01
-6.097110974305248315e-02
6.344969649968938974e-01
9.472286072842756033e-01
-1.105042453652922696e-01
9.018652334605858911e-01
7.864897644579754710e-01
1.831982602974896235e+00
2.558213172696917614e-01
1.571385220864947474e+00
5.092596895656189560e-01
-5.362883720972476675e-01
2.293292966506630948e-01
1.966334556107440512e-01
1.529800187114983778e+00
1.063840735632379131e+00
1.336645236004111004e+00
5.860835601468685624e-03
-3.431950305321234129e-01
1.116930381068723388e-01
6.926257118102474575e-01
9.143747050291045619e-01
1.982067408731215952e-01
9.070585651560048035e-01
2.872335183360626987e-01
-1.119356190862639683e-01
-2.511560289645328736e-01
1.877194980630263743e-01
9.707342092449807724e-01
-6.798889051557145680e-02
-1.578088206708859187e-01
1.846174511706639265e+00
-1.753765837018766149e-01
1.310785218006106090e-01
1.069169583163397164e+00
6.125535718732193491e-01
1.129418423844858133e+00
6.823020691501899826e-01
3.214693296016127855e-01
9.716657335347326230e-01
1.452159960813657724e+00
1.930994679783526458e-01
2.327246503834016350e-02
6.036045231281401691e-01
1.082263896732282848e+00
5.128806289090213077e-01
5.333177571934942796e-01
-2.824229766488096233e-02
9.264966811463845042e-01
1.375622821762965797e+00
1.335717714429047076e+00
1.743587054904732980e+00
3.489065427201966108e-01
1.090171571126533845e+00
2.041576514180203361e-01
1.144761343955121996e-01
4.614092305768733304e-01
7.171668917025942891e-01
4.603180070490990872e-01
3.165298214729936332e-01
8.821378361325927786e-01
7.562804226952800635e-01
1.269810369875979061e+00
1.077427729801546885e+00
6.581601916642028094e-01
7.366336617627740058e-01
9.793976836260180896e-01
1.422876469848344039e+00
-2.417434425910722912e-02
6.340525734334079289e-01
1.086703349068429691e+00
6.900667654084671199e-01
1.805020463229787403e-02
4.228710589128859554e-01
1.753684573424790338e+00
1.693678528396139527e+00
5.490548863955168057e-01
5.097218621222830981e-01
8.281206900873799848e-01
-1.024100009523861571e-01
5.504809215601039751e-01
8.837588155171954840e-01
-8.570693227140501191e-01
-8.576506857926671779e-03
-4.442265466952735053e-01
-4.467236732038277203e-01
6.723337626455414551e-01
1.116847586524724045e+00
-8.803911376708457859e-02
-3.555518724368987860e-01
2.141379593869675579e-01
1.849437666438956018e+00
9.990380825743740978e-01
6.984151397942600648e-01
1.350133111771629313e+00
7.655549562101078287e-01
5.962818175801612997e-01
5.825598225278982856e-01
-7.070096901042226267e-02
5.918714418485484519e-01
1.007091200979673085e+00
4.119505162628546713e-01
-1.342197924919875246e-02
9.974527496402568749e-01
4.769797193933018598e-01
1.181961684145812930e+00
-8.260924688397384141e-01
-3.244825515847421515e-01
7.579925939029621418e-01
4.300035554810779925e-01
-2.318757217130108794e-02
1.680790965002133097e+00
7.193154112512549769e-01
5.608539644592472895e-01
7.768414949715158890e-01
-4.341855622797948996e-03
9.056151880571391422e-01
1.093142389109127643e+00
3.894651347866536217e-01
1.145739730714725318e-01
-1.129776313704457524e-01
-4.111136551159501606e-01
5.586856806509163942e-01
2.015330645499473050e+00
1.078384223044487777e+00
7.998427337001252635e-01
4.724021413084028564e-01
7.331804485521877801e-01
1.546495509103601451e+00
1.984823235713970568e+00
1.233223948556153804e+00
-4.212659154259753430e-02
1.383920499732660181e+00
1.466845294935436694e+00
-4.537396908928768013e-01
2.840254759759364145e-01
-2.529260818559783686e-01
8.456581290885575863e-02
4.086160750420762544e-01
1.225956590631841064e-01
4.813518283496832639e-01
3.536429005038455586e-01
9.102846124188477273e-01
6.647371320444014353e-01
-5.745806383024043562e-01
8.893352792184131550e-01
8.192701899789303077e-01
1.067731487143056102e+00
4.783388957904817773e-01
8.491786390312885957e-02
8.037374384562110397e-01
-6.771626161151153567e-02
4.436899050681414880e-01
-3.781616187038300270e-01
7.691984077449374180e-01
-3.199810612627903006e-01
1.783193017004288672e+00
6.608701245368001631e-01
1.564815301620499532e+00
1.116026581265654016e+00
-5.142044057011390529e-02
-8.821986863583235194e-02
1.556362103802529095e-01
-1.287761814815993611e-02
2.073704466499378452e+00
3.321817186687436863e-02
4.214859600833349984e-01
1.121623179988786578e+00
-9.382119290497414887e-01
1.425274769559542687e+00
-5.506302516060084251e-01
3.134431311192584224e-01
6.230483185900967946e-01
1.337882537631531088e+00
6.042015816335657430e-01
1.997621663355361732e-01
-3.530308486515524868e-01
-1.961711566792326000e-01
2.124226686400863817e-01
4.424382103783862097e-01
4.498627758479277761e-01
1.008906837399275780e+00
3.370618489229207926e-01
1.046128965602822314e+00
-1.097563802848323111e-01
7.049047974944736561e-01
2.271400374549502610e-01
4.179550474286085060e-01
-3.312451175448489771e-01
5.610479945412620850e-01
9.572375552496784623e-01
1.044077312673063584e+00
5.840577780823047460e-01
6.385092530792774168e-01
1.067816053635614493e+00
3.532524462331478321e-01
-1.622166695193882902e-01
7.129166785696569031e-01
-6.662669582817723479e-02
1.852187631675673851e-02
1.212966438859060525e-01
1.595296017806109301e-01
6.200315829904093912e-01
-2.133568074813646798e-01
8.482774417184159033e-01
1.426290234724080008e+00
1.243903869931089812e+00
6.833010833093288161e-01
4.251835249083185664e-01
1.932255346799913176e-01
9.500762487047887950e-01
6.619351328098668219e-01
1.670553603432402667e+00
1.095330802287028282e+00
-5.625208088426510988e-01
5.327365933992209701e-01
1.552382455140003836e+00
4.675240825073373463e-01
-6.263037414317869089e-01
6.948661068331258850e-01
5.526186708987722573e-01
-7.851378164067787102e-01
4.139046139084275044e-02
1.166637845092122205e+00
3.771321228558829342e-01
2.859863296495614993e-01
4.938986590982366032e-01
-1.232806638314890152e-01
8.525149865437064989e-01
9.060609739633921356e-01
1.005852718339158347e+00
8.757726240461534417e-02
-3.316375646395393062e-01
-1.845824110303534993e-01
2.417776389395240588e-01
-3.317908542760101415e-02
3.112492681739582046e-01
1.456661030531868573e+00
1.036105299199009178e+00
6.885918471608137859e-01
1.679090307334152765e+00
-1.113379213075788021e-01
-1.125320445444621065e+00
5.343363959332547708e-01
1.300925595287586223e+00
-5.359281432556549651e-01
-2.809802801316366172e-01
3.538440659813149591e-01
-1.143063807834406032e-01
5.477909575828739941e-01
-3.857293034933921838e-01
4.477045624519153111e-01
9.902645007489275786e-01
-4.872136035924913566e-02
9.930783184289062593e-01
7.310640819309760507e-01
-1.005016125538745975e+00
8.548615384082207669e-01
-1.211972656055077674e-01
7.760448093143570425e-01
7.270856436465487072e-01
6.229717366826531544e-01
-2.588623807900918838e-01
4.984108678785039714e-01
6.026891410920717229e-01
5.072434987035893128e-01
-2.905629867173018521e-01
1.473672211929850429e+00
-3.228851674922312842e-01
8.722467204283962383e-01
-8.721751733352060831e-02
2.747855445317787804e-01
3.510597494590649292e-01
6.086437586454273019e-01
-1.335230533057281122e-01
4.792943173600253126e-01
1.332127049556522391e-01
1.857213680755780860e+00
1.068410422113752478e+00
2.665377761888497177e-01
8.667257608168286165e-01
6.326437313016840536e-01
-1.681772511606688947e-01
1.218569702378354824e+00
-4.164820707273950151e-01
-4.163272845747212347e-02
4.889471788147426445e-01
1.027512534525014454e+00
-2.336798969406491400e-01
-6.307199037194635149e-01
1.126401756173279756e+00
-6.115379907011481153e-01
1.136439590336927541e+00
1.581398401323155789e-01
2.562399987883097752e-01
1.284384811551033456e+00
4.149676388098414437e-01
1.445739382546412877e+00
8.730633987228897386e-02
1.587697634329712226e-01
8.560826380180516226e-01
9.667129074181288750e-01
9.607859127332604721e-02
3.032227601782110371e-01
1.635125678232155266e+00
2.393236746331479925e-01
5.797973265275468968e-01
3.312323827653796404e-01
8.428103475903817587e-01
2.705993532791708955e-01
1.272688132472615807e-01
3.376329008389553077e-01
1.122655001388250584e+00
7.060597270572551709e-01
1.612946559582396855e+00
2.158232271565847793e-01
1.513366712569365891e-01
7.622394828523261223e-01
3.363958279149580344e-01
8.753740174231945392e-01
-2.521673662663001525e-02
1.080819990438080636e+00
-3.032329948975931999e-01
1.022829611591278554e-01
6.105570047919984811e-01
1.851309443451770453e-01
1.129527980206076254e+00
6.078338177677073545e-02
1.312793249969466114e-01
1.262986876684448478e-01
1.069077715685862628e+00
5.555243566504255992e-02
1.460570528475205077e+00
2.116180682740743002e+00
8.124567970666339844e-01
1.055701259703468953e+00
7.642610500617437186e-01
1.535446096503111368e+00
-7.578195458315326594e-01
1.178588280281239076e+00
1.703353899829138374e-01
3.017266474600109952e-02
3.753986182566249608e-01
-2.558784524022022361e-02
1.191873464364305413e+00
-1.525937525528181515e-03
8.937450686499496255e-01
-3.969314151325963325e-01
2.031723479138985988e-01
4.906855610643414134e-01
5.503211169810147130e-01
6.486877612345048894e-01
9.489651732292859743e-01
-6.099042030528842862e-01
4.140172614246353522e-01
1.087371034524966529e+00
7.048131746026661260e-01
1.179383401864375402e+00
2.973703937726221436e-01
8.081547364884072993e-01
4.197296655896879392e-01
3.304060523810154471e-01
-1.320991582899828098e-01
1.232677427265661096e+00
9.353422176903394281e-01
8.399581505475466059e-02
8.178394940504336574e-01
-9.236458964430621643e-02
2.764558205723393058e-01
6.027124183403926860e-01
1.007083961125887051e+00
3.521933112469042837e-01
4.676224046942504264e-01
1.714730134778348569e+00
1.284976020143223929e-01
4.037332025207168024e-02
-4.774061828525436590e-01
-6.460575310241115643e-01
4.815525200699165009e-01
1.097695059415745744e+00
-9.090774541809418241e-02
2.601951150768696541e-01
1.224249032370291257e+00
-9.125127665096890439e-01
6.796085668432365334e-02
-1.561376206375297837e-01
1.054428649390809491e+00
-2.236377844542947191e-01
7.544652397874720418e-01
-3.526376782868194115e-01
1.335141095801410493e+00
2.618543777529808853e-03
-7.868757682802944853e-01
-4.129154972241601551e-01
9.644889902541746718e-01
6.071728496383317353e-01
5.248188505140566340e-01
9.243825855115223034e-01
-1.061493910056315187e-01
-1.840480038567899879e-01
-6.544243676636415930e-02
-3.090134545834103408e-01
1.824194722238535737e+00
-1.023275748789893580e-01
1.324033751948181653e-02
1.286363120839569385e+00
2.854434302980085603e-01
2.686465487254549589e-02
7.999660207899561559e-01
1.370301758837283668e+00
8.411402890285044620e-01
1.040385418439958354e+00
7.931230664534937302e-01
1.572193980747034481e-01
1.695912627949269114e+00
-4.408429475948247300e-02
2.587941622895367777e-01
8.008800660346768185e-02
5.958596644264629871e-01
2.996059259473805025e-01
6.736988880482123188e-01
1.765390503051215587e+00
-2.402335892969275494e-02
1.205923372803713089e+00
6.397880928889593255e-01
6.221767251248510044e-01
1.306262590623235853e-01
1.076731515884413737e+00
1.995072330394220550e-01
1.544542399574706071e+00
2.362673209325903745e+00
1.278078956602817506e-01
1.434749923597802290e+00
1.327452029316348980e+00
6.916976980352903537e-01
2.874303878670518841e-01
-5.977365020748003355e-01
9.335701423075818406e-01
1.262542853165565360e+00
1.710577603249947343e+00
6.070200355441339735e-01
-1.171803198179564853e-01
-4.735963591275907381e-01
1.421855734660240900e-01
7.981081238219167595e-01
1.769396872385967878e+00
3.372325752785376163e-01
8.048727223781564355e-01
-9.870418391569588112e-02
9.775843730540820786e-01
1.352763474462268523e+00
7.248964642346582554e-01
3.811548119895887821e-01
7.658898866009603568e-01
6.178828463505388058e-01
1.492077470500704495e+00
1.495104469057167762e+00
1.937422475877564887e-01
-2.395135714546290373e-01
4.966104039081066235e-01
-3.357369687030618000e-01
6.901123763207337447e-01
-2.185680124138923708e-01
-4.802155024331390964e-01
3.331986099371746501e-01
2.258199359054071098e-01
1.072490679343960585e+00
4.166979725166555792e-01
7.878411774708509174e-01
2.643080049745358262e-01
7.566711194616110303e-01
5.645495633182201489e-01
3.950532351670746900e-01
6.089388134065927272e-01
8.299662295276594159e-01
-2.287904507372741647e-01
1.493083744267613477e+00
-7.151315842606094098e-01
-1.781848640201523781e-01
-2.040593667520317622e-01
1.283557970401229653e+00
9.305036825356016728e-01
-2.069722936596377905e-01
-1.881380751223666326e-01
1.665770887743609208e-01
5.275393501009324471e-01
1.691735596259795749e-01
9.772549008456824504e-01
1.073067588557662821e+00
3.767135671297220934e-01
-1.504396264257379379e-01
-3.237388604538481429e-01
-3.214650640045639274e-01
-1.045777059834137157e+00
-1.563890430635496154e-01
3.343073726085738495e-01
1.206694534475034830e+00
7.675534467391342819e-01
2.006737911636807814e-01
1.511902291210653893e+00
3.347596531930515651e-01
4.766104418501179718e-01
4.036839248177547801e-01
1.331892889834786819e+00
1.082848458809008818e+00
2.941355369310281187e-01
6.927157839852846610e-01
1.628118566368807141e+00
1.604548045026297665e+00
-5.115351251679264855e-02
2.498823796972672318e-01
-4.281936156110949798e-01
-6.863314782098524358e-02
-4.983162010096047201e-01
3.525378422007996448e-01
7.867498410718797297e-01
1.305488047486956571e+00
7.523518165707252514e-01
1.000647111638012898e+00
2.485465785449318676e-01
5.580546363160131529e-01
-3.542568839898631028e-01
9.764991572246407570e-01
1.254746839384307533e+00
-2.027668645393214675e-01
7.886684143271180947e-01
3.005912099181219377e-01
-6.432678295327018958e-01
8.010926104162113814e-01
-1.554784490510910944e-01
1.399341493394539171e+00
5.417285544980265932e-01
1.026570158303924396e+00
7.374984587823837368e-01
5.016757009435582892e-01
7.792609432152172166e-01
4.764674185237470216e-01
-5.062676493298663427e-01
5.588913274102047524e-01
-2.376885886698740513e-01
1.152427988504147960e+00
6.380709586438813863e-02
3.968007842339861813e-01
9.225166443696382057e-01
-2.099233697674758939e-02
7.332679649385598353e-01
9.150962593064966288e-01
8.466300534781397991e-01
8.211348352779741511e-01
2.343077164556691683e-01
2.355830705354931276e-01
1.469150006021600063e+00
-1.949053796892990520e-01
2.137235123319267238e+00
9.785660743443941323e-01
1.750389397825164450e-01
1.131212367218941806e+00
-2.076397156813836187e-01
-1.650903213717169749e-01
3.029718620940773377e-01
-3.891696302974389510e-01
2.788216374069854564e-01
-8.160332001456663265e-02
1.348546662491632853e-01
1.195192646984254425e+00
9.806910254287898310e-01
5.496520234275563688e-01
8.062626505388318376e-01
8.424288187819211071e-01
5.803234676834368999e-01
8.600115518942463844e-01
9.970255119438820035e-01
4.930150043356140710e-01
3.816930016928002378e-01
3.527921559431710374e-01
1.251039098082115664e-01
8.565613606491452314e-01
-3.264135345606297145e-01
7.047904833907614464e-01
8.987413596832276586e-01
-9.498060067870378598e-01
-2.601902564821811925e-02
1.478862748895787060e+00
-3.876454533339124819e-01
5.362474576417538552e-01
-7.048377863779669017e-01
1.926827491823758232e+00
-3.316913791105408071e-01
8.392800156391277966e-01
1.894086559279002602e+00
1.299561645678448230e+00
-6.115502587377559252e-01
1.442849394957368858e+00
-2.508183968333834168e-01
7.533951823482633037e-01
3.224748424768693611e-01
1.195220426157310500e+00
1.495792238187628187e-01
-4.548995748606439737e-01
8.244044664946333922e-01
3.158496100125321449e-01
7.174469537305080413e-01
1.629429803817645128e+00
-1.024234307187847637e-01
3.202593415485608386e-01
9.174287977316269993e-01
1.544247150811384861e+00
3.614767551692795178e-01
-3.478341589853410909e-01
1.138559891160374482e+00
-1.094339485718122562e+00
4.366902945929582724e-01
-3.808214320631982397e-01
-5.666614710151666179e-01
2.574172332812117436e-01
1.325576409055378546e+00
7.835256163145976060e-01
6.464577140832246105e-01
-7.793678410411696289e-01
3.170659159118136006e-01
6.366066947090280870e-01
-2.591514261710501504e-02
1.853922288869620960e+00
2.336387166721746733e-01
-2.249420531182985961e-01
1.211773674456530392e+00
7.527529990350975142e-01
9.409651648276833313e-01
1.687623186022011224e+00
-6.391085551920328012e-01
-8.903471129380632343e-01
-3.495866502658230568e-02
5.798896427605900739e-01
-2.985892990388204840e-02
7.163900577781954215e-01
-7.409437793701350028e-01
4.408196496478846704e-01
6.427003457521568430e-02
1.619328958156355247e+00
-4.608601802336868558e-01
1.298082719607269508e+00
1.069706511673807481e-01
1.645072003762629187e+00
1.605686869339915668e-01
5.700648218029213954e-01
4.730725770433863442e-01
1.912212953545611160e-01
-2.051268298570622928e-01
8.679094405791833999e-01
1.194378981722453270e+00
1.330379694952138037e+00
5.482061919162086738e-01
1.215359676062642169e+00
-2.087237315848576302e-01
7.908019689988350365e-01
-3.244771492302672700e-02
6.189633180072758867e-01
2.537154895804454857e-01
6.043753453865221559e-01
-3.165572321089266672e-01
3.441507069140674613e-01
3.856470616833451159e-01
2.979979274745553353e-01
3.422796419397399620e-02
1.088721790161301550e+00
8.073981730016881464e-01
9.530660820909346853e-01
3.212595859634076456e-01
8.446087467903250212e-02
-1.339581430184726696e-01
-3.503098098789871329e-01
6.035401099110296874e-01
3.280810287750170473e-01
-1.851762385742779515e-01
5.910839529158647965e-01
9.333997016657803458e-01
1.211664128402537344e+00
1.184382943239956854e+00
7.022540763075010850e-02
1.554436833099664961e+00
8.627610419924087726e-01
9.902140504845792224e-01
8.687119709846325977e-01
1.368663494262166436e-01
-1.376969849969544579e-01
6.926630900426098414e-01
8.878671980580294942e-01
8.141368279394055607e-01
1.354541212178811849e+00
9.635904839648929965e-01
-4.261999884691592966e-01
-4.302056965667077071e-01
-1.174432629523540494e-01
3.801786651362761282e-01
6.887451544468794484e-01
5.821645651843032621e-01
3.355315327802170233e-01
1.818584102215840881e+00
5.441973088705375217e-01
6.854855145954903417e-01
1.736445237893272653e+00
2.532927835100043934e-01
1.208593730290414170e+00
-1.399518955905864059e-01
-1.780205096182341240e-02
2.798507841291238973e-01
1.556226295912604307e+00
1.574231059026603985e+00
-3.341881561527125233e-01
1.491969774814169369e+00
1.510806591136981902e+00
4.610486770688874691e-01
6.763943508052791542e-02
4.110554291662947279e-01
1.387978958300444335e-02
-1.017864455336834617e-01
-1.586493427545975499e-01
1.360658993832961849e+00
1.410382861413234767e+00
6.305408916148078635e-01
3.148468179264138911e-01
1.095085590855287005e+00
-7.988190689912442188e-01
1.435639691993306100e+00
8.417209716090577887e-01
-9.913742438023827319e-02
5.018526791109710616e-02
7.469249615675324083e-01
-1.019466964356211536e-01
1.250289911695712908e+00
-8.789850935959790945e-01
4.878816979030229928e-01
1.472713817545399317e+00
-1.510730055877150813e-01
-5.946664787454437606e-01
-9.324866613782635261e-01
-1.934224781098420332e-01
-6.220356898461811834e-01
1.488671456703859475e+00
9.865263274152312745e-01
1.015573936607380018e-02
7.775447427971804437e-01
1.946161796556269197e+00
5.248836012979789523e-01
4.816631289747771438e-01
7.494168567085174315e-02
-3.519631171821379634e-01
1.171112081497570179e+00
3.544214179934496722e-01
1.020732465041893189e+00
3.939082257706831292e-01
1.420894781303646104e+00
1.296181444924068060e+00
9.207781743610389258e-01
1.708415146735074164e-01
4.437230473577765122e-01
-3.142995772756336237e-01
3.860592819086737237e-01
3.187738645590380004e-01
2.261212470686536358e-01
1.600917931613412282e-01
9.023263021098661962e-01
9.838492255490877136e-01
2.264621033453736443e-01
8.357997183042048528e-01
4.594106907461149580e-01
2.127964006846716494e-01
1.094017913632798544e+00
5.533035531066392565e-01
9.653148468452924305e-03
9.296709324153783482e-01
-9.935770823223610826e-01
1.088930328329539510e+00
-1.728646849664508545e-01
1.187843439091986086e+00
4.791240048655466544e-02
1.070748846061371440e+00
7.855195775734243879e-01
-1.743853696823137803e-02
-1.267465721654524313e-01
4.993137521432500781e-01
2.105185177187079149e-01
-1.494444079466951958e-01
7.243435005556724260e-01
9.870317439960699657e-01
1.489550427878044703e+00
1.092771990746197602e-02
8.972093110732335397e-01
1.464746167159654278e-01
-5.961474802491442126e-01
-3.751189491241549434e-01
1.932090634366367965e-01
-4.282909916721871491e-01
7.270748879867265924e-01
1.522076887759925778e+00
-4.998832359057285846e-01
1.163912259712265307e+00
2.254700192448479690e-01
6.200421694133873007e-02
1.663798748701741159e+00
8.055088151875293700e-01
4.858748741013057537e-01
3.107864011547805672e-01
1.382241832703724471e-01
1.793971428533755352e+00
3.570343519930525011e-01
1.252228750124428913e-01
-4.462133161067896592e-01
1.366573729602060583e+00
1.160498644939230495e+00
-2.264682798351494442e-01
4.423980927130277685e-01
4.170203014427053545e-01
-7.534390885143790184e-01
-7.461854603744592085e-01
8.455790843930764966e-01
1.132851753606331835e+00
-3.770559923246392664e-01
9.053415343049231456e-01
7.513969039462888855e-01
2.851640455589368184e-01
4.468914672441484659e-01
6.295202934081719492e-01
8.478488753540687206e-01
9.564343066332731125e-02
4.003190941761786692e-01
-1.320551020954782162e-01
4.467808449695909734e-01
-2.056759867722531832e-01
-3.134510426317985710e-01
8.517722187930855116e-01
4.754565712875741812e-01
8.703650210869672277e-01
9.595279451803364612e-01
9.433138611342822832e-01
5.226838622137918167e-01
5.832362778705385553e-01
1.672641467181515074e+00
3.222095537147137145e-01
6.173188328659360291e-01
1.240002030104117914e+00
-2.852403462905980236e-01
-1.292294646485254161e-01
1.145084662319079571e+00
-9.096375921408378362e-02
9.302224915083568968e-01
1.032185530999364609e+00
1.660291517754372226e+00
5.004317328971608081e-01
1.627470285333695088e+00
1.158415851021267873e+00
1.468104232077392268e+00
1.374275729854584238e+00
-6.244412955505040941e-01
8.371256164475855410e-01
6.130232157282649030e-01
9.317051905276847457e-01
-1.760213904771655291e-01
4.151947693112459370e-03
7.224630006691331596e-01
7.985348040774802314e-01
1.916541962293228374e-01
3.530396343539970450e-01
6.606749668798775343e-02
1.208992321974269091e+00
1.868822839137564973e+00
6.696927268807459921e-01
1.225427212077482508e+00
-2.548473085694641926e-01
1.390237341754171352e+00
1.004707157386393490e+00
-3.282329233431265925e-01
8.771034567007859328e-01
1.536657085903986975e+00
-6.687602749991440332e-01
3.208100302689065875e-01
-6.294038995194539687e-01
5.495894497946772761e-01
5.676810183513480990e-01
1.578740818241764765e-01
1.307241842994987024e+00
1.011921790757196238e+00
1.159102431567863523e+00
5.847628720584028272e-01
-2.800230523682604167e-01
4.396696231408421807e-01
1.070528714349538779e+00
5.045035102033572638e-01
2.945273243510286298e-01
-3.303217031812776816e-01
-1.224317138427549745e-04
3.306479007045375340e-01
2.362156382443006686e-01
2.905857249649985152e-01
1.310390166241542920e+00
4.528350796025340519e-01
-1.348929358671984158e+00
1.120332358354488633e+00
1.555748724472338029e+00
-9.368861557860870271e-01
8.666168298199450337e-01
1.142879725158785220e+00
3.380266196884741947e-01
9.489325834451699526e-01
4.894556232952695374e-01
1.497742175331366665e+00
7.846420535758622528e-01
-4.645680305047933945e-01
-8.789477475763565750e-02
3.909540716266834970e-01
4.416387878023914082e-01
-1.927899064826758824e-01
1.910734418072209950e-01
1.251164315250687054e+00
1.096921858375087488e+00
7.577431944152887011e-01
9.132876750249636633e-01
4.271760946363764022e-01
-4.665523794826696991e-01
3.721095198226873624e-01
3.979699614578845468e-01
9.848880665122807798e-01
-5.155853169787857349e-01
1.442043666616662945e+00
9.712269423606724461e-02
-1.706542010715643154e-01
2.380246071019357645e-01
3.386946431419599612e-01
9.847169303809114593e-01
-1.410204641456545005e-01
2.405323407080873499e-01
-7.552968888735439590e-02
1.056056498697327095e+00
-5.569689558152071118e-01
8.061527579803017263e-01
9.773749878460279428e-01
4.235694094382503327e-01
1.311153914773139362e-01
3.475336404621934827e-01
-4.172669368301304416e-01
8.511503834400269142e-02
-6.964232298334231963e-01
5.313117798236044464e-01
6.619039869018736866e-01
5.396683358187334134e-01
1.425596093241424001e+00
1.354730958958753617e-01
9.153809665660525008e-01
1.298932402180752010e+00
-2.670070816743437270e-01
-7.259987375022161626e-02
-3.074099159630968026e-01
1.435776104090461747e+00
7.961961776627528575e-01
-8.252404076077710648e-01
1.480917160399261467e+00
1.244485657265587353e+00
4.559108421162409996e-01
6.190465183237017777e-02
4.404269249035747125e-01
1.757418256246996879e+00
-1.068511387935491275e-01
-1.589849953696052254e-01
-7.538013020588499868e-01
2.143438774504621558e-01
9.089255581160818886e-01
-2.259332348455070638e-01
5.347028613299382727e-01
-2.865843158571109162e-01
1.069551854278819603e+00
-3.107236352273241575e-01
7.994032015030336780e-01
-2.023717568247863918e-01
-1.502318691518697569e-01
3.389004481871841223e-01
9.648382776461229549e-01
1.245120076824148825e-01
4.847176430826596327e-01
-1.180610831232372926e-01
-3.047165375393597331e-01
1.394838405682916171e+00
3.635523630701956721e-01
1.018788846261674097e+00
1.147296704997421868e+00
3.414711841014985150e-01
1.012830862144828759e+00
2.579811551190048791e-01
8.848873994853235780e-01
6.267158454066896756e-01
7.021323322380763621e-01
5.421961163047052112e-01
8.892273351236199552e-01
1.952422831733527375e-01
1.642304881172783171e+00
2.023209636357897190e-01
1.759935120430703215e+00
5.682155784071849514e-01
1.000303530488085180e+00
9.343213431290459114e-01
-4.002435210860933457e-01
-9.036090826683570443e-01
-5.242559296907983724e-01
2.091272122013054346e+00
-9.080776405457252620e-01
-5.020471086437290342e-01
1.212262574050764430e+00
3.154993933426294417e-01
8.877651207947985235e-01
-9.485781117534947127e-02
-5.108358696275951960e-01
1.034771163883194234e+00
4.345867957240636126e-01
5.595299478012019101e-01
8.154595856879214288e-01
1.894289612709807669e+00
3.157300942550589351e-01
9.256682647887962689e-01
-2.752007701004889895e-01
8.181381957305046138e-01
8.433588320760213586e-01
5.149966352827399785e-01
8.791282112133553817e-01
4.616650334989236826e-01
5.544141469456437266e-01
-9.822283278850603427e-02
2.414505399231849092e-01
-5.076926762524800463e-01
1.780797358714384604e+00
1.952214716241370773e+00
1.366189467485954268e+00
1.460994076435569777e+00
3.269147097789915080e-01
-5.542623753201970926e-02
3.260025439127654523e-01
4.915271421549315956e-01
-1.299193360476603998e-01
-5.076238522318269331e-01
2.610072856211955172e-01
-3.497648787941664006e-01
4.413142430441798214e-01
2.333639927811272663e-01
1.649827922217200316e+00
6.033614918464885735e-01
-2.692325029385009283e-02
-1.005451060312279599e-01
8.723592085352683823e-01
4.719715751805056980e-01
6.657519293064437793e-01
1.078136099990522956e+00
8.135957756472173008e-01
1.412502096830712706e+00
-8.410341831736900531e-01
2.757343685692393853e-01
6.334014630455587769e-01
-5.768194053350039763e-01
1.486368160836866459e-01
6.507016567806692686e-01
1.243251693708462113e+00
1.887144853860863170e-01
6.878457666576783813e-01
-1.010028507382426805e-01
-1.633765106212695106e-02
1.350306647529230797e-01
7.765381787732129615e-01
1.266904229455303010e+00
1.846965132950739441e-01
6.015063883637745690e-01
1.100684315653711387e+00
2.330394666070929044e-01
1.540500024925666400e+00
4.799693296695931033e-01
6.949594369836490371e-01
5.516684652161725211e-01
1.411076930525283935e+00
8.707912198661806880e-01
3.025511385761795458e-01
-1.052308389851232262e-01
-8.691454494746253534e-02
5.377848699125572507e-01
4.693679700602290672e-01
7.425263086010218394e-02
4.655830062115411949e-01
1.062131269639779441e-01
-4.655576041173727919e-01
-2.421336719563428608e-01
1.400107511200666677e+00
-1.459928417307996829e-01
3.755860334639573583e-01
8.572767008603175976e-01
1.476714746249817356e+00
5.525489408057725482e-01
1.488271141001476394e+00
1.761715769333403347e+00
9.951943463811675494e-01
1.218851684281226699e+00
6.950138040286369945e-01
-5.149257064014673563e-02
5.704466895250747127e-01
-3.950795163857074299e-01
-5.395336703816586144e-02
8.353643766783469538e-01
9.353850879369689508e-01
3.367487373185108074e-02
2.633879106087741562e+00
8.328072461370911173e-01
1.149830012234998700e+00
1.555650218172840660e+00
6.920821800823157011e-01
-1.922212516228835044e-01
6.865462660374893611e-02
4.829783214247428957e-01
9.747413990304173437e-01
1.908190986963095512e-02
5.335115207161625905e-01
-8.982918401712282341e-02
6.981795179947994368e-02
3.007954128332970267e-01
1.248770556215332173e+00
6.213252866473328861e-01
1.204723421349356949e+00
-1.062296667052890164e+00
1.035395872642193904e+00
-3.494957739082454329e-01
5.420553558762017943e-01
2.602152381535435266e-01
-9.187056097002118671e-01
5.205077037413694541e-01
1.126928356638572160e+00
6.305721664334491550e-01
1.004377770991499830e+00
3.895566265721809862e-01
5.176002050337820126e-01
-4.702700737413316734e-01
-4.223127364975602371e-01
-1.191827022771903971e-01
-1.681307363532359156e-01
9.809956591634655387e-01
1.450479617496411633e+00
2.763645369793988338e-01
-3.130201480818287085e-01
6.863721681100757310e-01
2.893704370220499533e-01
1.304756228324064793e+00
-2.923757838604145246e-02
8.940892420865874657e-01
-1.960520610505248063e-01
-4.128996394322003716e-01
1.303439089178556332e-01
1.415432237933193393e+00
2.887142182199486928e-01
4.522919718088003194e-01
1.146358051567357983e-01
1.352122060820222904e+00
-5.112464923785786652e-01
8.940593963851404258e-01
-2.797275201121299792e-01
1.248509346648773555e+00
1.396109826831894329e+00
4.179050151682172087e-01
8.288294746891153864e-01
-4.829145026730932155e-01
2.075152667557329800e-01
8.464952859067443880e-01
5.537324960470566548e-01
1.554218128356427697e-01
4.167703201423186843e-01
-2.282723610108704781e-01
7.879849361162586385e-01
4.706087802434505973e-01
2.514359937542728352e-01
5.985003149455401239e-01
4.343370400153416244e-01
3.300887280701256810e-01
1.998171686562497384e-01
8.454834167349918328e-01
1.372619519997499982e+00
1.173048592561704240e+00
3.712697837245130805e-01
1.494138600713504239e+00
-6.218043421085868161e-01
9.816494525117289704e-01
1.417371436673250940e-01
8.407263206992483529e-01
-4.786627194531813956e-01
-3.371905269804204575e-01
7.577754934998950365e-01
-5.368433373044248502e-02
-6.917145136246689585e-01
2.295147890113110822e+00
1.388264645362089489e+00
-3.956642009133042315e-01
7.293613629970543966e-02
1.132344066679402683e+00
7.667114797406007765e-02
2.701808955105998722e-01
-1.450955650400889418e-01
1.010296809877468949e+00
-2.281586063248070562e-01
-8.508392871967035420e-02
1.212210864804817156e-01
-8.599832076885297050e-02
5.250742965881891600e-01
5.422784629754182628e-01
-2.798139058881075059e-01
2.980221867973978367e-01
1.655597097588847877e+00
-2.540347454976222830e-01
-4.206559016340374879e-01
8.632416502816394610e-01
4.242693300516572202e-02
4.367913124915260292e-01
8.764194486436471809e-01
-5.371665025165044405e-01
6.982597552667276775e-01
8.608517362432780429e-01
9.538954372398216197e-01
4.295437843507667885e-01
-7.015761085242626371e-02
1.347378497649718565e-01
-9.243270537163932321e-01
1.026884244671883994e+00
-5.356165060347410634e-03
-5.419021286734412857e-02
-4.123692497425050507e-01
2.715986391618545048e-01
3.751860087336995608e-01
7.885743292809485050e-01
1.439126845125435761e+00
-1.100356942934613697e-01
7.123132460903134344e-01
1.030234948451663080e+00
2.434370584932734616e-01
1.135183168052103175e+00
1.083080793024703503e+00
-7.510322279608361296e-01
1.137368649935326825e+00
-9.401124440662797510e-02
-1.900317555617115073e-01
5.981728939127253231e-01
1.178927195082654089e+00
9.814995800563027784e-01
1.087788979590134542e+00
8.479867651015678964e-01
-2.366943735919747049e-01
-2.471306104839922912e-01
6.980876173148471420e-01
-5.549083054163396478e-02
-1.472090789885143414e+00
1.242006127553876738e+00
2.257855583323491871e-02
1.288110390800180527e+00
1.307086307316407847e+00
-1.562260610599030541e-01
5.049621267868629193e-01
1.001625538018343420e+00
-9.597271047738678007e-01
1.466026070472707277e+00
4.795376211012176287e-02
1.625235581657277439e+00
2.972773354529056333e-01
1.337082413089375033e+00
8.379615589543680798e-01
6.600618839746982824e-02
7.000145679786160535e-01
-4.973363561711710568e-01
1.506442680976630144e-01
7.739761407566181362e-01
8.473975791324264151e-01
2.831289621426391623e-01
3.567459340367362119e-01
9.415729573581393952e-01
1.103973659620559378e+00
-7.302323135464104664e-02
1.317459138408832109e+00
-1.967816305369474994e-01
7.616794197322769300e-01
-3.732312880759632856e-01
-1.003551915080342916e-01
5.471155342114404352e-01
2.534941617819462811e-01
9.939204594138124627e-01
1.016930975993589614e+00
8.473078799833669850e-01
3.625861044284155454e-01
1.041884255978498430e+00
3.437578768728156986e-02
-3.485323903971316861e-01
-1.799313352486577033e-01
-6.861339839456187528e-01
3.333744219330899705e-01
2.937866878958454719e-02
1.088520553629883647e+00
6.952816774099872532e-01
-6.043885947438620149e-02
5.540585276391692959e-01
1.057600637140171607e+00
-2.363820640507392767e-01
1.038891194621430203e-01
9.992156054506171059e-02
-3.651438829390753898e-03
1.133019501045440913e+00
-2.555896457531969812e-01
-1.900309272409169414e-01
1.157355094284426178e+00
1.079464193574494635e+00
6.085634948699928382e-01
4.225949798789992440e-01
2.181481691289059166e-01
1.191840150994218694e+00
9.387002328647711114e-01
-4.656157497280257740e-01
-2.821844813631767535e-01
3.580318319166875263e-01
-3.109300052851831642e-01
1.001968779659350828e+00
4.126904208241390370e-01
-1.740534095654749924e-02
1.874197259007963079e-01
1.956977153523679069e+00
4.549113051533299479e-01
-1.696402230485201668e-01
1.037566556696249753e+00
4.894229786659005654e-01
1.328330960781111347e+00
1.600473780400827051e-01
3.869767864755745967e-01
9.487143534834051595e-01
-5.066118021121870374e-01
4.694676299914120055e-01
6.771627133655215847e-01
5.493550482042593164e-02
9.697292503982749556e-01
1.376967387626699013e+00
1.219407911982293591e+00
2.124002602870821210e+00
5.194796352850583609e-01
6.354578142050489875e-01
-1.612647289938298201e-01
1.138026448245012201e+00
4.319102835643890415e-01
-5.001288985871786830e-01
3.968265349587323798e-01
5.479533933740929896e-01
1.459307594002125175e+00
-7.580942905684409650e-03
1.852842200014543472e+00
1.373222401927776115e+00
2.924037570635148464e-01
-4.563647591860956615e-02
-4.205586332054781495e-01
9.582408454353367189e-01
3.100289328418597279e-01
-2.885497999720478823e-01
5.911590363322141162e-01
4.614105109026844787e-01
1.643808969534868547e+00
-3.544486720987992112e-01
5.863867977383276919e-01
1.539406661801115739e+00
1.257076232848018948e+00
1.051387315311296033e+00
7.880411927445897247e-01
-6.507139921193533239e-01
1.150820199978209502e+00
4.787215845474384057e-01
-5.939367117832069498e-01
1.709414905629742520e-01
2.941282004038028863e-01
7.018024295043779892e-01
4.231971807991475321e-01
4.067864452569991962e-01
3.609313491242538419e-01
2.512511789226764547e-01
3.461062424109148106e-01
-2.713711555559907701e-02
3.996377742158768176e-01
1.638739364090680439e+00
1.327711927055399421e+00
1.601830962798347802e+00
7.449184533805506270e-01
1.454816972807777109e+00
5.618134894863412443e-01
1.801384492664589221e+00
1.218181658091035624e+00
2.285821725851861774e-01
1.372771325982846458e+00
9.605146344683599402e-01
9.987130040833995803e-01
1.206972666521530346e+00
-2.043760631910365166e-01
1.396456910520397665e+00
-4.817576521842822923e-02
3.539417731202729733e-01
6.398912117451856230e-02
1.380638643404452082e-01
5.042049785096625047e-01
5.886331235370071413e-01
2.794135629750862382e-01
7.403104828944250260e-01
2.371911736544912719e-01
8.470425000080976652e-01
6.511704812508436468e-01
-1.149713411169399901e-01
5.703711578752570510e-01
1.235008853330817669e+00
1.547101235664407826e+00
6.865556134108495856e-01
-2.956050241514934784e-01
1.149373862818057646e+00
1.437658661617117195e+00
3.057287569348934864e-01
1.121559112430395633e+00
1.446971734119435471e+00
-6.293511843597252575e-01
2.366604467424891223e-01
-2.941043105187010065e-01
1.172352338286561269e+00
2.025152631784793211e+00
7.845436329954288412e-01
-4.606986577869084942e-02
7.529245441001255479e-01
-1.124885195168388918e+00
2.553214657159193490e-01
-6.997886078851318636e-01
1.250244290992858387e+00
-1.769399228002110913e-01
7.200196146933711683e-01
9.709691795324740804e-01
1.113398223120951602e+00
8.088484072675829195e-02
1.121212868417566844e+00
3.754012999034634368e-01
9.131168029169214884e-02
4.303137887220637725e-01
4.874349164012131141e-01
5.336223316221602037e-03
1.197242045167241864e+00
-4.837084481114141410e-02
1.058628037481780471e+00
8.918485463508885047e-01
9.278544448839293191e-01
7.117173604738944448e-01
1.003703280740416259e+00
6.989704419486575393e-01
3.620080043187630103e-01
2.554697882680386223e-01
5.166150223587393508e-01
1.155304554033548481e+00
-5.839711944042428327e-01
1.205989810593053602e-01
-2.634491175706731858e-01
-1.810002860790112800e-01
1.759381931402602905e+00
2.692584640990903777e-01
4.294610294663797623e-01
-8.986037535160179557e-01
7.796705573109417031e-01
1.734475150894214668e+00
6.958923524121787829e-02
1.110525574499155343e+00
5.350644684066274692e-01
1.898620122034561319e+00
1.266343701203063166e-01
-6.220691860082305791e-02
1.824019957327880803e+00
5.216422390962406341e-01
8.756043355517261206e-01
2.873411900866690849e-01
4.794834842680940068e-01
8.130029445593427440e-01
2.773258776427503514e-01
1.371490211325934627e+00
1.932743390598763156e-01
1.213667840967209255e+00
1.444695418860330260e+00
6.587547517364639171e-01
-1.675528820928534057e-01
-1.903238398660528907e-01
2.633696501035239779e-01
8.025880391718133167e-01
1.364444138799166373e+00
1.087225153855724130e-01
5.014091864700608303e-01
-7.361232566666240373e-01
8.383079319777880789e-01
6.565684716870050508e-01
2.681716097572000024e-01
7.852403058920474077e-01
-1.608964223702301910e-01
-1.290189655507948188e-02
1.917709778692684663e+00
1.384129027282057667e+00
1.035758090845244617e+00
-1.248040910235190815e-01
4.244537012087745698e-01
5.157416912175432078e-01
6.790156249253654908e-01
4.852898808367518413e-01
-7.572148424556249813e-01
4.116651383926749341e-01
8.619369301545132256e-01
8.515098572825210432e-01
3.051076261985942728e-01
8.710568787718285799e-01
5.247908854941680801e-01
1.165448754246112717e+00
-5.838026237984626082e-02
1.095003926535071503e+00
3.030839281779762473e-01
8.280077395041361976e-01
4.182906265661627820e-01
9.186701916529847745e-02
-6.249957344770334933e-01
4.865557079374503019e-02
5.739759342758722349e-01
-4.280994896950035544e-01
1.568582352869648533e+00
-4.665403756198643892e-01
1.178642483659241014e-02
8.533902298591020674e-01
1.051840048810189554e+00
6.123867741238732398e-02
-1.115290408132336708e-01
-9.399681113037032520e-02
1.062495170410763246e+00
-4.346727046261018579e-01
-7.561805913641975740e-01
-6.034730279116103935e-01
-3.843636358890934468e-01
-8.755207406063419961e-02
1.354078971175973090e+00
5.034742354822895338e-01
1.933313335674664568e-01
2.701084230868781577e-01
-2.674903825995288420e-01
2.328591656248744368e-01
3.922789942482922676e-01
1.929876358874937081e-01
7.656387592890798732e-01
9.271816647987670690e-01
5.590367427013435142e-01
9.719967517362798626e-02
1.188489522790586950e+00
6.087029907014188668e-01
4.530063957743137304e-01
4.621544033436979504e-01
6.154752952227067198e-01
2.855686705645335000e-01
8.908158982472296206e-01
7.448301977370634930e-01
-2.131007412278705937e-01
-4.115141351456312324e-01
7.011322590918546149e-01
2.710880116008086427e-01
5.431515077337991659e-01
6.767467961697930523e-01
1.372253681050702445e-01
8.411760100378269378e-01
9.989025037703338494e-01
-2.118876561634073230e-01
1.399039103504404524e+00
6.567228121333019697e-01
1.033330966416890817e+00
1.011361154847256083e+00
3.970522132398746629e-01
1.082285416622339680e+00
-5.615569910093128891e-01
3.506886877774506028e-01
8.233120561224074319e-01
1.792560625622678927e+00
6.181295337026601056e-01
1.639894441900226554e-02
-3.681371306464500254e-02
6.670429673860273079e-01
-4.467201796507163647e-01
3.993953222040368956e-01
-6.757594414177137132e-02
-4.360542684552669024e-01
3.132184050327830316e-01
1.346063803988280405e+00
-3.646974076418734723e-01
9.243037432149079358e-01
9.962449968268243250e-01
8.940373098957964393e-01
6.646550583004989798e-01
2.472840105768804864e-01
5.494995047735712346e-01
6.235899981778558754e-01
2.536691483557835802e-01
-1.320381362976126294e-01
1.466598056600172839e+00
5.961460770331178383e-01
8.616750892581760413e-01
1.098866208371580333e+00
4.988825551401901981e-01
1.330203481163269252e+00
3.337089549494823837e-01
2.196820447659937336e-01
5.494630015571378978e-01
6.501139444547485713e-01
-3.236334634881728872e-02
5.389698698688553113e-01
5.449261759040819469e-02
1.720440866618079268e+00
5.388008676626588889e-01
6.094760633509367365e-01
5.731607742648963111e-01
2.196053299437470685e-01
-4.926094537389467121e-01
-5.169610764061322028e-01
3.375365608674933404e-01
-4.641209725397691943e-01
6.557236585892342040e-01
5.322942955651732005e-02
-5.552418037969378828e-01
1.080756796331268976e+00
1.223719376910806123e+00
-2.733674602488905814e-02
-1.801534082050363084e-01
-9.701181514221182689e-03
7.881381216553844382e-01
-1.019393779980574122e-01
8.066894819425552976e-01
1.876373144217277633e-02
-1.784093808680199400e-01
7.602469465606412902e-01
8.423961902479536468e-01
5.652583345005398469e-02
7.363919240012885004e-01
1.591412085852852654e+00
-6.797489580944264809e-01
5.652752291614827201e-02
-2.052899877747231261e-01
-2.236729334150625026e-01
3.640406581007458175e-01
3.483304711389766939e-01
2.414529653061022185e-01
-1.297400947044940467e-01
6.614912184397508943e-01
5.387105882862486261e-01
-4.940512741441243083e-01
6.357587247160941812e-01
-4.259334116245200863e-01
-6.867587395161787178e-01
1.688052421801985226e+00
-1.993604877275602372e-01
-1.584533516537387499e-01
6.542867707800641419e-01
-2.082964211906871976e-01
-1.796988194881363188e-01
-4.746635857247586410e-01
7.945039644480572649e-01
2.048342881678200111e+00
9.794507178797769997e-01
8.838072116641776388e-01
2.358143018093296697e-02
-1.659498599547380160e-01
4.579987608525376563e-02
6.054916097424791754e-01
2.010567522961923981e+00
-6.004837885602413161e-01
8.286613626895440454e-01
1.054959590605465847e+00
2.589722537633065147e-01
1.336324828814631438e+00
1.395496315642382523e+00
-8.888826922446464440e-01
4.474783290830497973e-01
7.349479999488010007e-01
7.530661159015304973e-01
9.041959229205276394e-01
-5.502427756148049465e-01
-1.622065240125195040e-01
-8.785774867000252508e-03
7.928872769470004522e-01
-3.031365848155092788e-02
-5.005214967869759946e-01
4.316508783981052311e-01
7.020656569550042247e-01
-6.073068081567828402e-01
1.187971929435583718e+00
4.277558674390653515e-01
4.691981070687213928e-01
1.024494796719062517e+00
3.352522106706504190e-01
6.795596656463477325e-01
1.147045403591869572e+00
1.791094477522388873e-01
7.082101379124822182e-01
6.783154502948303133e-01
3.852620012388738857e-01
2.807885232776820006e-01
8.622404406485374428e-01
-2.287380013373648546e-01
2.087909852737988570e-01
4.069441759399310410e-01
8.828956072558782342e-01
-9.571355432124496465e-01
-4.637401856906375741e-02
1.024417543550629972e+00
9.692485079230471756e-01
1.107322569149040037e+00
5.845355018726132723e-01
-2.721457251399220234e-01
1.533081642515342069e-01
3.388679742083488544e-01
2.343427230926005411e-02
1.088708056217788656e+00
-6.357784870243821107e-02
8.711696310216658912e-01
1.438110613706385488e+00
1.162392497035357852e+00
1.041248658008286920e-01
6.967036271754220578e-02
1.433158005159116843e+00
1.002702520973894895e+00
5.672793862707474766e-01
1.567478665506722324e+00
9.221705634032137389e-02
-5.791925956855740326e-02
2.363404959416863238e-01
9.498137939709810906e-01
6.270552038356658198e-01
-2.372842155813779663e-01
6.252608044469898374e-01
5.109725268885900035e-02
1.618446699147829904e+00
4.460379836742943138e-01
5.169424198322438713e-01
1.182546674996394653e+00
5.231495448092824407e-01
-8.171234849126669531e-01
4.832832246374537122e-01
1.684661651882448208e+00
-7.957335695494127670e-02
1.804115763468465028e+00
1.083276609421518266e+00
-8.601695055565784509e-01
-5.859123433352081411e-02
-2.419801692844339991e-01
-7.881772436076799337e-01
-2.504563683635469551e-01
1.717367625616708526e+00
1.445413040961557316e+00
9.731158095080814086e-01
9.854488477406774249e-01
2.170767756129654003e-01
3.700595737472957558e-01
-1.509100029256238706e-01
-8.126737722839785238e-01
1.501959701748245279e-01
-2.736266274150053190e-01
5.556640824736605033e-01
5.149022385825101633e-01
-3.439821839154173500e-01
6.561010343753256313e-01
-5.596258365688826508e-01
-4.290469069679364034e-01
1.203578937451595054e+00
2.325173431235018073e-01
5.878504103751679144e-02
4.345168138620026377e-01
1.794490641284713917e+00
6.319694572560887735e-01
4.122126350634472969e-01
1.212161429621539055e+00
-4.013204293164361891e-01
5.808168161128728357e-01
1.620838221041936977e-01
8.346657321934928264e-01
1.198429540318540987e+00
1.472066384461543587e+00
3.631174042782033262e-01
5.121257170128091785e-01
-2.904868809443294508e-01
1.064673732047964005e+00
8.848983755050647826e-01
2.678441635655965936e-01
8.037085079614357808e-01
4.727257859945040441e-01
-5.557619913187644700e-01
2.617485288184324688e-01
-6.704141505491264530e-01
1.348613949745067986e+00
-6.926471916347607394e-01
1.192524661930143948e+00
3.138206823326693540e-01
-7.293104904796851584e-02
-1.170026535119966571e+00
-1.336987235423158782e-01
2.307725739477049232e-01
-9.768612070273198222e-01
-8.629351171303874246e-02
3.124974141611627232e-01
9.683257542179332100e-01
-1.192509717699435479e+00
-6.871451793065187774e-02
3.176862451595098280e-01
2.571692998267616215e-01
9.967037336630998334e-01
7.147553386141224374e-01
5.033760537038833860e-01
-4.427475158751995599e-01
5.044436238656838656e-01
-2.109856670237372223e-01
9.867872738185247128e-01
1.488657111553655765e+00
1.577863393600977826e+00
6.393334185749848242e-01
-1.397725641235181004e-01
-5.524412145022169485e-01
1.823889621821365714e-01
6.999123547298626846e-01
5.095730549402971432e-02
8.586677126250386038e-01
4.543425228456822174e-01
4.382093054870487281e-01
3.614119355605554529e-01
5.310559004433065833e-02
7.824327730522385727e-01
6.163016043394495824e-01
1.313819095861038733e+00
7.302527396446603647e-02
2.658278738653345186e-01
3.587411283258379879e-01
-1.651650751394202754e-01
1.154501522234891109e+00
8.728707163583733220e-01
2.004650818310178828e-02
6.492724688176177983e-01
-1.466900325257758098e-01
6.999704681408611684e-01
-2.074252850767848710e-01
-2.691605449030171071e-01
2.247926490526212517e-01
-2.681329227562570527e-01
1.179432908582022543e+00
4.418649208974852471e-01
7.783498680445253282e-01
7.756761860380375628e-01
9.596668025981814898e-01
1.012157178214175390e+00
1.163551985550333789e+00
8.557210900648792862e-01
-2.093533994502045914e-01
1.474865687418460691e-01
1.183603744314712936e+00
1.183897263832525137e+00
4.283566499230937463e-01
-1.947736026493984696e-02
-3.090663138611676741e-01
6.064417643380094480e-01
1.282185469643164488e+00
-5.682681643637739199e-01
1.522946357687096741e+00
-1.049696256946195116e-01
-3.489032262243118021e-01
-3.962791887270972757e-01
1.526836124797466887e+00
6.019622758961753473e-01
1.689431783855697977e-01
7.075703692356377639e-01
1.164735025687864356e+00
7.325072763741211634e-01
9.472480604018949091e-01
-6.260227134418781814e-02
1.465440420114560473e-02
5.830152403859951704e-01
1.614835429458767235e+00
8.746072185204578631e-02
4.367039164204966073e-01
8.103802057705645767e-01
-6.268210770064771564e-01
7.787305141570943778e-01
-6.467098088046510096e-01
-3.723129944139021846e-02
-5.149907687549610813e-01
-5.803182696936683982e-01
1.838236925939092936e+00
1.018744134504191157e-01
-6.504201132725581092e-01
5.483259738368477798e-01
9.764368998739371142e-01
8.445182040205099216e-01
3.356264736104546120e-01
4.027400727514047762e-01
1.904902650225229976e+00
1.743085087938839539e+00
5.993871974349510579e-01
9.764568675798094288e-01
4.303368529328962522e-01
2.869325357086955908e-01
9.295527185254426339e-01
1.332758385243371979e+00
6.136580280864027959e-01
2.476043922690459587e-01
9.897440913888704284e-01
2.253357311806764296e-01
6.843863365628645168e-01
-3.148485415070963189e-02
7.378782016117325648e-01
1.097525238177637252e+00
1.566898361774076376e+00
2.849703724836538110e-01
-3.210670575036396190e-01
5.844659383046578727e-01
-3.186073667577030838e-02
-1.645064720629714206e-01
-1.729386431507299593e-01
4.582795487696371683e-01
1.379875053031207832e+00
-5.604045872566152386e-01
7.077270938583692939e-01
8.791812924225755888e-01
3.937083619829362946e-01
9.944375350628695820e-01
4.769619861489681756e-01
-7.089593260830215349e-02
7.282855214984023107e-01
-3.505332208464589927e-02
9.855005139845807172e-01
1.916425345849436690e+00
1.507687998956930064e+00
-2.046465489527939385e-01
1.441299786708692410e-01
4.464186439501215964e-01
1.167229218762128484e+00
4.700121762358741573e-01
8.423377917335884701e-01
7.895046352632825171e-01
6.961757990300997401e-01
9.973698266620851793e-01
4.283385952062587765e-01
7.653690621210325062e-01
5.380225176537646314e-01
6.069126512398735906e-01
-5.735767407961102349e-02
2.832599049993756446e-01
9.504478690884526904e-01
5.548110667124490636e-01
1.083311586870742693e-01
2.927326610580824884e-01
2.272040763826812082e+00
1.743382320567151256e+00
-2.847375931233939172e-01
9.156978596160982031e-02
5.523517881608739355e-01
-7.045899484967589332e-01
1.365402650651559080e+00
-1.422061804219841852e-01
1.203523698104583817e+00
-3.750728828551515015e-01
-5.513641088550523817e-01
4.758744093691053695e-03
2.521659345202538205e-01
1.143565121056833611e+00
-1.091884560670414173e+00
-3.087846162523392168e-01
1.489918646327062168e+00
-5.395246607908434910e-01
1.022929486985153735e+00
8.137188869712190797e-01
6.571370131977254392e-01
1.609015201744523615e+00
5.093961768890973296e-01
-4.156364497870801422e-01
8.061013790000184365e-01
3.865881102619299070e-01
1.540125449839206406e-01
1.303898439591420377e+00
5.407132059973411842e-01
1.212622241729204964e+00
7.631301437698549961e-01
1.760018437627385079e+00
7.798351865689701068e-01
9.629493152112577059e-01
4.564686069108373490e-01
3.976723768792930769e-01
3.581393173937350571e-01
1.117507920808741950e+00
9.425178666253155590e-01
1.081372093512033450e+00
1.705588272982827558e+00
4.017901092036388344e-01
7.527287098498257611e-01
1.671689403553771935e+00
-3.479449440094996016e-01
1.347276024078673862e+00
1.099283411421504875e+00
1.339135509839211702e+00
4.724907371373219811e-01
7.607906198284781762e-01
8.664832102599605568e-01
-1.261554559165830314e-01
1.614911990281400644e+00
-9.215948150699098118e-01
6.025659100294491477e-01
1.137291601371875016e+00
-1.432111269201189196e-01
-1.082227193612357585e-01
1.136762320667267678e+00
3.777343957262576657e-01
5.086905432845351127e-01
1.075889191813211188e+00
9.462176373530974960e-01
-3.939524382970264749e-01
3.571632458497861484e-01
1.112129748147395958e+00
6.621085523649345994e-01
2.289812353596136218e-01
1.566881901890965656e+00
-2.117980765353230099e-01
1.007706880930742566e+00
7.947598024864006572e-01
-2.351131069004632201e-01
-1.144457497753936098e-01
-5.575679354335035809e-01
1.238515334850141203e+00
1.035181667630574731e+00
-6.618587798205337325e-03
6.547580296406934064e-01
-3.269722709279387352e-01
1.610932232059428537e-01
4.147433755435809832e-01
7.432101177821941462e-01
2.907582988143572744e-01
4.268519812819333570e-01
-1.753225780558329561e-01
1.050142643602835213e-01
2.445229227512881187e-01
8.846931976014908994e-01
5.487669011245713824e-01
5.206280151530997546e-01
2.202248724609534025e-01
-4.620377607276444643e-01
-3.949688777821740437e-01
4.880365081115351500e-01
1.551274588476751065e-02
8.993259540820925935e-01
3.758647896033134872e-01
1.413300619252951140e+00
7.063131235291291166e-01
7.892869284451381473e-01
8.074861026235985451e-02
1.462252464771497174e+00
-4.633447218529133105e-01
8.966004596492981316e-01
-3.992299584070084784e-01
1.668429403764285945e+00
-6.577565649965613215e-01
1.481715353628989318e+00
1.737428423535940958e+00
3.103538738067906921e-01
6.967219712058110581e-02
1.400182946504392900e+00
3.294589373852435665e-01
5.395680794555948179e-01
2.058450632175996831e-01
5.723013959992246935e-01
3.715055366728135522e-01
-2.102467279493163976e-01
5.672754876135217561e-01
-8.127032919377774611e-01
7.035119962979025088e-01
9.444240287467244865e-01
6.766907390110626919e-01
6.286754987016015539e-01
8.555364102521915148e-01
7.289844158195457613e-01
-1.151735185631188596e-01
-3.556430835600900009e-01
1.228217865229287720e-01
4.817930507949867436e-01
7.862176783284956505e-01
8.049549213705196049e-01
6.314146015952216695e-01
4.270088112984610218e-01
5.618055500460375495e-02
-5.356761089253102570e-01
2.803956722086060616e-01
-1.743930426021014224e-01
4.019718416211019996e-01
1.069017391671112982e+00
1.178987754391117720e-01
-1.278081162191339326e-01
1.083328704052838765e+00
1.359592985547381616e+00
7.018504719318366947e-01
-3.644675855783770513e-01
1.136336343536518800e+00
-5.058547718157859752e-01
6.273492632580760509e-01
-2.618683264203622851e-01
1.755815310966555520e+00
7.069797776388169197e-01
5.492160706646773694e-01
-6.085063610619789731e-01
4.355506668380368721e-03
1.186669551136688927e+00
4.348226861545263777e-02
9.099857652065749258e-01
-1.111876354701938352e-01
8.891442477604537785e-04
1.265567645559764642e+00
-3.843320981570453876e-01
8.793883532005942749e-01
-1.324204783891946846e-01
5.884045215172096777e-01
1.172245468026319015e+00
1.169263098626265041e-01
1.365034307206673070e+00
5.662713096528034784e-01
2.111068506617126417e-01
5.806026830512812237e-02
1.036953924473460908e+00
1.200179769688181075e+00
1.147944372974235017e-01
4.714350065097684395e-01
1.246201695124622644e+00
8.297408332271349884e-01
8.120238912217645488e-01
2.653832316986037831e-01
4.019635769393948843e-01
6.077999537860157009e-01
8.454998548234246014e-01
2.693463823778660324e-02
3.811127019218852330e-01
-7.006710587888643760e-01
1.915164395797164021e+00
7.982222586645820739e-01
7.356348440424195223e-01
1.530014922060647098e-01
1.479591973786552828e+00
8.590878613392696206e-01
9.232203454939145182e-01
5.726339279566327045e-01
6.150276979528951360e-01
2.428057921077184100e-01
1.067683731039029027e+00
1.065998860302161122e-01
6.642751697582121029e-01
4.653110689037473491e-01
6.613856527570652899e-01
1.707237202851609403e+00
4.331537786836861526e-02
1.713685733271768097e-01
1.269331864494084083e+00
1.076116535127162654e+00
-2.703873201403049487e-02
-1.791941804053304443e-01
5.343644792471496929e-01
5.563155764739013964e-01
-2.766996902199583275e-01
9.963643135602905376e-01
1.130157629014894471e+00
3.354372689449264255e-01
-2.210667914245360022e-01
-5.226230828928946082e-01
1.211071038778301689e+00
1.051040946790470887e+00
1.261295962089152400e+00
-1.350264500887236041e-01
1.962592173335978019e-01
9.105411029264993683e-01
-7.373939489339946807e-01
9.046763129995172292e-01
2.712427451339260998e-01
3.359771924347604855e-01
1.077333336805099462e+00
-6.777998563856765246e-01
2.532926990772330078e-01
9.275908828930526928e-01
1.717852064011831326e+00
-8.100801633660467682e-02
3.054958064605767243e-01
-3.234552028961490966e-01
1.697020694739047375e+00
3.783081359783199704e-01
5.952571579209591235e-01
1.213885850140325129e+00
7.463537952934831132e-01
4.007267346074484538e-01
-5.401445268456688265e-01
2.100141264104375960e-01
1.064850350040982940e+00
9.816282819255772729e-02
7.060145727392337367e-01
6.352743826581932485e-01
9.369749789147712171e-01
9.105175739742721319e-01
1.377829247520857114e+00
-3.541015304446606948e-01
-7.400561110190035929e-01
3.974170959476704401e-01
1.282465875477586836e+00
-1.132769407456832439e-01
3.411224727399874146e-01
9.241699426504991211e-01
8.307187268392641766e-01
7.502103905723372934e-01
-1.977961719011055441e-01
1.333100586896799888e-01
9.391404814587539507e-01
4.228805636307129689e-01
7.744644758860709244e-01
6.744417201774316473e-01
3.816531961958830599e-01
-3.205767022784003495e-02
4.381137808402333911e-01
-2.128669855413008183e-01
9.735265187022805744e-01
-4.377741383422818489e-01
-1.097646451983305793e+00
1.708473498106150901e+00
1.801572253484815089e+00
2.190928751548137932e-03
1.410575365287720651e+00
1.082780808823990970e+00
9.999387038905314107e-01
5.698819312542205973e-01
7.172709404626749219e-01
8.808626397049913459e-01
7.481639010804489245e-03
1.268061671965183823e-01
3.305952746917328877e-02
1.567764630224743050e-01
-1.395594307481081431e-01
1.357809778542526047e+00
3.734951970927404830e-01
1.347530985453403884e+00
9.136300943869957170e-01
-5.914976077486551187e-01
4.776926110417281102e-01
8.433135083566272172e-01
1.069326861860972366e+00
8.237700523740689729e-01
-3.517958069878631688e-01
1.620596677521804141e+00
-5.311738195082595926e-01
1.496406996573946158e+00
1.534091024395504599e+00
9.373106550418435212e-01
4.298600851736586459e-01
4.675987307921641301e-01
1.204344268091816383e+00
1.273197983200501093e-01
6.060362511964316745e-01
1.645992750537109917e+00
-1.000754129237209744e+00
2.421572119359114705e-01
3.663249714458833850e-01
8.624264506960177545e-01
1.452302039220464636e+00
7.821616468096153074e-01
-5.544792764139065688e-02
-3.228867002230799144e-01
8.650249747798011146e-01
1.574522814422859129e+00
8.047540653066074245e-01
-2.258328936819915533e-01
1.407894749336933149e+00
1.223521494462790127e+00
-3.460050849794868433e-02
-4.008297753871937763e-01
1.576979212521704588e+00
4.271729877216921822e-02
1.067153897879282720e+00
6.591208515601769680e-01
-1.230905213846016644e-01
1.076130309886143444e+00
-5.397811722656891131e-01
1.459231923923802965e+00
9.647002329970962853e-01
6.580527551821750976e-01
-3.949816178513366333e-02
4.910040137852687558e-01
4.581880099825193231e-03
1.103603334976463124e+00
8.361926234567191862e-01
5.833028362781812470e-01
1.109584510653505829e+00
2.676437433967858714e-01
1.795889162838916420e+00
1.096957826687266602e+00
5.805882471874845852e-01
1.099871957658518751e+00
2.294362074587930511e+00
2.745266252566523901e-01
-3.400299274861167120e-01
7.457281906440057506e-01
9.607721259135417746e-01
2.846605553173117142e-01
1.188355790511370857e+00
9.849109310536861006e-01
-1.387809884216756884e-01
7.627955225923582772e-02
9.132116676840121849e-01
4.128906578386664639e-01
1.056853184344703100e+00
1.363142107931138991e-01
1.290137202458019772e+00
-9.579862832882933832e-01
1.101785927834072254e+00
-2.097511761358285542e-01
1.131272848335971304e+00
-2.575555573495035833e-01
4.176866297658222149e-01
-1.226635489491008368e-01
9.755630329179244553e-01
5.626086764340639812e-01
8.330620148601654007e-01
-3.951192892430254594e-02
2.674439804739334181e-01
-3.190388966588965647e-01
-2.037520375096686098e-01
2.364402126224074419e-01
1.292042846525170152e-01
3.044500203706843044e-02
-6.160473126475031203e-01
2.107819374599111950e-01
9.116299963147798113e-01
2.390094265427622489e-01
5.411973423685632056e-01
-4.762409392623137006e-01
-1.023467277337881398e-01
-7.170128151585543341e-02
5.355944333185149731e-01
5.922947745600635194e-01
3.245450725509371193e-01
5.549066940196349662e-02
1.181578540619983686e+00
6.060154323253265085e-01
8.562215611718053676e-01
1.177125844462295401e+00
8.987240853766389481e-01
-1.199305640467040468e-01
3.213638934843922601e-01
8.837909280404895873e-02
3.537479407274013998e-01
-4.331551526595081580e-01
2.837016484774516900e-02
1.219348238751835511e+00
1.073513784573947971e+00
6.269278658994118514e-01
-1.785587496447244710e-02
4.659271737158476312e-01
-9.047567160479946802e-02
1.951007620999097192e+00
-1.587389578895959386e-01
9.486829476671196915e-01
-8.188028140529025611e-01
6.804970575021233037e-01
-4.368220024246668443e-01
7.197160483897701022e-01
8.163729224024501852e-01
4.766859514826757849e-01
1.035324043739627831e+00
5.679424715818873759e-01
-6.628101866563950173e-01
6.264897926347734458e-01
1.410738745443208542e+00
7.375140022813502227e-01
1.062392666699208732e+00
8.181271751964253047e-01
1.371476728238480103e+00
-3.623849734696572011e-01
7.813976980593222432e-01
1.103493691164630919e+00
-2.162763272592407859e-01
7.098812870051142143e-01
-1.685316095698811967e-02
4.684535098929722974e-01
1.349762276810524853e+00
1.140243978277513337e+00
2.863918866222113779e-01
3.184847404770965174e-01
3.762019208180671925e-01
-8.854702165621601839e-01
1.591642395569935475e+00
1.060082009299556649e+00
-8.835481418423473121e-01
9.068234490658610980e-01
2.945767064788729073e-01
1.242304689622747427e+00
1.201220879085264093e+00
-5.618736527905715539e-01
3.345023130454120031e-01
1.182431444113593688e+00
6.061452171680116463e-02
2.860446328626618517e-01
1.090483759287709908e+00
1.404063328923867315e+00
1.524211652549799512e+00
-1.175692599052535481e-01
1.376536700502532851e+00
1.384882455532156387e+00
1.755277687871518305e-02
1.917282852165693996e-01
-4.993890068043103092e-01
-5.522500169020633926e-02
1.197332797022985007e+00
1.250190982673906603e+00
-4.277437203074790917e-01
1.403351521411879910e+00
5.124745157354856362e-01
1.502417990708363238e+00
2.195845959396537095e-01
3.730629055380320080e-01
5.415280455946011040e-01
4.125988972565984847e-01
9.866001882839769976e-01
5.258842279559805544e-01
7.819211306826475694e-01
3.147377786138630396e-01
6.966010031830034421e-01
6.144601046997907323e-01
-2.133759701115829355e-01
6.682086665289628247e-01
2.765580805215897553e-01
4.896391005434984622e-01
2.045623722357733376e-01
-2.695005252335315737e-01
7.900767770276669877e-01
6.187261788168393339e-01
1.860710864069630821e+00
1.106405521987230189e+00
1.087422321677172649e-01
6.508341524294680713e-01
4.814303669883584491e-01
-3.627528102785677055e-01
-3.965290457470734831e-01
-8.192132708196239732e-02
9.941947549157994501e-01
-3.741981276113016675e-01
9.834424430705097642e-01
5.484788258881264644e-01
5.271329012499763600e-01
2.569102225973520781e-01
1.530992156096412371e+00
8.628574386252305106e-02
1.984686351878796329e-01
1.621841573053415808e-01
1.051849440223974641e+00
1.132956325847688461e+00
1.214830091722136629e+00
3.261681469955038382e-01
1.515751670713920474e+00
1.228658280496241373e+00
5.697784626628360494e-01
-1.071768076630066902e-01
7.240397923216562726e-01
-3.113108469762124186e-01
4.341858124538342523e-01
-1.369403264249315910e-01
1.349353249045653014e+00
1.483645983124064038e+00
3.401262606601530569e-01
-9.579803525784301721e-01
1.403345303089954088e+00
3.280187835874832925e-02
2.261441947125868990e-01
1.026794208344754322e+00
7.551052532677818840e-01
3.867669784285925338e-01
7.880153621022725208e-01
1.336881930187139078e+00
9.549966757722594402e-02
1.291739656517732815e+00
9.599903970838304934e-01
9.584575262054978451e-01
1.944638895357597708e-01
-2.344774987584365422e-01
1.304662642771267755e+00
1.492105159222695709e+00
1.578908724048609935e-01
1.612114966351517298e+00
7.062831177193326093e-01
-5.712896113946992482e-01
9.282091775606577944e-01
-2.898692025700648767e-01
2.162653139544418179e-01
1.367984250882425590e+00
1.005245123413028296e-01
1.153551999718555710e+00
2.116546349666847127e-01
1.969250036090723022e+00
1.443647610061656428e+00
-2.830934049158162491e-01
1.793063875807335006e-01
5.779214086043772403e-01
4.249814490170535919e-01
1.971419452766865199e-01
1.722392573316984032e+00
-4.576782232342100909e-01
7.801155880794379271e-01
5.406269923521622722e-01
5.980446550220053226e-01
-2.258546134342692135e-01
4.603684732116928857e-01
4.232932568303856558e-01
-2.093020640754293393e-01
9.481943089694812032e-01
2.782673356688864647e-02
1.375072239297468357e+00
2.548367901628192378e-01
7.405484561520617737e-01
3.171405378343745141e-01
5.557782444358521090e-01
1.827568257323393050e-02
-2.359290667807309796e-02
3.752765353734809767e-02
1.558495055186114586e-01
-6.687731087279015496e-02
6.826272228046956769e-01
1.786856548446950965e+00
8.827024558295905043e-01
-3.713983983391288407e-02
6.968536992402455388e-01
8.870081319127471886e-01
2.407018144381276037e-01
3.990405086022945080e-01
5.815032420611200292e-01
4.622737053751380110e-01
1.137487140210058090e-01
1.001370809499254888e-01
1.849273991589893473e+00
1.464858404745408738e+00
7.502542120410008453e-01
9.485594960230916417e-01
3.699261897480462524e-01
-5.730130189868052337e-01
4.169259451050762455e-01
4.697635795405749048e-01
1.062572699461383330e+00
7.640764139071973826e-01
5.635944843207025823e-01
5.250338948751646084e-01
6.152307030397218268e-01
1.128622901081012264e+00
9.391499765930679811e-01
9.124316259961040565e-01
1.272602971487476031e+00
5.475970368931405430e-01
4.773407955088602161e-01
-7.949376297855060836e-01
1.165037734797081947e+00
-4.975799009349102797e-01
2.256758619553976830e-01
5.454608591639651394e-01
8.990743502357468886e-01
-8.295668293872799914e-01
4.609961644082796739e-02
-1.279163095141162276e-01
8.039171458678068261e-01
6.147916167367112328e-01
1.093273585291205441e+00
3.320956909140270613e-02
3.826608587923997495e-01
1.064504596634830769e+00
2.041751869835570776e-01
2.947675897822842894e-01
8.347356125076652589e-01
5.096231412401307503e-01
-6.096342574790569735e-01
-1.545795231009326198e-01
3.257519522528899703e-02
-2.529151962553379818e-01
7.643411538694180885e-02
-8.495807935380692011e-02
1.189329855008651959e+00
1.347165409600120434e+00
1.414895574067124295e+00
4.403930325365905118e-01
7.427598466282212542e-01
1.959212184679298141e-01
2.774470717220311466e-01
-9.219674986163676200e-01
2.369042950029018046e-01
1.096260127167569154e+00
-2.296498766844688177e-01
1.140780273956882446e-01
8.204151657180226431e-01
1.369838665122743437e+00
-2.430689458856660073e-02
1.932890472836036044e-01
3.987383673987319188e-01
8.371825034008726352e-01
4.265642229474456704e-01
6.870072513267688752e-01
4.094342835885563803e-01
2.102690801910361562e-01
-2.664699050236693512e-01
7.928432650790019354e-01
-2.808075166852712634e-01
4.752464212114141523e-02
8.340364033251762566e-01
7.244510624555838829e-01
-3.292222101707645843e-01
6.652717974093891318e-01
1.203283825737281987e+00
1.229773454817560507e+00
1.065692473788745209e+00
6.201664165941895845e-01
1.681355866828266432e+00
9.686884325826183861e-02
6.085181282219333937e-02
-4.677314727429506269e-01
-4.878581394482835176e-02
8.411896855155117647e-01
-8.740324925350126395e-02
4.710402705826777781e-01
5.824691393305163611e-01
9.137734691734380466e-01
1.406664167255337050e-01
-1.966261571981082756e-01
3.593291237919282732e-01
5.840781822066365425e-01
7.943767895851001626e-01
-7.187691494379587487e-02
9.559975252586532246e-01
3.808969706466683314e-01
8.230806079736499026e-01
5.213534844150935488e-01
1.475340510151620821e+00
3.522111164106224712e-01
5.399853501971518810e-02
1.404007451828344077e+00
6.104572954704841070e-01
3.164991916616260448e-01
7.306901312584113128e-01
8.773984957744486168e-01
6.913803700829763699e-01
7.348322659215551500e-01
1.040188984895323632e+00
6.177197869187261992e-01
2.552537694611878294e-02
-5.402932759936676654e-02
9.899983961226725970e-01
-8.832412560284599867e-02
4.974897947493484018e-01
1.004439486634300271e+00
1.439724654706084017e+00
6.359750381815988396e-01
1.141867948311142911e+00
-8.551098460194330730e-01
6.123375590028965476e-01
5.040446292492882785e-01
5.749027095028615975e-01
3.093978411410403667e-02
3.852634680609951512e-01
1.994025925678519565e-02
5.174884748566862536e-01
2.835287336028047278e-01
1.595521567028241439e+00
7.273394334681225759e-01
1.105039900005167608e+00
9.038344192927779686e-01
-6.090323634452324830e-01
-6.835544318084819659e-01
-3.807394460380197354e-01
1.910548197440760765e+00
1.731605062775007642e-01
1.094851025328559047e+00
-6.790652722862555724e-01
4.357291774649129090e-01
4.168132424660928037e-01
3.444458907651151147e-01
3.369038284793955396e-01
2.605045855331373228e-01
5.715159416467425757e-01
1.024882641703102726e+00
1.192907330249050463e-01
6.114473309332453255e-01
9.412167119952647987e-01
1.758414301384389755e-01
3.077032672191263307e-01
4.337616475449698195e-01
1.093030978816812437e+00
6.352520693061096679e-01
4.075999519585255526e-01
3.364573759000353270e-01
3.236766311846005495e-01
2.886235582940634425e-01
-4.084293945549558602e-01
3.215445193743470820e-01
6.897188928274525788e-01
7.571747487530990917e-01
-1.664891324886869362e-01
3.736527697624004163e-01
1.494322436037618163e+00
-5.189235530571436605e-01
1.066622872793886012e+00
1.338499674390751348e+00
1.424777670549013830e+00
-4.134672399142304555e-01
4.357375483241338610e-01
-2.393645410878489643e-01
5.278048977299740208e-02
1.902153611964559343e-01
1.655280264851396232e+00
8.530710810839317038e-01
6.070893060579626299e-01
5.291650456079412257e-02
2.038874088754660807e+00
-5.103240185497555093e-01
-3.353339328712499623e-01
2.196248547296732467e-01
7.050846602527257589e-01
8.021634641536289079e-02
2.783956114623552525e-01
7.035528104932307070e-01
1.491964953080401113e+00
1.000879748944016656e+00
2.527466706094605442e-01
1.091943037577374875e+00
1.475183953363052192e+00
-4.192146135564389642e-01
-9.837031897275612113e-01
1.553015518329223354e+00
4.465545490857159572e-01
1.709119801523636628e+00
8.618733715375703763e-01
1.624847484428703637e-01
6.053154523993812264e-01
7.479950098918216606e-01
4.646840072303937141e-01
2.574551184822752581e-01
4.821217969630270939e-01
4.835591754045255874e-01
6.561273362643571527e-01
4.302505953983590814e-01
1.424506642678617485e+00
6.053270127936488665e-01
-1.447266082720490010e-01
-7.442556428127968804e-01
2.508376241450718247e-01
9.361254970302477219e-01
1.475656503543496756e+00
2.880820648410016838e-01
-1.946365961101899633e-01
-5.832507560546907888e-01
1.384078412986050610e+00
4.882325148384730751e-01
1.531234779594203621e+00
5.283966584292864449e-02
6.101856303884753974e-01
-3.448248636122318578e-01
6.352954890094142382e-01
7.792394534850350940e-01
1.730762791573522863e+00
-2.354656735417701707e-01
5.082492078144140724e-01
-3.486794847455865209e-01
1.129554038097249524e+00
2.394955346434698637e-02
1.572754839242031188e+00
9.135851576761420123e-01
6.787098043209025544e-01
-1.297366270375443775e-01
9.866491870618596671e-01
1.260685893025719206e-01
1.274394494730022087e+00
6.815441652947648032e-01
5.596219855983632918e-01
1.365207321652320172e+00
1.806980996313973575e+00
1.265928884690916377e-02
1.259212103833988960e+00
1.821210450759543464e+00
1.051466482203831099e+00
1.274949120014461090e-01
1.917492640551724248e-01
-2.341581079041304969e-01
1.013770633870347382e+00
-2.677109839470324243e-02
1.377940844772749696e+00
1.647623349645587210e+00
-5.973451411717360937e-01
7.555804132709769139e-01
4.347019884653875454e-01
-3.054667551268767101e-01
6.248450748630587359e-01
2.923885499540521127e-01
-6.286627922078774633e-01
-2.089449931879504563e-01
2.097306086364257582e-01
-1.333273400606639902e-01
8.970743254467299366e-01
-2.243116921942350239e-01
3.573928328030341883e-01
7.668385776530320941e-01
-3.287561521778974982e-01
-2.834250228596841281e-01
1.452764780408469347e+00
5.979452827722658848e-02
1.456387728399929582e+00
6.941758325237352700e-01
6.081971677257954623e-01
-7.022674868025879924e-01
-3.897765746193205816e-01
1.399647841996358943e+00
1.990804830950418935e+00
6.967817462691000552e-01
6.886434050620790503e-02
3.737115495045551516e-01
-1.741374917820382728e-01
1.519681915849028897e+00
1.438279004764327074e-01
-7.663663834808255582e-02
3.714301502646293329e-01
1.096640004739890761e+00
-1.756755873408786250e-01
1.291134405158868015e+00
3.255841087819196789e-01
7.047406792273022136e-01
8.374405083850385845e-01
9.212367805735156567e-01
-2.337575918450196175e-02
1.177648299424221889e+00
-1.236771618959893286e-02
1.044925892387814498e-01
7.420741606630030240e-01
-1.251550329724457344e-01
1.093386930087916487e-01
1.061482176030611013e+00
1.220116230991825645e+00
5.529833813385212071e-01
-2.877298821947237850e-01
-3.750407188449373930e-01
5.824289456238090912e-01
1.668164169560246712e+00
5.574978958418411734e-01
6.742298709503156129e-01
-5.091903542231595026e-01
2.964091524800984701e-01
1.119394801786984361e+00
4.621913983787165336e-02
2.977027619001619829e-01
9.134779209808794320e-01
-2.204514308404222356e-01
1.065423285070775661e+00
1.080791585812418409e+00
9.564797350419456112e-01
-2.160928937229963653e-01
4.056125628109277792e-01
1.146099198138827546e+00
2.659360455702814430e-01
1.527975963707301599e+00
2.290683138264721364e-01
-2.931427518879948790e-01
1.564610114889695591e+00
1.507876479331782260e-01
2.050284930789740834e+00
1.295096008724621606e-01
4.647184308535887154e-01
1.770004553172598527e+00
5.056571073039649589e-01
5.576034547083955073e-03
4.158222549590770978e-01
3.336525285462570434e-01
1.492465536744481236e+00
1.397501004066632024e+00
-1.035580813654994048e-01
7.597044246845737758e-01
6.061231230346689758e-01
6.432485960482881016e-01
4.677956234731964758e-01
4.526871510167632673e-01
-2.513969275353533650e-01
9.472196088783900736e-01
6.311129154803104546e-01
9.169335336148485283e-01
1.146388260291226167e-02
3.031870992489645311e-01
2.573973172084807748e-02
9.387238040236240977e-01
5.742628115230762331e-01
1.944118830855763091e+00
9.437684589937419544e-01
1.943935914915068675e-01
1.154341884771823201e+00
8.729330391931878763e-01
4.927596977429201108e-01
7.864294223171800491e-01
1.354468273576840076e+00
-7.104561502449200372e-01
1.141716581303679812e+00
4.558546451337832095e-01
1.846295549497989130e+00
7.654479007629980680e-01
-6.137483301295590943e-01
5.877344530507148113e-01
1.307874629682246770e+00
-1.193956436669316445e-01
1.717583297294576761e-01
1.498376003942173185e+00
6.295193225860734598e-01
1.067409455587641887e+00
-1.569144166455867934e-03
9.263001392815193302e-01
-5.505971949260234782e-02
-3.404652691381344076e-01
7.532619514921717885e-01
2.921709143479842563e-01
2.018783047787068297e-01
-8.221931010262666373e-01
9.317893490832189762e-01
5.431393862675620854e-01
-6.060725476313878479e-01
-1.009749703112718111e-01
-4.405431097020083286e-01
1.628381778688159809e+00
1.093548941611555581e+00
-7.694071847529837527e-02
5.463808091297567282e-01
4.221303690104954986e-01
6.343032855130752434e-01
-2.142786566375395052e-01
1.197714343179431040e+00
1.404439543801504264e+00
1.182300758683506814e+00
-1.179911384403925290e+00
1.269039681853480150e+00
4.948569584260320564e-01
7.454064661330992436e-01
1.870115239172959187e-01
1.788087164682644836e+00
1.444613560534925512e+00
-3.442616379376971514e-01
1.803314089840470258e+00
1.097766917584728219e+00
1.010459412190306328e+00
1.484288350588178984e+00
1.512275656532812373e+00
1.405992072020492589e+00
1.363706278533990401e+00
9.621238454006658669e-01
-1.047175031069453033e-01
1.323456865544628824e+00
7.745459589127896838e-02
1.756427727792244431e+00
9.679946954227764966e-01
1.012465068670405755e+00
5.355589601885284434e-01
-5.027221638131214032e-01
8.810856038613255059e-01
1.327198311053800817e+00
5.985962176999175544e-01
-3.501402284461260228e-01
4.976515542785443502e-01
6.166787167490881405e-01
6.282750577181561713e-01
3.513164759070428467e-01
-5.158751289020928610e-01
-7.946576854649649579e-01
-1.341667575865601314e-01
6.539303496933834836e-01
4.660840169053767079e-01
1.563446693195472248e+00
1.001907990070732168e+00
4.602754203350418738e-01
4.752038941755322154e-01
1.312855861164937465e+00
7.788456880469085686e-01
-6.575859863146528150e-01
1.050627392950806538e+00
4.844078092525748724e-01
4.385414061525462204e-01
-7.655527793314562124e-02
9.922460754936518468e-01
2.610529694626076078e-02
8.162502278778157594e-01
8.341599987897430069e-01
1.276418949451884277e+00
1.206106531755025690e+00
-1.279368458629763505e-01
8.411341610242419053e-02
4.541528502845538218e-01
-1.100001034782852050e-01
1.861120047284303691e-02
7.607238634331654481e-01
8.050639648787549785e-01
8.112853671467178396e-01
1.352545340977204358e+00
9.970298690671543229e-02
-8.257163381076085273e-02
9.608656227286169749e-01
1.094939621785684825e+00
1.898750070250724953e+00
9.601135431204833870e-02
3.645982972662679678e-01
1.091657228597374463e+00
5.066682355743136190e-01
9.789341838325086309e-01
1.424355280576938387e+00
7.254981849207256528e-02
9.955138730620435306e-01
1.081183316553909313e+00
3.170630311399650902e-01
1.032546517679147735e+00
-5.171495412779841816e-01
-1.774310409292017415e-02
8.199375591152915366e-01
8.858494696028068605e-01
1.030288055363890010e+00
-2.055679799339349134e-01
9.870098518580555647e-02
2.214777648630791851e-01
5.968825925986462888e-01
5.813811702101340240e-01
-1.085003253562223602e+00
-1.302994571510420196e-01
4.645041738021455369e-01
8.683193522559178035e-02
2.291443722332002497e-01
9.444147211774978068e-01
-1.333274107384005425e-01
6.193653698124441664e-01
-5.324549580304053231e-01
1.566035890978370926e+00
1.312634177917863187e+00
1.011493192870084601e-01
-4.719201418582945340e-02
1.472810256416956509e-01
1.567431915493249006e+00
1.108586008096062336e+00
6.107642937710937581e-01
5.731327537229407021e-01
-4.886726814794524754e-01
-1.202543981990548128e-01
-3.518917186172005884e-01
-1.586364802301869562e-02
1.648912993329536558e+00
9.346980104380936405e-01
7.548185396387486756e-01
9.054388732025558939e-01
1.061374786620467858e-01
-2.360578440541424849e-01
-1.099006669007420930e-02
3.615721653472743768e-01
5.157256570321574474e-01
9.039132485174258269e-01
2.361791579913165018e-01
6.569798395088871645e-01
1.128766203967344062e+00
-6.645010347964946940e-02
1.373660951415790699e+00
1.994172017172898825e-01
6.007972755869268600e-01
-2.964392095429984608e-01
4.331993711326793672e-01
7.891490056656049745e-01
1.341333179722302260e+00
3.861186826396715288e-01
5.801265552850248808e-01
9.127819590221151191e-01
-2.101793129926127768e-01
1.015024215755659265e+00
1.593752384280462120e-01
7.011598022638523275e-01
-1.253107301256913830e-01
-9.706212265205317324e-01
-4.056552357751387894e-01
-1.310803769112568462e-01
1.019605955968919453e+00
1.838445113928458829e-01
1.138966751459795868e+00
9.160048579376989242e-01
-2.167106803623641831e-01
-1.726088020842288240e-02
-5.722479773587749730e-01
9.308070579492732088e-01
-3.502278758376512480e-01
3.498735190427939568e-01
4.474978245820891432e-01
1.859813669550021586e+00
9.358521884184779482e-01
-1.089744379597745380e-02
5.259304122783033802e-02
4.639717233933244311e-01
2.481548907285549554e-01
-6.707709424602816828e-01
6.007006107399339712e-01
1.053177127352717513e+00
1.547228443477857596e+00
-9.586946999237191958e-02
2.134781260045719720e-01
4.289476046419437583e-01
7.756712114973137728e-01
-1.002591679435408167e+00
1.384911363349108804e+00
1.210417543445693633e+00
8.031253476003561431e-01
-4.997108690057224800e-01
1.205562675002483930e+00
8.790273083369288809e-01
6.475149285424917078e-01
5.533716184275014882e-01
-5.685833817674730284e-01
6.363154502809065249e-01
-3.253920433678962887e-01
7.165022779680301213e-01
9.696550893212209088e-01
1.462515703436245929e+00
5.592514517146582320e-02
3.583238231016150355e-01
4.505985330863501170e-01
-2.427523647944383467e-01
4.771747513967014576e-01
-1.579399977587367665e-01
9.046741915735960760e-01
-6.427551932417165936e-01
1.117691565825666977e+00
1.264124431982220242e+00
9.907094371714608716e-01
1.472181992625452240e+00
9.880193261648844150e-01
7.388744309652399700e-01
3.253597528112200932e-01
1.723224848919351349e+00
-1.868823062689668468e-01
1.053584997678918223e+00
-9.051930956736496670e-02
1.364020085343534250e+00
1.281567856292534557e+00
-2.660909488267067247e-02
5.361234546368303100e-01
1.030091627646811947e+00
4.719885690260865185e-02
9.400633401556395263e-01
1.560300348582322583e+00
5.364781163427811972e-01
1.471920657513858255e-01
-9.026428520963358793e-02
-2.426340819819901989e-02
-4.035481000265832008e-01
5.075686029207618910e-01
9.289056536909470752e-02
4.581857079461634230e-01
9.200766978140887398e-01
7.628474381486092248e-01
1.339724452759462059e+00
5.485549362713066923e-01
1.398287666953052844e+00
1.047093975141654282e-01
5.693240463330138112e-01
6.028149898138134288e-01
-1.889278751050073313e-01
4.488072249531063207e-01
1.574179060855278367e+00
3.753937746315835072e-02
6.720763621421325107e-01
9.987510690413212711e-01
-7.065968803034580192e-01
-6.412896114900741296e-01
3.635880905453384160e-01
1.369088448574287575e+00
-2.678358850441603378e-01
9.935284514298460268e-01
-2.505810963884068099e-01
-4.557862596788718190e-01
2.446067480548771433e-01
6.412288336409256440e-01
5.190564862635131949e-01
4.134476714557607790e-01
9.068165204132468959e-01
1.185842654656009243e+00
-3.333845408732227789e-01
1.011800140385727076e+00
6.109450425507771953e-01
4.542383575354658753e-01
1.100364436950080904e+00
3.113263291477209038e-01
-4.356373926264147656e-01
-1.209768678241826129e-01
4.018440078817770433e-01
1.238960806129218328e+00
9.427571779151359133e-01
1.669446099212943180e+00
1.938956995638328185e-01
-1.093806996643198887e-01
3.098778026487540305e-01
1.412487780653094438e+00
3.475492016712861676e-01
1.244622142438218226e+00
6.504281141112424613e-01
2.549260093555324458e-01
1.709555512865461813e+00
1.032449820428491982e+00
7.202199466973925324e-01
-6.349568376684687661e-03
7.675177467001331744e-02
9.853657222744502953e-01
2.158132859949100923e-01
-3.547356394746327135e-01
6.085667657901719929e-01
-7.320756259673008026e-01
3.788217563842724567e-01
1.415738887720059402e+00
-2.522234350859826058e-01
9.563047975802786427e-01
2.729109917021035336e-01
1.045694278496856366e+00
6.037533944061314051e-01
1.966602881142905379e-01
1.372058464244077847e+00
-6.504598418007560001e-01
1.019101329931533240e+00
3.834370330679010563e-01
1.069570492439204101e-01
6.473392787791541758e-02
1.081029848273228122e+00
1.490560694678181308e+00
9.271778556132487248e-02
-5.525581116763029765e-01
-2.469437637877912595e-01
1.383847311888020348e+00
7.423366877049319967e-01
6.395930800893667723e-01
6.287108551842620630e-01
-4.970374934315548859e-02
-1.684590310449767814e-01
3.748433304795913967e-01
-6.176972904075022086e-01
2.517566936121054880e-02
-9.220834553307839798e-02
1.643468266676752609e+00
7.949365394055367684e-01
1.627406250902092344e+00
5.715042929359660517e-01
7.893551850357540811e-01
-3.098296305513699167e-01
-6.407777144021756244e-03
5.854782991317968310e-01
9.547478092003108818e-01
-4.787056607672914299e-01
7.967938575713536808e-01
7.632120571085768690e-01
5.140338904444044510e-02
9.703677765446200310e-01
2.653386024862136039e-01
8.788849368882917235e-01
-5.191001820625691376e-01
1.006159854708231105e+00
-1.484567986216896729e-01
-6.088777018441874356e-01
9.768320933078146195e-01
1.493714861393434346e+00
3.508713903580447657e-01
4.657334065899830788e-01
-6.874174167049659223e-01
1.232965394168240025e-01
-1.319714365968563952e-01
6.663423341005340061e-01
5.825544008956888842e-01
1.631712506159584075e+00
1.293721808099072001e+00
1.306883540942539890e+00
1.887127943153314169e-01
1.022500807753123686e+00
9.978356225895287368e-01
1.404456040764805458e+00
6.931019454989293394e-01
1.415983208389851589e+00
-5.643178608752683623e-01
7.210730223056363575e-02
4.576061447739762089e-01
5.960087590516126577e-01
6.438714426641665156e-01
1.059208885719535420e+00
1.040714622404013356e+00
5.205883728379959718e-01
-5.121989851525022841e-01
1.491105819950353073e+00
6.279526844656223572e-01
2.549223756030481458e-01
1.890323848445058852e+00
2.611528069908269356e-01
1.125734966468972864e+00
5.257533303227506227e-01
9.248991014974409230e-01
3.823962130411546756e-01
1.409495997636538211e+00
1.207815418013679531e+00
1.443356835496775181e+00
1.063591230509361329e+00
5.574672308848156455e-01
4.512869446038961230e-01
5.730781888292582615e-02
-1.749014543491904661e-01
3.019760868312859059e-01
2.192994402032169443e+00
1.581531611351779221e+00
2.403432300117699372e-01
-1.180736856655011241e-01
7.226838614937751426e-02
4.224100495951382817e-02
9.574134257003282800e-01
8.395210871859078994e-01
5.596280727912182895e-01
1.792344023074946335e+00
-7.570487867872177645e-01
3.659436075071302863e-01
2.001389898178958515e-01
5.057228017620016836e-01
9.155634309236326818e-01
5.831897319649161915e-01
-1.719568665099357463e-01
4.739401758452618796e-02
5.574634104242421895e-01
7.189246337064543191e-01
1.124616687967448847e+00
1.179991326843792265e+00
3.555533617363338394e-01
2.123381579971026500e+00
1.743210712954931241e+00
-6.089139250438800888e-01
1.285778866867113512e+00
4.173848946281215055e-01
4.603396842477102680e-01
1.084922346330457810e+00
-1.538595453069317165e-01
6.951079215858465554e-01
-8.735286567316319362e-02
1.187876598461208744e+00
4.165685730384086627e-01
1.274938332351158721e+00
-2.197121597399140092e-01
1.888085954494033603e+00
1.348074310434094425e+00
6.326009407113598881e-02
-2.561044809186767413e-02
6.376741063811695032e-01
1.161897946138453097e+00
9.424234892166996058e-01
4.187452958248979451e-01
-3.730202955568256429e-01
-3.338283814786841552e-01
-1.611765247466546147e-01
7.700325056818748681e-01
5.459475785150601501e-01
3.042076450693129153e-01
6.724219979136210057e-01
1.184351216523199524e+00
1.379314882175161738e+00
1.343688999276333673e+00
1.668264709908727841e-02
-7.636691265995140809e-02
1.510753053429049864e+00
3.473316356615742673e-01
4.316584255519654439e-02
6.104131915531227359e-02
1.044458287536542906e+00
7.231756632328133483e-01
3.149154274152540789e-01
1.491639271657022370e+00
8.140180634073214128e-01
-8.027092930480618227e-01
-4.744878029290336974e-01
-4.327989369257350116e-01
1.114878294461792319e+00
-2.930352404716052850e-01
4.769177715455778788e-02
1.426686824579164403e+00
1.226447506961147182e-01
1.443172329245998142e+00
1.096599742652704323e+00
1.549291410580314832e+00
4.571690644953656513e-01
3.952894942652697141e-01
2.076558439377466314e+00
5.127672237778058140e-01
1.586722259166412768e-02
-4.262940626913805375e-01
-1.746226313643807204e-01
6.748193092116095970e-01
1.349454491894110930e+00
1.679418741915047475e+00
8.075122609712550581e-01
-6.897355147502792945e-03
5.926212477193022465e-01
4.527494281046402502e-01
2.434554942108226316e-01
7.589572978102706591e-01
2.422738583378975519e-01
-2.665557164300658144e-01
7.104677149284877036e-01
1.092506670859763052e+00
1.765856794771724914e-01
2.637035348874222085e-01
-4.439679595747733631e-02
4.050059281384699728e-01
1.398714195961650253e+00
1.644656903343048315e-01
2.703401250954314827e-01
3.969894423552330354e-01
-3.175840730033966386e-01
6.218481730554724640e-01
5.168193035292598658e-01
-1.595930371169083095e-01
-5.328727392774874616e-01
8.635286754118275399e-01
7.699450975470371050e-01
5.911160806082711439e-01
7.692037981219670417e-01
1.006152733618785655e+00
3.003487043989720440e-01
-2.773530882683410831e-02
1.098848967742811072e-02
4.047881050575156126e-01
2.354485615625538930e-01
7.658033273267260688e-01
3.545722254719524957e-01
1.164777818813219901e-01
1.439677399207783814e+00
-1.221066945594334249e-02
1.074397294497163591e+00
1.762794115254429750e+00
3.152668979814132744e-01
1.518353852156999029e+00
9.362509920286724574e-01
8.014377611264053014e-01
3.231390082917018347e-01
-5.002807615081640291e-01
5.099227856789128044e-01
3.850535617204671746e-01
1.692457891151998961e+00
9.367968182359045493e-01
-1.801691881700840381e-01
-9.553731214034784369e-02
8.469380420309700064e-01
-2.014160694069991597e-01
-2.504840673360645975e-01
1.747187993120201677e+00
1.367070691935606375e+00
-1.918932622683132416e-01
1.576873036166634989e+00
-1.316453135446075950e-01
3.112813565507769331e-01
3.505096360178722725e-01
1.455906877912949982e-01
1.051635795602307022e+00
9.869813650308938424e-01
3.460135433896186496e-01
-2.412361631154506802e-01
9.136659630923650299e-01
4.283926038462623209e-01
9.343926789922398779e-01
2.149301977608847114e+00
4.534722516458534192e-01
1.355496922674156002e+00
1.907486687565242700e-01
1.476015804925998320e-01
-2.744197398380999325e-02
5.538628339542149837e-01
7.390112986163492881e-01
-3.937232713392966876e-01
-2.035898392846376970e-01
1.343719975968676872e-01
5.478069624038012231e-01
9.138956779172850986e-01
4.292519581355097036e-01
6.093015143859696892e-01
7.698010738382982110e-01
-9.389880112064367124e-01
1.145017261418771193e-01
7.799054062756149985e-02
5.375190962491888103e-01
1.246428470985780690e+00
1.068014361858642625e+00
1.495700129409738566e-01
9.356405319897720396e-01
3.044910208949814234e-01
1.215596989698967123e+00
1.009822443833938044e+00
8.575315340778959516e-01
9.337511193247274854e-02
7.281905415448268748e-01
3.897212286794201619e-01
1.423418006404216229e-01
1.482208105563234346e+00
-5.403135562227295852e-01
-4.596304846480006590e-02
5.439665473652801619e-01
-1.198116746533545163e-01
1.233444376318667768e+00
1.059970777827470956e+00
8.518619917584165924e-01
1.000389589569660620e+00
1.069281562448559653e+00
3.236476378068355864e-01
1.736994758830666230e+00
2.911699296900598366e-01
7.453167962972370164e-01
9.409270750358287305e-01
8.814300452280856568e-01
1.053367528614478354e+00
7.071941487291714956e-02
7.227192275261197230e-01
1.401300494115046980e-01
-1.443815648012317376e-01
1.097852197444896705e+00
1.136160532762087616e+00
1.540259195742758713e+00
2.906165690678233493e-01
-1.171090930496170746e+00
-8.560890540404553217e-01
1.134623049706094677e-01
6.748718458368229145e-01
5.609266458161784596e-01
6.207924685089191152e-01
9.295609470095358429e-01
8.932746620152346440e-01
-3.678137564169709633e-02
1.392922558232439378e+00
2.040964267961694611e-01
1.186764494178041307e+00
2.116979203001768894e+00
1.072224669129703045e+00
-1.957895427202101246e-01
9.382318521014892942e-01
9.395733254118123767e-01
1.774930956579642061e+00
8.370013109538452234e-01
3.721203570361840129e-01
-3.423761581882430183e-01
-1.508555191990324645e-02
5.474897394058507727e-01
5.619023899353876583e-01
1.322806430755756546e+00
9.471418985356864217e-01
-3.518991227228170093e-02
5.635035352292305788e-01
5.786244300301480736e-01
3.036545217296534593e-01
4.086013776696139632e-01
5.846226630450364059e-01
-3.532098091214914692e-01
7.868806375140060538e-01
-4.875658224377137084e-02
1.039080965622181996e+00
1.539149545761153481e+00
6.942607909133924338e-01
8.631159756213296896e-01
1.246528570754141113e-01
1.474936276370532928e+00
1.036122592875303727e+00
-4.126134049883662946e-01
-2.394069771091937859e-01
1.013386875796649322e+00
9.388180264261909436e-01
7.373157919473964927e-01
-8.117716199842605063e-01
2.080538749930949949e-01
3.405998640138694356e-01
1.260702351444986657e+00
-9.334897252889576280e-02
2.606802765093934118e-02
7.802707788855471893e-01
1.536073038634438115e+00
5.196441988929320077e-01
6.282956404732921163e-01
2.489620201408871691e-01
1.059639083162286610e+00
1.207898505696360480e+00
6.778272550564793386e-01
1.380548982429270044e+00
-3.259982493296982309e-01
1.113901876628351939e+00
3.543303002650213807e-01
-2.002934365509111692e-01
4.086036698636309472e-01
3.738666842950005842e-01
1.471369493523506211e+00
1.062452865024801962e+00
4.443495501714791462e-01
-2.835605530047747846e-01
5.788972759512996946e-01
2.058276463028578362e+00
1.223324190124369437e+00
5.386651177983367011e-01
-7.631776034452617541e-01
9.041435805434387962e-01
5.098188370489818988e-01
5.054177454645892853e-01
1.953296661481636609e-01
1.776717483365321648e+00
-2.776475106771587528e-02
3.921266825595956518e-01
1.039460659224104466e+00
1.611125328355161035e-01
1.045723233599999302e+00
7.785053027482488064e-01
2.302384372043216332e-01
5.146493876942598300e-01
-4.328580131603399495e-01
7.998419750804833250e-02
-3.074154914694044449e-01
1.465338493295947009e+00
4.290232997948888460e-01
9.542601915414079539e-01
8.220227977545253861e-02
3.883974831377952075e-01
4.241379118708032969e-01
9.681406036060400400e-01
-1.232200154411354553e+00
8.547428330924390361e-01
6.396346045981202710e-01
5.058524763649909772e-01
5.601503803807035275e-01
-7.719654422230316504e-01
5.714486525031302611e-01
6.383807388466133936e-01
-3.899653905753087679e-01
8.221331769807697087e-01
1.062868831108245482e+00
3.841859039274981846e-01
-2.953625715244320715e-01
4.009940753051437490e-01
2.501705779354093107e-01
3.403285322412671898e-01
1.240656130364859555e+00
7.979237716275399128e-01
1.418567914043256106e+00
1.363799586717822331e-02
1.152254498930231907e+00
4.771734311578489929e-01
4.566586790379210670e-01
1.181999382280914251e-01
-9.095709989357386727e-01
-8.614654883686614362e-01
1.258268716503959661e-01
8.848400240816235440e-01
-5.125620347572382718e-01
3.358189451709227558e-01
1.019104024872947156e-01
1.633378246593461869e+00
1.212004041495741147e+00
2.034565349783272747e-01
-2.491223781187159869e-01
-2.000438089205263947e-01
4.062386794742641194e-01
8.126437595532179925e-01
6.857500846110495818e-01
7.580674580557664743e-01
-1.328926010067883468e-01
3.181232247185193929e-01
2.408805489908528649e-02
5.538137579821673651e-01
8.100376776050487448e-01
6.544709699552374582e-01
-8.445087839804919783e-02
-1.765032641912074318e-01
-6.132158666718567908e-01
9.743338819358098313e-01
7.165259420822876757e-02
9.487772051219289793e-01
8.579432721776603099e-01
4.107310654453450449e-01
3.858022963312821574e-01
8.791765146104597584e-01
7.477723758731080750e-01
6.876746477158705018e-01
8.207293963012182170e-01
1.968982326756193169e-01
5.145826709697296497e-01
-2.456289186954057624e-01
4.732064751553252124e-01
1.503472435577839217e-01
9.810798858322594684e-01
6.240313894101935377e-01
2.798456832708619002e-01
7.945687163091196270e-01
1.405861271189678519e+00
7.833930335112054832e-01
9.145038370532895255e-01
9.579833463045783759e-01
1.517562987351176451e+00
8.329575187371610068e-02
8.586844213987149255e-01
-3.160447189043852911e-01
8.099449372922580270e-01
7.145078611054042073e-01
-5.545421280533254782e-01
1.909122224953822000e-01
1.089481634611148553e-01
9.416463114656397071e-01
7.940563364966767290e-01
1.349726225644859223e+00
1.190766082390530167e+00
-5.953186601139652812e-01
2.250428201717067089e-01
1.523325683150292542e-01
3.417695112687361703e-01
-1.859644247832768216e-01
1.401042060082199336e+00
1.140099093928019336e+00
9.460793243830991628e-01
6.216125249934565389e-01
2.366778292469907952e-02
8.392679287465315552e-01
2.765169704129851191e-01
1.359092953109672930e+00
1.144013356231122325e+00
6.495894183792838561e-01
-4.859033249025986323e-01
1.126786924882309693e+00
5.035492311504179419e-01
2.223060837377992260e-03
-2.385848498074636392e-01
4.618824608922544872e-03
6.946040882720321274e-01
-2.857538559180394788e-01
8.921619679991947827e-01
1.757445456617197643e-01
7.844647084065979603e-02
-1.769798072984865578e-01
-2.505148882084498596e-01
9.314160408024789728e-01
-2.010741496944780105e-01
-5.094574986091957719e-02
-4.304191742477909144e-01
-7.656496864137144476e-01
6.305633349920605202e-01
8.586327633638698442e-01
3.149102272422010240e-01
2.794029091685174548e-01
-3.991847253710326116e-01
5.568479570462363526e-01
5.531815850684568270e-01
2.363892433548364092e-01
2.082514863292632690e+00
8.645699087076816891e-01
1.492759790552665056e+00
1.763956517410687486e+00
2.597506755990284244e-01
5.619908149924212060e-01
-6.636850586207881930e-01
8.718935946734172049e-01
1.211795627643512674e+00
6.901005891958489347e-01
6.189640029503861163e-01
8.468655454430894514e-01
6.709618845412728128e-01
6.031333686276763029e-01
7.049331471577089392e-01
1.193076364340657225e+00
1.757310423756764051e+00
-3.153816988672631938e-01
-6.032747262809330380e-01
-8.675152022621754333e-02
-7.060861015863119095e-01
4.496735412935685128e-01
1.580869984350083968e+00
8.807137049136076756e-01
1.037371193982993489e+00
5.657261187210108622e-01
1.351789605037342135e+00
1.391521811809500075e+00
9.337671528836830603e-01
-7.716054313404438481e-02
5.677798247562715339e-01
-9.231276014234185423e-02
4.231859584454421008e-01
7.922432836669497380e-01
5.774623317230282993e-01
5.758286414623514649e-01
8.148683320832578181e-01
1.400746160734991919e-01
4.547601239472009310e-02
7.405341350088783248e-01
9.760864383646526976e-01
-6.841934399079941942e-01
4.859627225110246251e-01
9.032676940906368968e-01
-2.250433041424234615e-01
1.523804782021468407e-01
-2.460753259473187904e-01
1.770797749813763700e+00
9.923125450947124782e-02
8.723843523772363273e-01
6.997032169578305538e-01
9.478139922981434484e-01
5.104505007398095484e-02
3.461563200185592271e-01
8.045122108583635523e-01
6.539289207935947701e-01
1.242323951293900774e-01
7.008763849374030075e-01
1.360839224245903090e+00
4.315967214320143852e-01
1.044161314878416125e+00
-2.165381367582596139e-01
3.402294259530302956e-02
1.624699497177790386e+00
8.833816041906552563e-01
9.729245627068742186e-01
1.542932271629586516e-01
6.608649036460377824e-01
-2.218136181731228118e-01
1.560096481896657006e-01
6.706101818619963906e-01
3.722382877098208143e-01
5.531784233782502946e-01
-1.100314259171167874e-01
9.457935184513782678e-01
9.426054606076976761e-01
2.712543914291030145e-01
1.370758789408167422e-01
5.245100840361038852e-01
9.489485606808658602e-01
3.560810607658700389e-01
3.483541565169682164e-01
-3.420703776620548364e-01
-3.333424663762325768e-02
-1.170799384470912197e-02
4.250424965659219678e-01
6.283267750012890840e-01
-5.875752739525430535e-01
1.144446349041671862e+00
3.602528615332498685e-01
1.063897296173430762e+00
1.401862747494571626e-01
-2.147772617528188044e-01
-7.500523457607246591e-01
1.489899146248420569e+00
1.133226704256308226e+00
-6.669372217831407434e-01
2.184847705153891706e-01
-1.987165770811163412e-01
-1.324374101758564182e-01
1.109084730428667287e+00
6.318326730240853006e-01
1.175661886252152843e+00
-1.302364029961047831e-01
8.876847316629526974e-01
1.070841096476329524e+00
7.909931217254561053e-01
2.106309535778969066e-01
7.228739601651817948e-01
1.987674004685532569e+00
1.047234326845855046e+00
7.348077144841141939e-01
6.756819429483357231e-01
4.104906544881121166e-01
4.626330260561463126e-01
6.690924900264422215e-01
1.502794620346614263e+00
6.200993231179628973e-01
1.087365633940835519e+00
1.903359368165156718e-01
4.598121196039994807e-01
-6.823277037220130126e-01
1.074933083614297985e-01
1.273598625144443663e-01
1.004472693830151808e+00
6.791670756894903072e-01
3.545111156824266030e-01
-8.396724575343629537e-02
-2.373935627419381314e-02
1.090164616621629889e+00
-3.350906672354864169e-01
5.878462327011425570e-01
6.357624560177597139e-01
9.532915041485672258e-01
2.955408405677670269e-01
-7.894038507959337536e-02
1.053920512997967407e+00
-1.116389947769224344e-01
-2.213902012046518875e-01
4.881512385234186291e-01
1.464988694349113496e+00
3.807910751995430831e-01
6.975882037602911812e-01
1.439446323610674927e+00
1.084147457760739952e+00
1.056624772863648198e+00
2.983001532781303089e-01
8.843778345637565153e-01
1.211039456705937933e+00
9.513390891032131869e-01
-3.941949443518449891e-02
6.820843234449696091e-01
1.407250304153493670e-01
1.280500860711696554e+00
-3.338072888433878393e-01
9.831958807849086046e-01
4.541608079307114521e-01
9.851077463602885276e-01
-1.749698671331819388e-01
1.398825037668696147e+00
1.006455509824373484e+00
1.484502238699635601e+00
-5.875067451950611863e-01
7.835666582433276073e-01
2.090893264234737536e+00
7.550337372854866169e-01
6.763751509426380037e-02
-8.927330076009420967e-02
-2.258444195955882916e-01
1.843256222167844793e+00
1.156125549168525835e+00
-3.211230037508552293e-01
1.503661700225887632e+00
-1.353393430856222324e-01
-7.112303166552423894e-01
8.352121356555924914e-01
9.145328277738653533e-01
-2.361086203374213044e-02
6.146387039085037252e-01
-1.993208206546209504e-01
6.335803326049234130e-01
3.041400833791111924e-01
1.808687550072630712e-01
2.204747124851451190e+00
1.189239133224804901e+00
8.905553026613732825e-01
1.814517278056389793e-01
-1.813677056082629857e-01
-1.773781728796334778e-01
-4.766642380175975524e-01
1.249523268876432835e+00
1.293036629959413597e+00
2.662341824169527915e-01
1.111718458502639395e+00
2.558571248629143424e-01
5.336421625209778474e-01
2.799422994204158188e-01
2.041349520890164138e-01
-7.284272315389420105e-02
2.593901699405959382e-01
2.803602477799110870e-01
-4.254032097176514426e-01
-3.667966508269228376e-02
6.074885190316230421e-01
7.480089666548704885e-01
-1.458668785244490729e-01
4.259232995788265752e-01
4.900543052115564069e-01
1.009431277265878446e+00
1.082804675087390311e+00
-1.861362264584893178e-01
5.287223187896608056e-01
6.248032605592469535e-01
8.861023178876082929e-01
-7.443918276611315443e-01
-9.764339120217472301e-01
9.095476256626898459e-02
1.114795496698096855e+00
-2.162859375954412355e-01
1.640102120719236556e+00
7.532157189253341212e-01
-6.628159322935338604e-01
3.803786662561764453e-01
1.374948663920105396e+00
-4.111381310612058360e-01
8.667551083561931824e-01
8.071490774283883729e-01
1.202286287658226538e+00
1.013211712795511810e+00
4.566364521254075437e-01
9.295460182057750931e-01
1.042204980553268268e+00
1.181236951920529910e+00
2.178057450620591445e-02
2.071220004207351972e-01
3.233522977937159926e-01
-5.487086736688873145e-01
2.639341818837666609e-01
1.251469198815919892e+00
8.595627042521838401e-01
4.476685704201649463e-01
9.517985884106793248e-01
-3.350550938803657508e-01
1.302779958208650113e+00
-2.162911498833472168e-01
5.229877540113214707e-01
5.612689817404498127e-01
8.223399733631805431e-01
4.043803713477499007e-01
7.922391842608892398e-01
6.546848619434672001e-01
4.995417034577733228e-01
-2.838379969972117944e-01
1.209495943361219128e+00
1.023854041432579409e+00
7.202121360805006089e-01
9.539331169400296906e-01
5.841857288630176726e-01
-2.049693310036999616e-01
7.613605766473600100e-01
4.021354631753978892e-01
4.425152098327356232e-01
1.321108384970698602e+00
8.939691231676985539e-02
5.902883428716195757e-01
3.202370996921383717e-01
3.861765487811757991e-01
1.045491647251299838e+00
2.964405556850540080e-01
7.287805110156658772e-01
1.040567014697781234e+00
4.374339863845773668e-01
1.965469799626040626e-01
-3.828119104325329869e-01
-1.592479839391537366e-01
-4.038055863387920996e-01
-7.081804181088526828e-01
1.800438276003763605e+00
-5.137162448173054896e-01
2.834278175858954696e-01
8.840602237942631891e-01
1.200120524298976976e+00
-6.172525475208636703e-01
5.428515551314421206e-01
-4.249452738716740785e-01
1.001436932764934035e-01
1.285145237364164750e+00
-3.815767395045456256e-01
-8.560872869319873235e-01
4.189581475191158644e-01
7.640634691194621020e-01
1.320828294065205855e+00
1.212335543840610708e+00
8.189460543226692035e-01
2.324444093762900454e-01
7.899626368743947191e-01
3.716559486923563527e-01
1.089293658764518780e+00
1.129271981932442465e-01
2.731364364982484805e-01
1.120712172099913806e+00
2.370204992145340528e-01
7.422022529565498739e-02
-3.585773499691553151e-02
2.953922325586003095e-01
1.077836180455601589e+00
1.874036905981411261e+00
9.826243935034955079e-01
-9.394933752114471570e-01
1.602565002389426452e+00
4.135134816101778132e-01
1.408406498358442782e+00
6.452828388774247692e-01
5.304759779616631254e-01
2.441976177420095984e-01
1.004801871751858644e-01
-1.438546403043506616e-01
-5.132537186716144006e-01
9.506632458268631236e-01
3.537048075397588587e-01
1.226103903103630044e+00
3.424507490928772602e-01
1.121518106256018443e+00
1.183303563597162711e+00
6.580283756800778816e-01
9.111971982121532809e-01
-2.486577620525318166e-01
3.797927937516071273e-01
9.878299297654424826e-01
3.886430869559433510e-01
5.229036358623961878e-01
2.289667023706312587e+00
-2.478192905662757184e-02
4.799008514637899125e-01
3.558478220177614393e-01
-2.863787111523894979e-01
8.981101103428449361e-01
4.051743158164541336e-01
-7.896157900723617118e-01
8.352754673439407584e-01
-5.624717984799061377e-01
1.256113825839998643e+00
-8.316751090511443900e-01
-2.148313215939813281e-01
9.242294351522623019e-01
1.402892752244101482e+00
3.485045457719611606e-01
2.129596249311415113e-01
5.649349404734195224e-01
1.263468000376838818e+00
1.289696972679303388e-01
9.974799248293789722e-01
-2.280846161565648345e-01
1.056019751195176992e+00
9.244255880454315122e-01
9.074158578743769521e-01
1.260411573630426441e+00
4.931544698384119352e-01
7.106403757871331273e-01
-7.792023045283733573e-01
5.527443825917763842e-01
1.180560638494066783e+00
1.557760740889787332e+00
8.090986559111015275e-01
4.335209311347404948e-01
1.034726763336007327e+00
9.109038949773935467e-01
2.392369138763406067e-01
1.773142601705097077e+00
5.281080438476054573e-01
3.654599025987281813e-01
1.231165835613618365e+00
3.606059243770010636e-01
4.158576215882451299e-01
-1.668060935418376189e-01
3.132665514025522735e-01
7.408127936849308037e-01
3.894840944257885185e-01
1.030325078460377242e+00
6.416318103899597558e-01
1.119538026794445695e+00
1.482225112556996960e+00
-2.041850250281974921e-02
-5.975988009361316022e-01
2.025392309299040017e-01
5.005483589364891905e-01
-6.951393658537223519e-02
1.309917107100799116e+00
7.708008216843915683e-01
1.847763597236216637e-01
2.072238947427017308e+00
-1.127962088489650738e-01
5.734067786298026048e-01
7.710302113228735266e-01
-2.584348062198357082e-02
1.087054549810901882e+00
2.429429959988817778e-01
-5.055885420934271846e-01
5.308807459277209428e-01
9.845864030968024538e-01
1.762041465018941988e+00
6.342270337146562742e-01
1.012071684871246990e+00
1.017640041763675285e+00
7.973354601072460968e-01
-9.271174483563708879e-01
6.456419026241498882e-01
8.748946887960443730e-01
-3.377651552080647712e-01
1.708622528026704890e+00
9.405260676655992080e-01
-4.141235070387288553e-01
-2.716104848252400700e-02
1.978170431452140610e-01
-1.922982431767204792e-02
-1.488355049360194915e-01
1.001614276596635822e+00
1.275812072326176994e+00
1.404090587194317674e+00
1.070172372740919142e+00
6.931837394247257478e-02
2.748629318919141862e-01
9.308051649653485971e-01
-4.352644239061957965e-01
-1.168043627581333427e-01
-7.411771693026956154e-01
6.660320087888831342e-01
4.635942454156740666e-01
7.959190284237809276e-01
2.639236993171937828e-01
1.078160530498301073e-01
1.652830570708807345e+00
7.028249947651956653e-01
6.412914971329175540e-01
5.696534785740970941e-01
1.620633436158092633e-01
4.353875079634612066e-01
-1.666085220153367408e-01
-7.098853916517081641e-01
8.357798279842036937e-01
1.878008112239329952e+00
3.759239848189061539e-01
-2.496227842499296745e-01
1.867878025609856163e+00
-1.333269900103789818e-01
9.213809138565139945e-01
3.686998305341409599e-01
-1.098307655867780952e-01
-3.654072371705500144e-01
8.813996921780633542e-01
-2.580622690377504802e-01
8.689752230395706434e-01
9.534321265888421326e-01
8.007069368439908574e-01
6.002172530513876225e-01
1.071660011693048586e+00
-1.421996897837793650e-01
4.440470492213325904e-01
3.394784748881241043e-01
5.585200352945283164e-01
1.729201935903012521e-01
1.921139188132302833e-01
1.442132111141510631e+00
6.320595694390855890e-01
1.250391491673955580e+00
2.490492272568888554e-01
1.133941936587553379e+00
-3.571906260707387037e-01
3.453491217311157602e-01
-4.470200023025864278e-01
3.989140319815723812e-01
-8.904002947501261644e-01
-2.556703991253309050e-03
1.619517091053170876e-01
1.239255874198198715e+00
-2.262274009988888834e-01
1.145079287323762296e+00
3.793739086378439263e-02
-3.510723146248751481e-01
1.630419064033024057e+00
-3.575959767605101924e-01
6.374776463868278009e-01
1.267748271115866077e+00
1.116322872430397739e+00
1.539687607869774322e+00
7.551278580176535860e-01
1.228978411064020282e+00
6.840030294707253322e-01
-1.580611627078595038e+00
-7.924841039123413644e-01
-3.266749942496753323e-01
4.356502121547622952e-01
-3.560906819464034617e-02
-6.358575596341402569e-01
-3.545116251665740570e-02
2.723913882030158939e-01
4.573518826538576221e-01
1.016643775095052549e+00
1.793208429812727378e-01
1.194815972789381897e+00
2.450560682011826696e-01
5.667943322001733897e-02
1.087885203663295997e+00
7.677246891227982317e-01
9.949495633247766868e-01
1.032995281669456977e+00
1.216048462760616511e+00
5.751626307664682303e-01
1.016752145742642499e+00
-8.363931992898751000e-01
8.781377201619426920e-01
1.086029512471355707e+00
-9.056226582584057938e-03
8.876965831977855492e-01
-3.176261484275085811e-01
4.030572053492049167e-01
1.080585058424147205e-01
1.272329630739384543e+00
1.820635682771004626e-01
4.917841491948138355e-01
1.221975712868739627e+00
1.506547823738845437e+00
2.254388838900837744e+00
5.930278329979844498e-01
1.701421031803283801e-01
-1.051462787926964237e+00
1.469362283969793091e-02
-4.351822977582078811e-01
2.313313175813495604e-01
-7.733024175398101052e-02
-5.588817128747359808e-01
1.098514220634634053e-01
1.153077535760205219e+00
-3.927737181578499492e-01
-9.828375865522806509e-02
5.289022196865339476e-01
-1.009063080605872686e+00
5.597604871228352430e-02
5.240930870445759115e-01
-5.493535959558778492e-01
1.461529865215244417e+00
-1.457863730827838322e-01
-9.887522119054609204e-02
6.621953915072910091e-01
5.486739058344763942e-01
1.201621859849207885e+00
3.770078294237097505e-01
5.906194459024489696e-01
3.271578854447664830e-01
1.667575572279787477e-01
-3.490665891561505751e-01
2.873475435229339014e-01
1.386883460635845722e-01
1.481435942413482643e+00
4.533288357763977650e-01
2.053838106210423842e-01
7.706851490264230442e-01
7.776665526647099647e-01
1.162046794765098090e+00
1.128963056355460015e+00
1.192577409219401696e+00
8.093614903742604172e-01
1.245730441734235860e+00
4.137568520943044059e-01
1.567867827239306733e+00
5.386040256463650033e-01
2.118808853612231535e-01
5.181089611967371056e-01
7.978350932319444588e-01
-1.340660987145519956e-01
1.362227469716233541e+00
9.027302299395134622e-01
5.093763728719498118e-01
9.984935925952577174e-01
8.729510903788359477e-03
1.002949760367650045e+00
1.097820931998364724e+00
1.372175121101730344e+00
9.316933901003501273e-01
-5.412217810948969365e-01
7.097687059560287004e-01
-3.460942853314607492e-01
1.316987490121049875e+00
1.053345540835047833e+00
1.321135232143077820e+00
1.944160173407854186e+00
-1.119589342016846373e-01
8.855866964721920143e-02
1.190596385524974377e+00
1.655765240807871130e+00
7.373907998352475790e-01
1.387483677087974820e+00
1.655572014713037499e+00
3.123994916113330134e-01
5.980711356010982582e-01
-4.864015981829640234e-01
1.225975167886363071e+00
-2.200113337948996772e-01
9.199115388668729354e-01
1.022139845207855169e+00
2.097990880886702492e+00
-3.964448771694743523e-01
-1.415605731153618263e-01
4.695581104962777697e-01
1.074016555531840389e+00
8.788563508873686869e-01
-3.702881688261377285e-02
1.390195735104594377e+00
-4.549526499604363283e-01
-5.594570450746091939e-02
8.372601054446429103e-01
5.981530685637588274e-01
1.012932997173289884e+00
-6.193838188665315991e-01
4.219919570920048213e-01
7.267134113712125920e-01
-7.145803790269050770e-01
4.798028574654366052e-01
-1.261623070556516235e-01
5.440366314373829004e-01
1.250360722363284660e+00
7.380481111459558097e-01
1.386285980587352862e+00
-3.734542439947711179e-01
-8.713720764210928227e-01
6.445847854934321219e-01
1.186437126259237251e+00
7.855988366286069668e-01
2.876522981242508881e-02
7.150356951606245959e-01
1.013031244531552577e-01
-7.459804803916303406e-02
2.363367796110427826e-02
1.462733582837999480e+00
1.649065009358468892e+00
8.426021925815425639e-01
4.874656566174885297e-01
-2.377813092374346793e-01
1.082523818710360741e+00
7.520216818207080545e-01
-3.224706256560010420e-01
-2.627985883560906011e-01
8.979345555731013118e-01
1.351270910126190827e+00
7.268098213993873236e-02
1.660350835400342007e+00
2.271354096601161388e-01
1.350115256291966603e-01
4.742133474825123707e-01
9.647141712438435102e-01
-6.689763541366107180e-01
3.201132127270500671e-01
-1.319365391206691607e-01
9.163787871563487952e-01
5.284145721235031928e-02
-2.499297351430783756e-02
1.144382799243331417e-01
-1.301297474547726263e-01
1.178163028326709716e+00
1.187176748607752241e-01
4.729716071444576286e-01
9.008128687284184810e-01
6.158116160660439542e-01
1.370926446712292579e+00
4.340888344977091862e-01
2.796569304948809953e-01
1.085983890621747161e+00
8.480751861717118478e-01
3.471199256817463219e-01
2.781192704137168681e-01
9.491370204274945932e-02
8.912044751565160183e-01
-1.899873411748704277e-01
4.150906049387770858e-01
1.637417473293286907e+00
1.297740654556063244e+00
-1.313644159122007604e+00
2.320525326290529211e+00
-5.303294856788390299e-02
1.181854875128601989e+00
7.303636588605878499e-01
7.407481109389453255e-01
5.767830762361864094e-01
1.110281400695506182e+00
9.937542693617249512e-01
9.013315946421731617e-01
6.134586183413786031e-01
-1.014857270090596453e+00
3.990234161611483366e-01
6.614185386348121753e-02
4.723883607113636418e-01
-8.318510509837952205e-02
3.452180736234314318e-01
5.439560658147646333e-01
6.883853790057451461e-01
1.533834906284473165e+00
-4.229431215991688031e-01
6.909687474653884998e-01
1.628422319848441824e-01
-3.149275210701268923e-01
3.254349464263470160e-01
-6.822467483498280139e-01
-6.564082369759765001e-01
3.210983199152778744e-01
-5.779354731345311968e-01
1.913283930677807387e-01
-3.497425533086198080e-01
4.603908307997573446e-01
8.356891885588506597e-01
7.107094201192341032e-01
7.514127507409735784e-01
1.245928810478575954e+00
-5.091624752786381991e-02
1.088086988486698936e-01
4.758861439001295379e-02
9.410996932427766470e-01
-1.555795727816612128e+00
8.747119608507901711e-01
5.244232984058333491e-02
1.895417358535413488e+00
1.084315284164864224e+00
1.061162301339869218e+00
-7.279624596505996914e-01
1.107710189121761113e+00
4.470782257467639798e-01
-4.147697019609057900e-01
5.701010439326763546e-01
1.682032013501782164e-01
1.718536102567795654e+00
3.404405205210265795e-01
-9.334980520285074412e-01
1.692366748765388174e+00
6.929467590372747621e-01
3.477915333374255180e-01
8.494742939827242267e-01
6.494651220096951949e-01
8.986897567926046548e-01
7.626672610923774798e-01
7.775863064478573117e-01
8.761585522435109130e-01
-1.727240777309891062e-01
6.169397727163581369e-01
1.390172889021293434e+00
8.486362066796367121e-02
-5.477769591160230878e-02
2.097605100972342596e-02
1.029100063957903100e+00
6.228982923171680897e-01
1.083822510860762200e+00
-2.111446341881077493e-01
7.200472820108869687e-01
4.989608088151399889e-01
6.839598959107302534e-01
-1.799987201188417707e-01
-8.615457502410820423e-01
7.783610805710878822e-01
2.005522785472027558e-01
1.488181822139383215e+00
1.010980230932694957e+00
3.003615317503414150e-01
8.842047478245065317e-01
8.162497699431048304e-01
1.260475322490469008e+00
2.793238905458642063e-01
-7.452814553873363668e-01
-8.841401762800924491e-01
1.157833163805321863e+00
1.999381317224256660e-01
5.744617229372768197e-01
5.050629953529481853e-01
1.516354846261775524e+00
6.361354781454724439e-01
4.101068304651895313e-01
1.650134793651569121e+00
-2.110298858424518031e-01
1.171809805671457427e+00
-4.131069126278891224e-01
2.022822171141966108e-01
-6.676301826456554345e-01
4.461769044859177358e-01
1.227801154206911161e+00
5.560311950499791100e-01
-5.366109385350814609e-01
3.070252569534363818e-02
8.125212244880156698e-01
1.388470311389552458e+00
1.107178415222512369e+00
-3.957042458372309751e-02
1.268281285610568743e+00
5.739864308317260688e-01
3.131501848967557788e-01
7.451008639925467136e-01
7.549244327529137655e-01
-2.105356579974195230e-01
1.398227980172567914e-02
7.808562513109043590e-02
-7.761652888891082958e-01
4.920408557362576096e-01
3.736452465271629109e-01
1.188479573221331714e-01
3.298839316679349487e-01
1.389512269377232823e+00
-5.501867521929562077e-01
8.332116338068187300e-01
-2.193654389128675830e-01
1.042072962503440614e+00
-4.562179574718289166e-01
-1.254177790563101746e+00
3.984685380730810245e-01
-8.862751806030498558e-02
8.278886633469970668e-01
6.748708181155224084e-01
-7.197572344513822329e-02
-3.897676016976581725e-01
7.195998929652466236e-01
1.063828825071395423e+00
9.097461086732623325e-01
3.861696677209036088e-01
-6.371006347756886790e-01
-6.052239457887221424e-02
1.066512223894313660e+00
-4.072675514756882165e-01
2.763867847320602422e-01
-5.739685537420891742e-02
1.192658579615505143e+00
1.448108192165853403e+00
1.686426485170868350e+00
5.583061445538898271e-01
1.818680059155522555e+00
6.879429285136754446e-01
2.554721844967323685e-01
5.396966378159064881e-01
-1.113791381145331771e-01
7.250679604364963504e-01
-3.063724981221449539e-01
9.098331041232475824e-01
-4.667235609019164122e-01
1.042917451770695447e-01
3.429969946412947945e-01
5.843844750089605133e-01
-5.456892071716208381e-01
-4.557731534507863391e-01
1.720454682414704228e+00
4.556973874641674360e-01
-2.916891765033512440e-01
3.473608598453777341e-01
2.281077985190239354e-01
9.367838549869779152e-01
2.478604472168141060e-01
1.690093973968413543e+00
3.855798694757923140e-01
7.921577173851434006e-01
1.540632172827528290e+00
3.763399570520663540e-01
6.762259645529983265e-01
3.067342055838615522e-01
-4.419479691506369434e-01
-2.285307073445355386e-01
1.617296188549987246e+00
-4.300174065983330962e-02
8.622015480886890959e-01
1.648150978898885066e+00
2.471027389671634766e-01
1.625777226147559151e+00
-1.021901963363162913e-02
5.283274456655326912e-01
1.170114816082975517e+00
9.858344369163142273e-01
2.338938974470376464e-01
1.100531393754337506e+00
1.559759170972800923e+00
1.633152199144710215e+00
9.980690723403091713e-01
6.495508612731512033e-01
-3.449186105834511906e-01
1.934402605623844473e-01
1.258262178392194786e+00
1.639913492905756165e+00
-6.113608676660842178e-01
-7.658011210188084283e-02
5.738548229456390259e-02
5.234907971963927986e-01
7.615941782207832356e-01
3.087471590361614560e-01
3.773838078221134484e-01
-3.460177021434390210e-01
1.941654325287286431e+00
-5.885522980055536424e-01
-2.278616593985581251e-01
-5.631846182859419070e-01
6.296121032840895637e-01
9.347801004563769389e-01
-8.626094649938316206e-01
-1.357927271249919632e-01
-2.943276021095790895e-01
6.814523832940619918e-01
1.323822100598547102e+00
1.491737115297536942e+00
1.234892822500275100e+00
2.404467570908875029e-01
-4.223855320882858866e-01
-4.038742143494269410e-01
8.844534407326196668e-01
3.138495441659234220e-01
4.331866665876426548e-01
-3.873886680370088320e-01
-1.035891322140917864e-01
1.703114305559417785e+00
7.104384718554195288e-01
5.536913541182229004e-01
2.848808108070551848e-01
4.353292285928329619e-01
1.161203147323053519e+00
1.139354150770834240e+00
5.998420119815511820e-01
-6.157759581239359292e-01
-6.550980743204216639e-01
3.161972192811244864e-01
-6.438459943791506879e-01
-4.383928669565969466e-02
1.104126337812522118e+00
-4.202134879282731772e-02
8.005327310226632020e-01
-2.981417868823960093e-01
7.579751613780798536e-01
5.529174832141702245e-01
5.258560156669646046e-01
3.360784963828629124e-01
-5.109054443031115778e-01
8.116348178165947447e-01
8.425100101821403342e-01
7.069264632439776763e-01
1.236322202175107743e-01
1.187515745245192766e+00
1.326723859796935301e+00
-6.229470994321817390e-01
3.148091866532172767e-01
-9.198364453284227360e-02
1.348815799574011987e+00
6.318235788795280028e-01
-3.649505759550653039e-01
5.611593300589069466e-01
1.643085646680122247e+00
6.899290007822505011e-01
1.456670423580099349e+00
1.549620737439510787e+00
2.138191602672855907e-01
1.002584409910187574e-01
1.007570366075857482e+00
1.183935454175913060e+00
1.007828431646852430e+00
6.265747073026401992e-01
6.060994873580611841e-01
4.439389639590934911e-01
8.597282382078595964e-01
3.334006988152420359e-01
-4.220638709017973111e-01
1.308570542882729004e+00
4.538519039551143774e-01
1.083030835248537826e+00
1.402948335134208246e+00
1.383349601367217518e+00
1.537431572943812830e+00
-3.361594074132436827e-01
4.006839789173782806e-01
5.822067188177793007e-01
9.750516730978588953e-01
3.530755301301942151e-01
-2.547763359661160687e-02
1.164689722566593977e+00
-3.325901145443426188e-01
3.045014483925904125e-01
3.845203816027507882e-02
-2.719922405057718096e-01
-1.438624261040324925e-01
-3.028953588306528277e-01
1.611312484703188108e+00
8.246133831398222425e-02
9.269757905468155590e-01
1.168328286345106548e+00
1.493175670876131900e+00
8.971114964025765914e-01
-7.516973932415585979e-01
-1.494260868762991579e-01
5.362598159302853773e-01
3.515738783710864457e-01
1.527690710881092873e+00
3.715681303536151336e-01
-2.617418504857148276e-02
5.228517681947301154e-01
1.663143344934045587e+00
-1.489462633398790647e-01
7.854704676450099399e-01
9.504669105794644191e-01
2.381598894333134542e+00
8.619275911004159463e-02
1.643032489492880499e-01
6.860468574912843565e-01
-8.291261795253758449e-02
3.002391477375805362e-01
2.682801647140879986e-01
1.148494105462400716e+00
1.070244498330207572e-01
8.099838942502263217e-01
-2.032526828279289655e-01
7.073304462366065692e-01
-1.128638189336264447e-01
6.499440321812792742e-01
9.127127902836863760e-02
-4.825865722587784346e-01
5.094461378851536382e-02
1.488686285784213692e-01
-2.319907145745843946e-01
-4.458298822369637371e-01
5.424872829352569426e-01
-2.861031030373192147e-02
1.017310986741616574e+00
7.187582862954958740e-01
-3.785131423828504149e-02
-3.244730436591652251e-02
4.760460908915077338e-01
7.177050859670118799e-01
2.335149778705039036e+00
-5.851789617351713657e-01
1.943251162392923281e-01
1.638819370207954540e-01
5.591976484852917428e-01
-1.313074612490093607e+00
2.055909484393040110e+00
-4.244195851158922839e-01
2.949394248700977772e-01
1.254953856516302979e+00
8.334167027758743185e-01
9.319030229753649808e-01
2.207482165080549841e+00
3.125516772484271399e-01
1.980484152964738787e+00
2.495787660823114706e-01
8.008866269246905922e-01
1.818661370243778164e+00
1.205478181467630749e+00
1.573030383467850957e+00
9.018845596638396245e-01
6.265744312607502975e-01
2.217715894777775587e-01
3.487809949391902919e-01
1.175097795046969207e+00
4.132619911996442130e-02
1.250801840996949688e+00
1.191452996525000030e+00
2.961195646842038065e-01
3.977652692198178075e-01
7.425554346208216305e-01
1.023311796161237464e+00
1.300374106482885539e-01
2.643870242583543084e-03
6.857821203818325051e-01
4.575550721084150618e-01
-3.194125198335480698e-01
-8.555220360451761819e-01
5.645273647249664517e-01
9.140869707460920202e-01
1.903256659021698161e+00
5.546102589027127605e-01
1.141216786154912288e+00
4.667351119100454637e-01
2.555702494264825222e-02
9.342675666312633131e-01
5.663752489964746228e-01
4.338766413125343946e-01
8.878422883279142308e-01
1.222793590916046169e-01
-3.835481934898498507e-02
-1.649167252982436660e-01
-6.384317317479831777e-01
4.573956114946458040e-01
1.018845069129258873e-01
1.422125594885135236e+00
3.937779139351451629e-01
-1.735366479656390015e-01
1.455314019905780132e-01
-9.345075891984774841e-02
-1.213589577012577359e-01
-6.407808949608700955e-01
7.294113723706070473e-01
9.465490026616255603e-01
3.462146923108368468e-01
2.871357400677458371e-01
8.360073374495972098e-01
2.196659687256694582e-01
-7.386325373314270304e-02
6.571038731384348797e-01
2.316118783700405193e-01
6.156406777848258960e-01
1.349331219384558134e+00
2.377737834098950787e-01
9.501224064533281277e-01
1.067228352797454871e+00
1.273809135714122132e+00
7.220767752419250396e-01
1.016535576922709128e-01
3.524816803042017943e-01
8.316106923337215351e-01
2.231572484450881633e-01
-4.089775045789560415e-01
-7.384075654506934427e-02
9.895778435468663981e-01
1.206202964862328891e-02
1.280271476267280939e-01
6.005112202989123515e-01
-6.750690936924989838e-02
-4.499053667322405192e-01
-3.026109946851107124e-01
-9.318920334333369304e-02
1.774747055773037818e+00
-5.659844322673321937e-01
9.812353886794240587e-01
6.563446592337091046e-01
1.452297103697339997e+00
1.644648892810418594e+00
2.153609761265635303e+00
2.363050936948994374e-01
8.456204369522991593e-01
1.132884406712841407e+00
1.204758770419445402e-01
1.171635388414152407e-01
8.961282597974238318e-01
1.895512341949843471e-01
1.106964260906428965e+00
3.670397351827699994e-01
-6.929852700212553174e-01
5.619509713970387565e-01
8.667880979438139510e-01
-1.023027331356591185e+00
7.381527060922273842e-01
1.333602458794033718e-01
1.316557634163902923e-01
3.106718613768962856e-01
-2.903105356948734173e-01
-1.310198448569586782e+00
2.858454962402703914e-01
2.972498439992953267e-01
1.676170289674446590e+00
1.533824124528504029e+00
9.794461131057354830e-01
5.396334932187195621e-01
-3.878570914969157180e-01
5.224744503958773656e-01
-1.276060206049046131e-01
1.163077377546058333e+00
-7.046741835268819365e-01
-1.623377560758844651e-01
-1.807067390558672049e-01
9.968378691460807461e-01
-3.013885397663340071e-01
4.598311773269393443e-01
5.034095884639158136e-01
5.184581213113709230e-01
9.430022694119154503e-01
-2.066378419773801933e-01
1.370686471730453992e-01
3.068456514040054373e-01
3.530059861513543673e-01
7.438322008286978315e-01
8.508593853578551303e-02
5.109539425097824328e-01
6.863143476963933232e-01
1.995340488766362164e+00
-2.063913719546968673e-01
-2.080346520840306579e-02
-3.974738616354471232e-01
-9.174838496944970334e-01
7.437601990735933644e-01
9.793322711751548670e-01
8.434686731696284800e-01
-9.566075674980003551e-01
5.891745690221070753e-01
1.596888943017217510e+00
1.000566150323261905e+00
2.090918461023326014e+00
7.439759505981774490e-01
7.389184405531256106e-01
8.596840331204131935e-01
1.606502208014083832e+00
-2.029898837335464279e-01
4.125238175590001388e-01
-6.155542789743453924e-02
6.051303443261050186e-01
-3.672977444315232709e-02
4.700883956831979071e-02
2.987343784872075192e-01
2.725290642348355830e-01
3.451607245616041819e-01
8.499525000092167382e-01
6.791250499310673427e-02
-9.451188382030217827e-01
9.947647528034114783e-01
9.294207356016140897e-01
-5.886027444527951458e-01
1.827545253835040517e+00
1.219246329401705575e-01
9.210099909427106324e-01
1.559879723858695888e+00
-4.588715536004473461e-01
6.601231563134055680e-01
7.588623016280887645e-02
1.389241175886210211e+00
9.609825192241749914e-02
1.940854375405740018e-02
-1.300343922388728368e-01
-1.403608198635714899e-01
7.636491959988138678e-01
1.093325292899751222e+00
6.047447235234985202e-02
-1.416360575716974213e-01
3.291930276982768522e-01
6.369196153421117224e-01
-4.712324950806767720e-01
1.502537990355386821e+00
4.947829162928655822e-01
1.379828106229063600e+00
7.787330438214992157e-01
-8.048705753051166312e-03
-2.105238895045541681e-01
-8.779530752225029877e-01
1.059174258999096230e+00
1.098926442636276146e+00
2.774958667805031975e-01
5.339448796152542753e-01
9.655552263570083005e-02
2.276807473281803607e-01
7.534636650503295785e-02
9.640578621511617374e-01
1.666575660231257139e+00
-7.026309036962432586e-01
6.046705782885082314e-01
3.447409728849118449e-03
2.143872877307632652e-01
5.163452706906598300e-01
8.851732731167476498e-01
9.306019743980227243e-01
3.141776019351918969e-01
1.035865120072335888e+00
-5.087159322676736151e-02
2.654038239061490834e-01
1.280096928665768186e-01
7.014798322267370989e-02
8.733287337773201209e-01
8.505465805618826758e-02
1.127348093048052613e+00
-6.619693343224160031e-01
-4.139692795355331412e-01
-2.874673072956928088e-01
1.420239914652744684e+00
8.074538596903241272e-01
8.650702751111422062e-01
7.309997724009821285e-01
2.157697682839216646e-01
8.951427907063644884e-01
6.590296985870487678e-02
1.677448098331565163e+00
-8.199778298636292151e-01
2.990880096665617938e-01
8.799399671255550004e-01
5.855589471269962987e-01
1.853418696291187495e-01
7.806938289836438949e-03
4.736949778829009361e-01
1.305625501795136589e+00
1.265129249657605648e+00
4.956903246716838907e-01
1.139309880136616826e+00
-4.571473748039226459e-01
-9.847297905311879207e-01
-1.422895114483266332e-01
2.258582877647539733e-01
2.003553085450655857e-01
4.641151242085018169e-01
3.550732442018946222e-01
-1.001339648591278220e+00
-4.245189994771612629e-01
-2.907596776096016966e-01
-3.071188509477565387e-01
-3.424226468131154610e-01
9.391949145077008732e-01
-1.389225787451131566e-01
3.465772642375285484e-01
1.260582161718206251e+00
-2.871223589536208709e-01
1.024474392294072000e+00
7.142664695182836532e-01
8.058408186446041066e-01
1.094710237767489325e+00
7.508367951287310271e-01
5.639320456433049022e-01
3.205592604629749487e-01
5.115420885524454286e-01
2.093713117031299198e-01
5.123036517514402144e-01
1.067828498189282049e+00
5.518604449251296451e-01
1.322176460558852407e+00
5.502988208120725144e-02
1.921177457400173316e-01
5.198893207429563512e-01
1.047348661233519218e+00
3.338298360030479972e-01
1.217803467881965057e-01
1.647978729052778979e+00
1.159183604347944208e+00
1.284387823731683476e+00
1.135712944766869459e+00
5.022874943440985840e-01
8.131800938258335609e-01
3.089804618175425732e-01
-5.334607903105616916e-02
1.193131573522230093e+00
8.981280782021329179e-01
4.233529702088079660e-01
7.574357644817667490e-01
1.301167096817159585e+00
5.485202394335863402e-02
-1.570859605140537685e-01
-5.293578410196358996e-02
4.592831931383956623e-01
6.448270604785150129e-01
1.426272565078634091e+00
1.337117725604953566e+00
9.885838556078578865e-01
3.871410395758582701e-01
9.963790103229518413e-01
4.550351587488781768e-01
4.535023918150840050e-01
8.160604116768228611e-01
-6.719863498910082500e-01
-2.238715109388247360e-01
9.578152126431606073e-01
1.199090160934915134e-01
2.425934826736775018e-01
-2.532430474229132034e-01
-3.448825209621549925e-01
7.907351496592073259e-01
6.921683347684423615e-02
1.614784289109946758e-01
-2.636834422199466066e-01
1.176474102627359741e+00
3.518221546838233849e-01
1.157522372875837924e+00
4.503650868447686001e-02
-3.016960865940018222e-01
-8.529621790489778921e-02
5.465093274819653457e-01
1.198147199956638653e+00
1.037953671934444211e+00
8.380614498111671473e-01
1.065008374127309976e+00
1.092480612128805539e+00
1.159611944546575568e+00
-4.065171307245992183e-01
-1.465347188113230448e-01
4.848675456008993412e-01
4.361088838909384369e-01
5.777726504633128313e-01
-8.857253251443822917e-01
1.853059614483371087e+00
-1.470253549776688873e-01
-1.064681188167680426e-01
-7.671363389785898490e-02
5.986154355566193352e-01
1.871362814690550602e-01
-5.931503181483018805e-01
8.918924979870187508e-01
2.037192496769313355e-01
-2.223727107575375339e-02
9.786352183422635242e-01
9.754374094986870691e-01
1.609485581330406312e+00
-5.636157198420661540e-01
-1.103709248572756207e-01
2.268568358631959381e-01
4.366457017190867318e-01
-7.267649228807128159e-01
1.790570568472478752e-01
1.100503815045649619e-01
1.655374041692757148e+00
5.031918935121767328e-02
3.151009519480044707e-01
3.674816212248009362e-01
4.601933827133122268e-01
3.724272031014724468e-03
1.319714677545135162e-01
9.380976174503050102e-02
7.366871734602477018e-01
7.216031737045176531e-01
1.882362099851291992e+00
3.100499652809162732e-01
-1.315574902396146051e-01
-2.487511442676401119e-01
1.753154832940956531e+00
-1.317730821517090756e-01
7.712166410476204437e-01
1.764238657831826707e-01
1.292074184256589264e+00
6.133171918049941385e-02
7.158825738924208260e-01
5.710636808748523752e-01
2.328714731547139594e-01
5.295356337558293491e-02
1.387870729553591920e-01
-1.066523242878036071e-01
6.692848488471446755e-01
-9.222246175348494668e-02
1.262430998684559436e-01
-6.642454743582167920e-01
8.268035494591110535e-01
-2.912812511641901803e-01
1.238262681407152677e+00
5.647285285153338386e-01
-3.510045975954900754e-02
4.442169647137229060e-01
-1.467606942816297028e-02
4.607047588638157887e-01
6.663628270000054865e-02
7.194712639468163751e-01
-3.847447540811257949e-01
6.254441394437915136e-01
-1.716067424226898619e-01
1.278056026225219854e+00
2.892171881010187073e-01
1.620650246959081553e+00
-3.428671910082358165e-01
8.802377849391509468e-01
1.376618743356051944e+00
6.068583231420600077e-01
1.125890899871943240e+00
7.769565009928819377e-01
-7.478587488715973119e-01
9.892237969983274093e-01
-2.866914371120151545e-02
1.064758980913586894e+00
5.056460958758244306e-01
-1.221974151376913620e-01
6.337450879019781436e-01
1.861927640687201624e+00
1.580338460663514022e+00
2.726544187373605155e-01
1.505987092072326616e+00
4.522386549755769702e-01
8.132539283587345014e-02
9.613425127590535801e-01
1.205501944716019347e+00
7.620592761759040767e-01
1.268202961800886319e+00
9.003798448389456199e-01
2.209409552766873563e+00
9.385805004246750016e-01
-8.410546087687381656e-01
1.864814295931830568e+00
-3.709417098221233777e-01
-2.532878453359604376e-01
7.172629081501012693e-02
5.754895941874873522e-01
-1.877180779328967430e-01
1.053918746594903144e+00
1.094889463553209707e-01
8.837200864751509899e-01
-2.792749717819821842e-01
1.404165177856707691e-01
1.203255382348941582e+00
4.701837977342099295e-01
1.491753367395892926e+00
-3.451827884804672952e-02
7.805051719428174328e-01
7.428795341821697873e-03
6.536702882269082582e-02
1.347691054401553290e-01
1.043086267550456636e+00
1.310066036732229433e+00
-5.734591438117330603e-02
4.725744792145917250e-01
4.550530690413250312e-01
2.469475396553886259e-01
1.068613973599455758e+00
-8.628099944419848066e-02
2.297192705449378203e-01
8.587345667622119372e-01
1.300740384814973005e+00
5.992593988689918216e-01
1.204656130792191693e+00
2.204120004772701091e-01
-8.611249931019886450e-01
2.304144273386401764e-01
-3.330947744659708276e-02
1.139016348797650569e+00
-1.069831846532724451e-01
9.237536959128114233e-01
-3.857746276373986705e-01
5.563305581845912062e-02
6.087786821931385761e-01
1.229742869052994569e+00
3.291062656059404179e-01
1.013238722483702725e+00
1.568420456093559956e+00
4.080770069763762220e-01
-9.603948637696203550e-01
1.060560201049430384e+00
-2.942766368587954040e-01
4.047828273388302811e-02
-1.167503929071475599e-01
8.541994490666676709e-01
-4.576186654724176961e-01
-4.265809825241162478e-01
7.939911587176821106e-01
1.411564592852253330e+00
1.423150295003136945e+00
6.355299538655331260e-01
-4.922319041092129144e-01
8.033384281482570666e-01
1.148689521841516736e+00
1.304729279745935555e+00
6.597281223656881188e-01
1.027281323056415507e+00
9.476884173030171166e-01
8.028388566590862752e-01
5.023254920746500485e-01
1.096741588280813140e+00
9.001643254876003919e-01
7.977204092178664663e-01
-1.980852226747651657e-01
2.585720706188349149e-01
2.359761051210444716e-02
2.525151588305233896e-01
6.550904748621888540e-02
9.504234375566927850e-01
-1.803972434745421682e-01
-3.591778597316878097e-01
-2.235892760543523872e-01
1.186295471871402052e+00
7.312008210885806436e-01
-1.469798239133068563e-01
6.571842472623555809e-01
8.532328231294461496e-01
5.002217217038442687e-01
2.398414299485181478e-01
3.785037966069326187e-01
1.159296826302681216e-01
1.117439538920107278e+00
6.620802237742801077e-01
-4.473297539556221891e-01
8.580580035970508668e-02
4.105747377581532298e-01
1.465740422442167068e+00
7.915433980414434689e-01
9.015141747562830377e-01
-8.272665885443726552e-02
1.352872682817012118e+00
-9.314638905878558361e-02
4.004778059259886391e-01
2.252037348019065299e-01
7.635319200472808765e-01
1.259169874808495182e+00
-3.000802360816613445e-01
8.451559551645462243e-01
1.021896158937058541e+00
7.804692592930727590e-01
7.387336699827287689e-02
2.761179578981692861e-01
5.812137366154495055e-01
-2.990051653757939132e-01
5.657362493627684508e-01
6.395179996886420914e-01
2.803026458747269745e-01
8.010373226643493494e-01
5.562281114919397362e-01
1.240801246719889228e+00
1.321032491785062879e+00
-1.707289221378740784e-01
3.150915461812430207e-01
1.124963281683545313e+00
9.937865053410527283e-01
-1.797397523244224082e-01
1.811696327575341436e-01
8.748902771000692802e-01
1.740313794237849043e+00
1.309663815115907459e+00
-2.060971195905323405e-01
8.505693454227791772e-01
-8.650797037792508082e-01
2.080492140891713859e+00
7.798145667777006684e-01
1.386109293628048134e+00
1.541308193228001944e+00
1.224476748262361747e+00
1.069073412447848037e+00
-7.967993996940457846e-01
7.578894800564023315e-01
1.746842164952309817e+00
1.391955316690532962e+00
3.602304844397522521e-01
-2.144512438653922992e-01
4.782543883572884513e-01
-1.147194656694075776e-01
1.428774755938351460e+00
1.723996537153811737e+00
1.450720070559084141e+00
-9.467955920909670864e-02
7.557524308315572981e-01
5.383681185658799329e-02
1.283323795575960657e+00
4.501594422418171426e-01
9.491392358336629975e-01
1.088315122074419605e+00
1.978712881733818429e-01
6.255582655755098642e-02
-7.513506111693943890e-01
6.552759914551355980e-01
9.029160222108366385e-02
-1.383699805185636622e+00
8.393898290737166201e-01
1.454109673739686082e-01
4.170018397633116769e-01
3.608066417851425040e-02
6.399324513472635090e-01
3.326470165317040317e-01
-4.222414968981638150e-01
5.168441849112438424e-01
3.132181805578642675e-01
-1.966636184456527769e-01
9.716282057648419901e-01
-1.848321673054710568e-01
-4.929354050591938097e-01
1.768799576241429639e-01
-7.108125463510320263e-02
4.705910402862254482e-01
-3.390358504381916771e-01
-1.610446392251870806e-01
-2.320429148914694983e-01
9.906376522232760440e-01
1.164358818712577293e+00
2.976871064786640875e-01
6.693567238279579668e-01
4.313601213223189346e-01
4.981671157105466707e-01
-1.515521893138893073e-01
1.725790978277031984e-01
5.163334492121222086e-01
1.207975393043316359e+00
8.611154081186266351e-01
-4.528546056636781891e-01
3.114513003998322094e-01
-3.910257210325588928e-01
4.933885718054693559e-01
-2.496129619267812849e-01
6.717389696240024799e-01
-5.138764323241765686e-01
5.765558290312076117e-01
1.081342703463548993e+00
1.770701212728051033e+00
-1.697536927679420826e-01
1.273835954991317854e+00
1.021823578967773649e+00
6.299458555282968497e-01
2.824276321815054058e-01
1.864353304655176624e-01
2.168280428690283479e+00
1.112181057851539645e+00
3.403819811951564467e-01
3.460743308648123184e-01
7.202203183763976613e-01
7.072138547453855617e-01
-1.083043964800674663e+00
1.081051057217115252e+00
1.983131568137885270e-01
1.308452824931393588e+00
1.621814087637923341e-01
1.593908491292673313e+00
-1.500601524536827880e-01
1.744548572616787530e-01
2.100555887253252874e-01
1.200580376688696660e+00
8.141511152019963449e-01
-7.430865108222871607e-01
7.075622078330869869e-01
8.063288103885246638e-01
3.081834391337175127e-02
-9.449610232876348714e-02
-4.602219848545134884e-01
-3.107648501108813410e-01
2.726215663627938324e-01
1.096667230578633356e+00
1.409724979334275319e-01
-9.082867386341778593e-01
1.271453639679909209e-01
8.095046991036077833e-01
7.186320970491497651e-01
8.775146188804269221e-01
8.348168139011205025e-01
1.068892146777433716e+00
5.178653036943512422e-01
8.273409433159110149e-01
1.325200106252474974e+00
1.005188930461936803e+00
-6.358639618274671834e-01
5.447091175493257165e-01
7.260961880696865933e-02
1.499914718835070548e+00
4.406040898386309190e-01
-1.173638786197853806e-01
1.331534656144899575e-01
3.540592396069665027e-01
8.577591548182456060e-01
7.647595501014434749e-01
3.782271709733633913e-01
-6.009810002882175484e-01
1.708642603891637191e-01
7.852037486011529399e-01
-5.384678923379193627e-01
2.624641393018964930e-01
1.613959062873797645e+00
6.528487517172067989e-01
2.099036634435309079e+00
8.993411995410703907e-01
4.575627640770426607e-01
7.953619167428784831e-01
-3.780137738916005685e-01
3.237715199748363859e-01
-3.229559276632634757e-01
1.032477940143551098e+00
1.864191263589889680e-01
6.323210278372995985e-01
-1.196504459069392540e-01
1.240459689082215711e+00
2.625524652041260620e-01
1.189077782749491607e+00
3.982165343548620395e-01
1.172864654969238307e+00
3.481963747315094948e-01
9.869064396054070265e-01
-3.239981995261045911e-01
6.936956253709118947e-01
5.096060487016423890e-01
5.728711027258844846e-01
6.711123475545348604e-01
5.334538120883263179e-01
-8.640494219308694213e-01
1.727890112420628344e-01
-3.472413934588067241e-01
1.057360453494297220e-01
1.014816093101296168e+00
7.138895025351060797e-01
4.741870452153530424e-01
3.705651600503195864e-02
-2.855825289322220795e-01
8.479486087230938551e-01
-1.063452916161708312e-01
3.889360282314210937e-01
1.295853688841862139e+00
2.460324741834802875e-01
-6.865477249453495467e-01
-8.278622130630265419e-01
-4.579903620491412308e-01
6.062411927661222055e-01
4.021828233594919588e-01
1.234867188240788005e+00
-2.131821101822333475e-01
6.732138698325734749e-01
-3.620495392575885929e-01
-1.285161882041193082e-01
1.101559077590451796e+00
1.139431859592249019e+00
8.167454604639594606e-01
2.984914114271044333e-02
3.069961692805023290e-01
1.251871370442537046e+00
9.951467548746844027e-01
-1.866151396481800784e-02
7.580311354434740023e-01
7.534002835032695966e-01
1.858429212492797911e+00
4.950755017054268015e-01
1.645098451210076806e+00
1.189148198145721036e+00
-2.856295572438456998e-01
3.099465226356222791e-01
1.927670401841858450e+00
-3.329026605445700726e-02
1.646619016548945380e+00
-4.807009600338739141e-01
-6.402916314887396876e-01
-1.275258387872534316e-01
2.769026852145858170e-03
4.153297016878093606e-01
1.957095174750885347e+00
-4.270923342879675566e-01
-1.541901665969564461e-01
-2.088868863424309386e-01
6.564031979624832536e-01
1.275163586381242053e+00
1.518006905484912572e+00
7.808765745585874996e-01
1.043789673174843335e-01
1.037319756585201036e+00
4.345097656821101939e-01
-2.480743363029974669e-01
4.208163134072733236e-01
2.693124547695405213e-01
4.585496566554713715e-01
5.314387362108065060e-01
1.060852497008616835e+00
5.963543728895059903e-01
1.884626220267916041e+00
2.534536914125003482e-01
6.154836885122997314e-01
1.339868932118321920e+00
1.834941199132121559e-01
-1.504530179399739265e-02
5.990268053706632179e-01
1.879860563726566403e-01
3.861031279540053651e-01
-3.993843208232852326e-01
7.949707627619748140e-03
7.285282821158758915e-02
4.600110484770476571e-01
-1.593380312231754692e-01
-9.020078252050084400e-01
1.719538327576699777e+00
-5.637815173821177916e-01
8.540603204125864559e-03
5.287016513512209359e-01
1.489584719916049238e+00
1.308643692225449628e+00
9.923179516313433979e-01
9.209212684026050200e-01
7.290415459069781168e-01
2.088935607808197314e+00
6.554555917627014061e-01
4.446810244011329960e-01
1.286090456376372870e+00
5.007608213158794008e-01
4.582527017923928025e-01
1.575944431437112381e-01
2.440628581309823297e-01
-8.626678102711865526e-02
9.567446933614814908e-01
-8.232748756398326762e-02
1.152576936345605985e+00
4.343725717037405509e-01
4.443033787827452841e-01
1.850769439202690769e+00
-4.463627812381830429e-02
-5.034090562354693460e-02
6.128939692838333286e-01
1.454092378944320307e+00
1.345710764508902813e-01
1.574630332602744653e+00
-8.703053475355196356e-02
7.896558602412476757e-01
1.445570141898778527e+00
-6.000725396973963233e-02
9.494676867000817477e-01
1.466358818001440856e+00
4.519665319151140448e-01
1.577079263954034083e+00
-1.214699608632552330e+00
1.288588031916497734e-01
9.672592791786095434e-01
2.874349754999862561e-01
1.357238942618378685e-01
8.588116706433140957e-01
-2.977107217824568886e-01
3.542781117744283059e-01
5.325881938291540107e-01
8.160492553067967558e-02
1.594734937137830100e+00
1.255546864356307246e+00
5.291807664406099621e-01
1.890608095473885530e+00
1.085419406297158496e+00
2.956247645460167717e-01
5.715126328183599558e-01
1.068718542216949841e+00
2.913709095489436796e-01
1.175909583252497947e+00
-1.034458965136748620e-01
7.810594021635601791e-01
2.157333126485564134e-01
7.336254934646873060e-01
9.427708210659510035e-01
3.174760554190018125e-01
4.965706201397768887e-02
-7.654175240352455167e-02
-4.115123608022356327e-01
1.172530666410080524e+00
1.031746587087637890e+00
6.507127050886175185e-03
1.679202973500532048e+00
3.460194525496386453e-02
5.562057553451799086e-01
7.025123554979894047e-01
5.635437693006376536e-01
3.333296674989755237e-02
8.604301996205966363e-01
9.754906749340354066e-01
7.128299824570916154e-01
1.184413619749364655e+00
-4.284862143607847673e-01
7.086598876743219755e-01
1.813854278210159099e-01
5.631220550593306617e-01
6.878551883035441961e-01
4.115022653889368609e-01
7.518608187377666674e-01
1.808311996075381567e-01
-2.167825486536541918e-02
5.415585576452883743e-01
8.907165296778011276e-01
1.369778026492737943e+00
4.815914589916149291e-01
-1.040076771605002559e+00
8.276171803184957654e-02
-1.025831680634642362e-01
5.216036797610563991e-02
-4.772040020796017301e-01
1.490813150179289615e+00
3.028235514202856082e-01
3.610301515226740365e-01
9.111991696148685760e-01
-8.754116025103586551e-02
-8.597571092980238472e-01
1.205142592053894068e+00
9.748539737184315213e-01
7.180924910889530111e-02
9.836030321866481296e-01
-3.067330471232812550e-02
5.803833753088450953e-01
-4.033741398193253502e-01
2.382442613218060057e+00
6.426433040203795022e-01
3.145511961529300904e-01
-4.008839590959308308e-01
1.214896550263838471e+00
-2.012836748680482679e-01
9.653816851686600753e-01
-1.696126327232148068e-01
1.017167101884361990e+00
-3.705205082363058344e-01
1.288781534475786472e+00
3.078972112259225832e-02
1.315424043777190244e+00
-1.360359081008848114e-01
4.548204248107247660e-01
7.511742541583626975e-01
2.173063507342810341e-01
9.817809970493229788e-02
4.206237164465719269e-01
-3.771478300746097800e-02
1.534196456160809019e+00
2.897287017343153082e-01
4.680449467703464705e-01
6.731507070112919822e-01
-8.455968357383871759e-01
8.024164654076880732e-01
-4.674502983538468270e-01
3.791650710576570382e-02
1.273858705234624522e-01
-2.679079038023403636e-01
-8.618669542904822123e-01
1.010414410487037618e+00
-2.720110395965978367e-01
5.108070640757902403e-01
-4.205039586880518487e-02
2.967486361334834566e-01
8.122362628550978680e-01
2.221335226137401975e+00
8.279014946963533239e-01
2.019820827521533191e-01
5.473834560055642617e-01
3.401653226643830408e-01
2.709705103355192768e-01
-4.857821360848926240e-01
8.718046042937255269e-01
-3.858640468109800215e-01
-1.144603669717983330e+00
-1.193288794773850747e-01
-2.946043750407513206e-01
9.679437485558189946e-02
-2.319981533382937389e-01
3.535161445890523391e-01
1.019895098932531052e+00
1.349198195469494044e+00
1.088323363699841728e+00
-5.567825709037328014e-02
-7.527766940239820626e-01
-2.971295593577254479e-01
3.245318919363137100e-01
-1.061764096056718509e+00
1.150142312363792163e+00
1.150835706482758347e+00
-4.681509751941635433e-01
1.294771152034418504e+00
1.350808838011634094e+00
1.192277495275110066e+00
4.349031583732012041e-01
8.777731475943872930e-01
2.519291626557418340e-01
-7.224408873680282506e-02
4.202549914827599653e-01
3.541672019193571330e-01
-6.677951044823121629e-01
-1.642572556815004858e-01
-1.013177489738798842e+00
-3.997369007499094185e-01
-4.574701911626063988e-02
1.069891259144936546e+00
5.283293648328044601e-01
2.844575381042240281e-01
-1.207719416081016323e-01
2.198890991293794284e-01
7.421866674962384058e-01
9.898500153888251107e-02
1.093216315101407599e+00
1.212756218753687554e+00
4.794524155904865692e-01
9.638480313686668965e-02
2.826846704920130682e-01
3.325313230040072843e-01
7.838010354648078382e-01
4.339859012209670297e-01
5.015351431490022716e-02
2.674471160681490822e-02
2.490073212230937416e-01
4.090911815427486498e-01
2.776357638679346485e-01
1.008885711794210716e+00
4.815568645644374701e-01
3.372554042298450683e-01
3.981861214457492193e-01
7.112606615222595574e-03
-2.435152498687640776e-01
8.907795476753371799e-01
1.271750683656164727e+00
-4.800494726643532162e-01
1.006210032062766047e+00
4.658635492880827678e-01
-2.860759772775353649e-01
1.883417146189022562e+00
-2.019914720052427004e-01
3.112535400085972848e-01
-5.572582652786881585e-01
5.306664257439834831e-01
1.486845778408777852e+00
8.383395379580348139e-03
6.787801958336954211e-01
6.851226224320944302e-01
1.001778218777385376e+00
-1.094834544847984037e-01
8.256396311071008132e-01
2.752092788056696437e-01
1.259410100813156630e+00
1.197292141125566589e+00
2.734026480187431440e-01
2.381150830631372228e-01
5.732332196910555622e-01
-2.041210907206283676e-01
3.116361385937952977e-01
-2.088743766322648798e-01
6.792929352288791245e-01
-2.919514484780794117e-01
1.184443753740761940e+00
1.035261809276389888e+00
2.075892035049597961e+00
8.416615241696807637e-01
-8.823809776496835400e-02
1.236970584128522344e+00
5.092778285688039919e-01
6.416469153526105362e-02
3.548697183406909761e-01
-3.459053071703200311e-01
1.548304934823970358e+00
3.144010265415257965e-01
9.886649301925481970e-01
-1.149774027907036200e-01
-5.466671702120180498e-01
1.175379337976275584e+00
3.671704487357189961e-02
1.032177550585256842e+00
-4.618681330200803958e-01
9.769411990185186134e-01
7.451506594257281124e-01
-1.949443656358766097e-01
2.262819889362299997e-01
1.815402537383585535e-01
2.965475429385719744e-02
-7.892841203183295073e-01
8.205569364208225025e-01
5.322501883874267703e-01
1.494057452705848554e+00
-1.292567551188770480e-01
5.089097331619427678e-01
8.286496069639185391e-01
1.288962741576436866e+00
1.273065861343261329e-01
1.236586976822359185e+00
-2.053818663059043814e-01
7.090514162227481432e-01
4.957833709374713793e-01
1.504541113275001285e+00
5.530072489100823496e-01
7.718244006048154970e-01
8.032696714637959090e-01
-3.064074023158862015e-01
5.956371496538258592e-01
-1.086165282445590574e-01
2.315675253254474014e-02
1.438394656273050520e+00
3.918248483985594111e-01
8.103035469022279447e-01
1.694740559144175762e+00
5.718226737595415443e-01
1.459143367293331273e-01
2.074650874995513039e+00
1.733768813447154278e+00
8.139502428235358966e-01
1.181870097438886491e+00
2.430468253698864212e-01
-3.386948185480078699e-01
1.246705151436755088e+00
1.209525730393110066e-01
8.860449464853322743e-01
5.123765407736312616e-01
1.178353945873430009e+00
-4.606101469942108229e-01
1.403312698487457544e+00
-4.113805847272609117e-01
-9.101744691118671682e-01
1.652004863703497639e+00
1.102397727488982015e+00
2.380953645048603518e-01
5.291178392206573600e-01
3.387125958727166819e-01
-5.840855348441424955e-01
5.563859272453050009e-01
6.495776328642329789e-01
-4.799193808590268007e-01
3.471010500424653866e-02
-2.837143774277980923e-01
-5.274197630788819424e-01
1.060147245787789183e+00
-1.661084149803407350e-01
4.958901235333084689e-01
-1.561372078038791300e-01
5.315225933561029681e-01
1.184142270581458822e+00
2.724028115200145123e-02
-6.737376428647963156e-01
6.006660174210838588e-02
1.399911752790209407e+00
1.032498741426243427e+00
-1.559456239883400264e-01
9.625588712491343069e-01
6.901642650737939144e-01
-7.767207289995802233e-01
1.802683479755856855e+00
8.715623989161597196e-01
7.167541257079346195e-01
-3.150076879947261155e-01
6.292749305655931380e-01
1.037094665396325333e+00
2.894854503377928268e-01
1.292256288308770706e+00
3.091370996926961490e-01
3.659587241494691168e-01
2.234835357430505098e+00
1.206820933767216664e+00
4.191422215051697209e-01
1.611273228326977502e+00
9.619314663396697496e-01
6.282765711301859790e-01
7.774431591273621711e-01
-2.463762508060736711e-01
6.899625431331742054e-02
2.000420622837445761e-01
9.577263873138273098e-01
-4.073638428049338595e-02
1.140139732417664309e+00
-5.389977441682208825e-01
4.433987337037292864e-01
1.386766325886960027e+00
-3.121037498501418872e-01
1.102175515853466958e+00
1.591869465605263656e+00
3.665007497441994389e-01
1.166911765402213863e+00
8.610207720567865097e-01
1.033977585029010937e+00
6.272602047087459942e-01
-4.837450397160292237e-01
6.965917658970751658e-01
-3.567508431782579481e-01
-1.615111398193017078e-02
7.454417748805292065e-01
8.322491587940805680e-01
-4.512730952064973322e-01
5.891881563614086437e-01
-1.379854153046989884e-01
8.413721912947895731e-01
8.887373432076254298e-01
1.477668145634372987e+00
5.477770704813347269e-01
7.828325720731285076e-01
8.563526571807757171e-02
-8.673505385617595598e-02
3.544151386061940578e-01
6.435262354672475205e-01
3.661788556711468856e-01
-1.022254543961339801e-01
-4.925528006575448647e-01
1.495941271968098896e+00
3.769052934464050542e-01
6.622017751996738255e-01
7.381996368553616072e-01
-3.753990665538804450e-01
1.129770767435584744e-01
1.248176910639436699e+00
-3.592525256401998268e-01
1.077592325681242746e+00
-4.523201005676937836e-01
2.834958759342721679e-01
2.001051277740242273e-01
-3.695894782683641078e-02
-2.144459897910780954e-01
3.465673262455888359e-01
-6.446761567383973990e-01
5.665301022914949192e-01
1.730788703677680118e+00
1.004436012406381584e+00
5.606999862132711065e-01
4.838151838808738003e-02
6.973395371257842257e-01
1.860803664748737485e-01
8.167846253063791584e-02
6.047603330747826078e-01
3.322398708443056181e-01
-3.713168537359101129e-01
1.372694132477011220e+00
1.217828602946025240e+00
1.286192511847335185e+00
2.596417392592849649e-01
1.566228311431791420e+00
1.343275568697073208e+00
-1.036777096065249759e-01
-3.394282604175629658e-01
-4.939046225822820713e-01
1.478077643294253063e+00
1.310835609814948288e+00
-2.837017148819250822e-01
1.172789662863213511e+00
7.396280354370828869e-01
8.848688668447864947e-01
5.883821746787309959e-01
-8.795453741739081566e-02
1.302499559601393297e+00
-2.950244686105452652e-01
5.674189250534283913e-01
9.551046488385767086e-01
1.531519647299842690e+00
1.300581513451128712e+00
-5.197243618518851971e-01
-3.523840682707913285e-01
-6.100457116050038708e-01
7.299851812673993079e-01
1.487490909925304861e+00
-6.898758205656569942e-01
1.474952480004600719e-01
2.312717947646227845e-01
-6.920902506030994772e-01
-2.200901334211670390e-03
-8.045669839060097805e-01
1.448211104019025974e+00
1.666265901141350536e-01
1.757266806605941312e-01
2.968019136910456379e-01
5.131849190127442117e-01
-7.881381922012369312e-01
1.135046704342955515e+00
3.712158485606922853e-03
1.040877339386323541e+00
1.190591859112248851e+00
1.818994169846223918e-01
-1.392488389044239105e-01
3.992744792528546971e-01
9.331247740558099579e-01
-6.468105418630272496e-02
1.437874215924035637e+00
6.861204408454791848e-01
8.021897125885526503e-01
-4.125637691730202339e-02
-2.995186315501606467e-02
1.019317037682065497e+00
5.504862190035478831e-01
8.199329464705825687e-01
-5.699188149106563239e-01
4.958202187613623690e-02
-5.630768264741348866e-02
-3.105626984515932332e-01
1.861041686870293699e+00
-7.276588078510963786e-01
9.422927536109076962e-01
-1.214863938031976565e+00
-5.145751733087026158e-01
1.515471121852510761e+00
1.072947592763703106e+00
-6.914254364437819600e-01
3.916990175127034179e-01
-3.059083245095949866e-01
3.456077649826564957e-01
-4.124892394310786248e-01
5.186833605483966991e-01
1.797182558403498942e-01
-1.293820649242825582e-01
2.066743795051164123e-01
-9.690859343039052998e-02
5.940766682482191419e-01
7.613406597264652520e-01
1.879057954482630466e+00
1.354191249719818746e+00
4.663941968523303561e-01
5.334486796843569412e-01
6.109002045338586262e-01
3.974082168859912056e-01
5.220712474091141475e-01
9.655858131298853397e-01
2.709067964592221101e-01
1.800651316756844977e-01
2.676452338922854501e-01
2.727832251382973361e-01
1.703071664427102894e+00
9.118613618696052026e-01
-1.542680020780062278e-01
-5.642094734592514316e-01
-1.595220599696290167e-02
8.156279721744783551e-01
1.903064291573648426e-01
-4.423502663173040639e-01
7.938783083660918560e-01
-8.009073337059698094e-02
1.342496725322372964e+00
4.153779504839495013e-02
7.809828676148689031e-01
1.225847549237290446e+00
7.227484523785034920e-01
8.467573689682743598e-01
5.962052356662387309e-01
3.724731354009488959e-01
1.957789245638166475e+00
4.033493442225630776e-01
6.983973306701308781e-01
5.025503214486993775e-01
1.243296618559660116e+00
-2.157141975773602949e-01
9.504015200540443242e-01
4.487248921129470824e-01
4.941740742601755110e-01
-2.064356493082028510e-01
9.296945663222075384e-02
-1.747003566954952181e-01
7.238856264996408330e-01
4.149518800494825799e-01
1.221159636059166997e-01
-1.752283292467760323e-01
1.280271753207198993e+00
-2.200307714784723589e-01
1.219573204583131565e+00
-2.280999089688129713e-02
-7.460915024185046929e-02
3.638611239526385877e-01
-1.870693997541404419e-01
-1.746250584508912164e-03
9.660820608580673596e-01
-2.923295113772299003e-01
5.976595587852852054e-01
5.332138117132854127e-01
1.254773414419550148e+00
8.733904693987566414e-01
8.198150204169238897e-01
3.423865213452911282e-01
-1.626147002533504526e-01
-7.176720690924201507e-02
9.009619862656784717e-01
6.988548607042447403e-01
3.959351686736857223e-01
-1.876539589635433658e-01
9.646355378433606464e-01
4.493784247131903387e-01
1.712395866547935741e+00
5.215223575413885371e-01
7.389881609055903855e-02
1.379543940216700237e+00
3.172778031406706667e-01
9.377606068478596679e-01
9.636231512740466298e-01
3.419921808259145934e-01
1.398295816649059775e+00
7.572417705544290945e-01
3.824144485091594547e-01
-2.675894962850922099e-01
6.320275924100027254e-01
-5.094190595895802254e-01
9.159064474359560615e-01
-7.115241343813059061e-01
8.487392805669642382e-01
-1.190654833647577793e-01
-6.218252716515789702e-01
2.449654786782383686e-01
7.920820792581700909e-02
1.506409244070168629e+00
4.764863625857024276e-01
1.041286832411794983e+00
-1.032760188566925308e+00
9.576697063669603605e-01
1.553141364396292967e-01
8.412909163777828603e-01
1.624374518648467602e-01
1.232924620739405536e-01
1.445571582328760263e+00
8.520385772549231573e-01
-2.562570010867445403e-01
2.840279951949655768e-01
8.131432413164466633e-01
1.078785810779570253e+00
1.566128233302672257e+00
6.417673100670998609e-01
1.354575170144152629e+00
2.307155623622340335e-01
4.109844377268748183e-01
6.037372373258220737e-01
2.153374165251921435e-01
3.310364288100380303e-01
-3.337727853794315858e-02
1.956979999031978057e-01
1.130127018156967145e+00
5.382336389391403353e-01
8.956295470858097740e-01
-1.849311318832284334e-01
3.248937254744077574e-01
-5.238487560227355067e-01
6.653537603805567135e-01
1.549478203127879095e+00
1.623680045681306083e+00
1.438678673742154190e+00
3.683973729536417496e-02
8.294344782150228634e-03
6.123824077582812331e-01
1.351643335712382266e+00
1.510851072777590121e+00
-5.048881797400033705e-02
1.009005840497905426e+00
-2.323969325993907944e-02
8.878389508046822254e-01
9.763723344396879611e-01
2.875623253174623972e-01
-5.821504900079162992e-01
6.061117849884311015e-01
7.792914303517882724e-01
1.487879369327186119e+00
6.745711397594645886e-01
6.317035007821225623e-01
2.817029493446619459e-01
6.262103022367239147e-01
3.237323488598749938e-02
4.730174024249286790e-01
-1.109116535115793611e-02
7.086516139253291602e-01
1.055346977912741346e+00
2.723014764278148814e-01
1.042279037830624366e+00
-6.428463385419284082e-01
4.504385718221563528e-01
-4.784416215175753551e-01
6.858546226393148482e-01
7.899165833351239341e-01
1.504344048964982306e-01
1.764124222728663982e+00
-2.296579777659997212e-01
-5.778432469047077857e-01
6.205690135678855468e-02
6.189303081339325718e-01
-1.257749747615070635e-01
3.035972125362019769e-01
2.937012563307525581e-01
-4.038976310312796802e-01
6.502180060804073625e-01
3.135692615891427781e-01
-1.071583925883325294e+00
-6.139746645790689072e-01
5.756546561293914843e-01
7.780890933709113666e-01
1.525265373728328933e-01
1.062814033405596881e+00
-1.744842130109368339e-01
1.615874221608232242e-01
1.170567641558040606e+00
5.220897659713054084e-01
-6.281599401511199499e-02
1.705193101467587624e+00
5.849234526217614999e-02
6.976053572891056653e-01
-3.969772952149767109e-01
4.137523278002240290e-01
1.931219387957732181e-01
8.114458018722501276e-01
8.803184144502841368e-01
1.161944229732572165e+00
3.554623174633557148e-01
6.821476999457074530e-01
5.411564906613151038e-01
7.305948497752116078e-01
1.410221735385722264e+00
1.617154567664352394e+00
9.248492754400808868e-01
-2.385412223853309865e-01
3.502127315463738899e-01
3.587254693480477208e-01
3.586440687205768585e-01
1.379951716772207071e+00
1.614338242616826014e+00
-3.774440693125185459e-02
1.610374898328879867e-01
-1.448634342365231475e-01
4.456606488573052194e-01
7.906599991110024872e-01
1.883127094300079130e-01
1.668846761583564930e+00
1.053354287637831899e+00
6.799567861939359581e-01
7.749615759345788168e-01
3.635644946818213374e-01
1.260438372656403239e+00
5.362407260358604821e-01
1.191824550278930972e-01
1.380462107378938708e+00
-3.544351071999273239e-01
1.779012440321736666e-01
-4.208113861750764628e-02
-5.842180900929304643e-01
1.306453078089924613e+00
6.201077538521014842e-01
-1.624843972033975653e-02
6.746816834028755983e-01
-7.981308229805331722e-01
1.584504616192047299e-01
7.429068380643218950e-01
-3.412439405332463038e-01
9.975344886926102994e-01
-4.820064625683357917e-01
2.772640971891703332e-01
1.408895116913462253e+00
1.336446825024638851e+00
-6.177575262417097646e-01
8.336306084970965813e-01
1.526100591229363923e+00
5.546276743186039360e-01
-2.513046139829158698e-02
5.614620913260534030e-01
1.558257869269319862e+00
1.517924404792719173e+00
1.189081861604590173e+00
-4.996999768030009892e-01
1.857704470948581266e-01
2.579362989702923548e-01
1.750191115516661344e-01
1.180348352447627480e+00
8.486490216924734709e-01
6.779163977347258951e-01
3.515602464253225756e-01
9.168165552644689242e-01
4.225044856599038390e-01
4.274055448038500266e-02
2.821159533243477457e-01
1.074090211439842291e+00
9.931393701679716579e-02
-3.610463226580484242e-01
1.084177934633624163e-01
8.069389609604875613e-01
1.131398545782826004e-01
1.152756526283312155e+00
4.917598313238396579e-01
-4.493989821891393455e-02
3.014617733883435680e-01
4.425826104364056213e-01
1.354342468356738882e+00
-2.212639547738577128e-01
3.565784539962986166e-01
5.450977462311777932e-01
3.494829435641461091e-02
-1.510492024599890681e-01
1.985921695489895722e+00
1.240812201245647062e+00
1.182840561665210233e+00
-8.642534408844775029e-02
1.000402382159197190e+00
7.531729955528513321e-01
2.225942866697537548e-01
2.950148250317688459e-01
-1.213761573367691526e-01
-2.143459302354928930e-02
1.647529936505877535e+00
2.617926304880520694e-01
-3.632515623407781558e-01
1.406176022721286500e+00
5.433389149268540441e-01
1.295426571529945337e+00
2.003098061031384214e-01
-4.126371632027068803e-01
1.390870941605427902e+00
1.171249630232853001e+00
6.297815444606150725e-01
4.138328197762017879e-01
3.847381528464537404e-01
6.697196894115237109e-01
4.605603714137540550e-01
3.628826082380372936e-02
-3.762586959066228087e-01
3.770595072304228079e-01
1.286986023328828610e+00
1.071336237162045402e+00
1.210422702117245480e-01
1.689431540885661720e+00
1.143131409541199961e+00
7.427692051172781751e-01
3.749145862668796236e-01
5.719747448143868152e-01
-4.628864612521514377e-01
1.214071568865828343e+00
7.523868411361183117e-01
6.952934590561096750e-02
3.301869163510133265e-01
8.406618542629377133e-01
-1.979780612037070342e-01
3.236930724688839855e-02
9.210267725157025298e-01
3.751911636150696006e-01
1.244224490846541187e+00
5.668017564580661860e-01
5.907538212449056081e-01
-1.894563862254847741e-01
2.235203186771583528e-01
1.200481215631016285e+00
7.806617865034024550e-01
8.351561434436981513e-01
3.175046451605489928e-01
3.512662908293165964e-01
-1.603018217832305192e-01
7.457695023361010644e-01
-7.319536097844903111e-01
-9.292189874476223244e-01
-1.899175739332771562e-01
1.303300406190364802e+00
1.114565309143321192e+00
5.497454790000702030e-01
2.647534552604550173e-01
-1.128841840864700102e-01
1.498990034717566422e+00
2.203913072322749855e-01
-5.851982865276613710e-01
1.495297869097673260e+00
-4.832882548605249573e-01
5.197240156368048147e-01
3.787215154282160823e-01
-3.332554794166320278e-01
7.719468078421944934e-01
8.093758718563917043e-01
1.394276167298844848e+00
1.073054221419628806e+00
8.775893161533224740e-01
3.808318613369378602e-01
-8.931565031521474518e-01
-7.101281232706527780e-01
1.613620725467993511e+00
8.270041704876229804e-01
-4.464361028642635509e-01
1.329998879501665954e+00
9.705715553542301754e-02
1.563171330946470983e+00
-1.261660857742223363e-01
1.252036443123803133e+00
9.558727593440859982e-01
8.551833296406284868e-01
-2.010657291272161251e-01
4.686476493518307307e-01
1.204757485947295592e+00
1.008534321481631357e+00
1.137271080932603651e+00
1.185347038352509763e+00
6.208449392073404072e-01
9.450027834461289800e-01
6.694924987265583605e-01
1.728501039789736571e-01
6.943410455939383885e-01
6.182959026631835719e-01
7.064173290871739175e-02
9.814373811648338108e-01
4.280844381745820271e-01
1.479371528383586654e+00
-2.002010277294704876e-01
-2.638038394820444998e-01
9.764957451978972802e-01
4.910447323575761747e-01
-3.154326498894444164e-01
4.600874174727193067e-01
6.726051153263203908e-01
2.166897740768233938e+00
4.194479787938863030e-02
3.081139737199073067e-02
-7.525187790379342934e-01
1.313660225716136498e+00
1.903839802868439790e+00
5.818977159120699572e-01
1.515795913236843262e+00
1.504679826763796191e+00
-1.416476523160982992e-01
1.509335833800176108e-01
1.967429793152108086e+00
7.006588217537512708e-02
3.404697031671861940e-02
6.432383750207135154e-02
5.452269853822098167e-01
5.699688779981736397e-01
3.246187520699379547e-01
-1.204218225676171983e+00
6.788248068309685190e-02
5.029638548215431548e-01
1.346108645729865216e+00
1.886822964867668762e-01
7.325108866101105454e-01
-2.929780860536486398e-02
1.594412675638352539e+00
-2.957704866345056138e-01
8.893817131497396833e-01
-2.135439478880944986e-01
1.543742278558637715e-01
-4.345074682820672662e-01
7.583961844697666432e-01
-5.779888849297805109e-01
6.871910086588977062e-01
-1.582868605018822317e-01
4.194869495422659522e-01
1.918175517834279864e+00
7.653426414794373134e-01
-4.294396118699623788e-01
9.802202975116955930e-01
-1.457296980896791161e-01
2.008109585701207234e+00
1.954865597008943245e+00
5.917863853835577670e-01
4.023991498590328425e-02
9.818104848752498004e-01
2.716061585810456425e-01
1.525358923965585145e+00
1.444466865543435175e+00
-5.879099160121051826e-01
7.504131316733775314e-01
4.098328012651906160e-01
1.341789129925359036e+00
7.869477031786240584e-01
2.078012065969561950e-01
-1.406953427615084684e-01
3.764832390000505402e-01
1.269815556830140857e-01
1.147178106234985728e+00
1.193762736449048178e+00
9.845173189015199444e-01
8.038207952678155799e-01
9.746897088601951253e-01
5.663352921309378063e-01
1.066115574554216128e+00
2.936471461630184021e-01
-4.830687743417146351e-01
7.177417562696565556e-02
5.508328251858267688e-01
1.944841337754846938e-02
-6.709150893970434737e-01
8.824160077619255249e-01
2.446115176229228250e-01
-4.231009739795699165e-01
8.111677404383267342e-01
3.410712010795528132e-02
7.142648177721219183e-01
4.694911367167182159e-01
1.725363444706537353e+00
2.743530523004210631e-01
1.191175677379147924e-01
9.292036816884572392e-01
1.131420003383101669e+00
7.149852146589354973e-01
2.543582269442120070e-01
8.815306687553355891e-01
-3.587411273256865263e-01
1.311234474496239422e+00
5.990725172691968581e-01
1.222248604504225566e+00
1.435456052978847596e+00
-5.394889223464822692e-01
-1.137997130110256216e-01
1.430672510438581124e+00
9.836114621442478834e-01
8.271760573813738970e-01
7.075850354937587294e-01
4.988881641833217140e-01
1.192601886110755405e-01
9.899495013929284770e-01
5.557136155129627220e-01
7.087840805273049050e-01
1.064426508170616348e+00
1.889892182989002745e+00
-2.442330367313895190e-01
3.832819769833461510e-01
7.341555691642055459e-01
-3.076626270811987779e-02
-1.674899690761054716e-01
1.032503776561683795e+00
2.055155664619604805e-01
1.009718392158239553e+00
8.073688710518440725e-01
6.129740547610351697e-01
8.815920677160513641e-01
-2.368136797584766140e-01
3.911447666808881007e-01
-3.702105782539010792e-01
-5.642511792496179845e-01
1.427572798489810113e+00
1.613788666473399802e+00
1.043634635746465200e+00
6.417681584196450739e-01
6.824376029057654947e-01
3.761206572550470084e-01
2.002165931484068295e+00
1.105942573314013577e+00
-4.115673878960356968e-01
-8.810793872716149444e-01
1.497425235263278642e+00
-7.946913664946779754e-01
9.524721699523984730e-01
5.355509079764061431e-01
1.589087469563879473e+00
3.501444985278323596e-01
7.992514392226230946e-01
-4.429153348454410999e-01
8.387294993488652040e-01
6.351970385258655094e-01
9.658098739636685748e-01
1.247004910853133808e+00
9.046246161023322463e-01
1.350225592132293095e-01
-3.012444647610614257e-01
1.154520015910933672e+00
5.947928453129283088e-01
5.614992524622861580e-01
-6.411554224158250159e-01
-1.026309514556909885e+00
5.123535822339212453e-01
-8.286218230684695429e-01
-4.905815765537449580e-01
-1.852366133932326631e-01
4.651063552580998739e-03
3.119617370658147593e-01
-6.715230305401265198e-01
-6.701359090224691117e-01
7.758630998687919833e-01
1.082931141058544044e+00
4.681485958892974697e-01
1.420813721049569711e-01
7.600211917365886638e-01
1.268955210103465570e+00
8.409028242169637180e-01
8.721146453828221290e-01
1.528592704509541766e+00
4.039836122636752958e-03
5.410813422215170476e-01
-6.566244083883745475e-01
7.432649702968994188e-01
1.718133239891504183e-01
-3.236061796431572435e-01
1.216221577857292013e+00
7.121864622346637530e-01
6.679798193745729584e-01
1.281489170728890903e+00
8.616774854881724677e-01
7.239347547109299397e-01
8.134623915122615179e-01
9.864787686253909671e-01
1.344553671224879787e+00
1.275072273594158201e+00
-3.337166244509807145e-01
1.276484561861245925e+00
-6.550232445452458530e-01
5.696247975397581431e-01
7.515982670545505728e-01
4.971663041715664866e-01
6.016318281291042902e-02
8.253604944159492751e-01
1.103175747250453753e+00
3.148227179757381866e-01
2.949881455025394894e-01
-1.885677497974186656e-01
1.737900750127916449e-01
1.327023675900908417e+00
2.320153096387085265e-02
3.325210979251896903e-02
1.487465777913498988e+00
5.926866722492369899e-01
1.044748402527950315e+00
-4.412535915414229626e-01
5.537750008918848055e-01
9.123441625757867657e-01
4.430756797159477456e-01
1.089422236698893487e+00
8.908721777656057883e-01
8.489311224459893390e-01
-1.336421287586186946e-02
-4.001581459024527443e-01
9.053666673850916391e-01
1.234440998255416755e+00
9.180271856926419671e-01
7.361459875149725107e-01
3.690297879437031137e-01
6.596302731141275855e-01
2.406113747974453487e-01
1.058726885666758433e+00
2.752081072586314847e-01
4.575759042361183804e-01
1.084035193448691148e+00
2.316383913324779331e-01
5.973776252696301470e-02
1.060021912906220720e+00
4.743300244629620188e-01
7.767486927941276431e-03
-9.788462754746706240e-01
-6.572888307698852017e-01
6.273587691937698718e-01
8.404192463234733124e-01
9.776475062520528780e-01
-4.409707506467436255e-01
9.071629052952556727e-03
3.455890472375093836e-01
-5.262372592875714794e-01
1.534347523771269151e+00
1.927133801145226588e+00
1.135475469570880858e+00
-8.152022773595148930e-01
6.319944469809903875e-01
2.925257300098806912e-01
1.538348190701453344e+00
8.063677167483007668e-02
4.232653349220265038e-01
1.547341513235236610e+00
2.530582140216265929e-01
4.776827286963193919e-01
1.353355226460468241e+00
-2.011810071917530252e-01
8.071250304054722324e-01
5.087831871597439104e-01
1.832735985469739148e+00
6.798792177123622604e-01
6.322922196746554313e-01
1.850471933353832199e+00
5.579663019505306520e-01
1.606282511613978503e+00
1.001748064495946222e+00
4.689432268316668928e-01
8.422333885516726237e-01
-4.052714963684029281e-01
-7.399520606568873449e-01
-7.200140679654635223e-01
6.692438589807016003e-01
-2.578957380028633062e-01
2.445535634429241156e-01
1.398907457125869724e+00
-2.628542476132298411e-01
7.776151014450479737e-01
-2.150252504431807987e-01
1.059918452544542422e+00
-1.135211209917225961e-01
1.117647839113129898e-01
1.764707935364782931e-01
-1.552785409690293772e-01
1.057662135466598485e+00
5.061996038697990086e-01
-2.788992385780053596e-02
-1.786350258342779274e-01
1.047662814984361007e-01
-2.307549867818733946e-01
8.009313555764627224e-02
1.188079750488181929e+00
-7.932529993625080378e-01
1.030027864582822250e+00
2.997044380793012497e-02
9.133738068010623934e-01
3.275193181910125428e-01
9.932922987566136785e-02
-6.881195967430531191e-01
3.479956453783424331e-01
-5.218784794856660136e-01
-3.340867003599699570e-01
6.642486879209965611e-01
9.576500008765669314e-01
-4.184189004285269325e-02
5.400499323576603006e-01
-6.597434532584338651e-01
6.521191907076729910e-01
-6.931349218281048774e-01
9.207335283413387028e-02
9.680949333197351736e-01
9.621582857373969233e-01
7.212094359669127264e-02
3.385463243065228167e-01
8.360464683960391330e-01
2.494935941056462547e-01
4.240878031491400746e-01
2.603115209007819120e-01
-2.536731874508664497e-02
1.229962224274943727e+00
9.191283500091177450e-01
8.809545644561107558e-01
-1.958245720577266313e-01
1.711789132474852648e+00
3.590242601903177455e-01
-1.578873411523667447e-01
1.186801976515285961e+00
7.467056411159951612e-02
1.496226013636246854e+00
2.741057994758784866e-01
1.026980292170757814e+00
1.131644740340085331e+00
8.832554406035176831e-01
-1.033486797806513896e-01
1.180142101440563529e+00
1.903731502612677318e+00
-7.732785355212787315e-02
8.189601253525788938e-01
5.943522027720350431e-01
1.148883675802948867e-01
1.240100729627066634e-02
1.155027758561445017e+00
1.115074714771538522e+00
8.680713960420616271e-01
1.182246107605914087e+00
2.192843541253422512e-01
2.710416832425485700e-01
6.041593518435188770e-01
1.085661888633056238e+00
7.685479068218649124e-01
-5.333872557786641933e-01
9.770623087783320004e-01
8.682392289371878569e-01
4.697003098883898442e-01
4.210801853794112759e-01
8.017384117850302749e-02
7.507879477710890370e-01
1.051654534445457978e+00
1.215679522435658910e+00
-3.968103796755365759e-02
1.227397629672436929e+00
1.656210122351798597e-01
5.333651020540712551e-02
1.282843750022321760e+00
1.276368284642024342e+00
-3.738030320016348385e-01
9.738897584208784375e-01
1.532651730270084611e+00
7.275596286853268646e-01
3.590550393431728438e-01
5.859578639622502472e-01
-3.153055172823362451e-01
3.236616310937455443e-02
-1.792265324814971694e-01
9.591578296686535943e-01
2.086448882192805665e-01
4.715268222743008719e-01
1.697893006756372003e+00
1.278307387224546510e+00
1.387457257433243552e+00
1.390689165035463803e+00
9.900447319065441842e-01
-9.028224843155211454e-01
8.506466578019421521e-01
3.204354005452278442e-02
3.725720766084058555e-01
1.788003418035464698e+00
8.669166693614094310e-01
1.111356220311396026e+00
2.434941564212292353e-02
3.728025865722617849e-01
1.255292929003134716e+00
1.034863861996393464e+00
-1.701004011593807153e-01
-2.052306259244889575e-01
1.012272065468355020e+00
1.328363834843083069e+00
4.996010941546087936e-01
2.408274286221221416e-01
4.561793043775487777e-01
5.427216817266885540e-01
-4.649408617348612105e-01
-3.100411371211167499e-01
1.023156692896274755e+00
5.747784584438532240e-01
-1.350149174620300097e-01
9.473819964786426295e-01
5.110336174521686869e-01
1.132837862953787189e+00
3.312154490418679070e-02
1.223615824892418713e+00
5.050267709833345942e-01
-3.425261577455543938e-01
1.278024173901469274e+00
2.496699219442901907e-01
1.133670438379728251e+00
-9.011535778372192773e-01
7.232997136321607512e-02
6.346443035577025160e-01
2.834222618312829955e-01
1.157793055934156490e+00
1.127189795554030649e+00
3.806379455992501826e-01
3.784180971157978801e-01
8.557651776307018121e-01
1.437012218175363620e-01
1.556997403464807084e+00
-4.137921662547761614e-01
-4.304816315411839067e-01
6.826835264204991205e-01
5.907740425472848278e-01
1.660444623477103976e+00
2.421630573964052680e+00
-2.041069108727797676e-01
-4.840479630662237742e-01
-3.443830816018613739e-01
-3.616320472972519573e-01
1.250104163852805650e+00
-2.504158834341109197e-01
-3.064396040428776780e-01
2.405887604144425040e+00
-4.157968368126965242e-01
6.951439094425173604e-01
6.580038424382574080e-02
7.162514701831872443e-01
-5.101541982442844847e-02
9.691562918992648878e-01
1.067937211595918479e+00
1.389814279194525604e+00
1.115198641193143825e+00
3.698645721761000260e-01
9.634660752500849579e-02
1.935453238643695673e-01
-3.985783168901498863e-01
1.046235401622233940e+00
3.765323138636670341e-01
-1.276273289651679854e-01
8.273949006113358040e-01
-5.399183539089816297e-02
6.254359078968360075e-01
1.329648434281327063e+00
3.039338802388567573e-01
2.481802992579115186e-01
1.052644112081389249e-01
6.541665627811939221e-02
1.251694517696982478e+00
-3.598053316716083860e-01
5.246903441987285088e-01
-1.760107606881873288e-01
1.454309852989397855e+00
1.635458489255136483e+00
7.279497300028495710e-01
-2.645826124987888939e-01
1.422341661244024502e+00
7.930490683687311249e-01
4.383580605012410425e-02
1.593335470530188869e-01
7.370906466172343352e-01
-5.314059318838507684e-01
2.026104200870702532e-01
9.388251213514575699e-01
9.234483112218435652e-01
-2.507853246558127136e-01
9.497290975413283376e-02
5.377084890061626377e-01
7.200398435846605549e-01
1.176907271495619245e+00
2.057268821762310573e-02
1.177300413755051345e+00
3.246178463965808114e-01
-2.351428732589380122e-01
5.632460594301508250e-01
9.121103141864788100e-01
5.028469544412784709e-01
1.352424114900774965e+00
-2.833627843102843880e-01
-1.472368690832897287e-01
8.683816829371856505e-01
-2.438928428499330114e-01
1.237738301171952937e+00
1.043262261772633925e+00
-5.402406805410100987e-02
3.493477199271447509e-01
5.047588946297094648e-01
4.043075160293789772e-01
3.434609173981851855e-03
-2.798597701563125262e-01
6.532403039248123322e-02
1.114945131621594143e+00
2.480717160147307698e-01
5.094775871742680540e-01
-3.644550866221130669e-01
-6.096911546770948931e-01
-1.718884907885750435e-01
8.395949185011598592e-01
3.806540092260435326e-02
3.201175257789339867e-01
5.474057142094893025e-02
1.271836923282607890e+00
2.840311638011849826e-01
3.923799222696192079e-01
1.738016499969435191e+00
-2.836871370091906264e-01
2.245938821202324853e-01
1.685094791104136402e-01
1.161379612253772065e+00
-2.363741614943358493e-02
8.217336621046182621e-02
1.050721565649473943e-01
5.943623035040787039e-01
2.952501870112870241e-01
-3.302741896392401982e-02
1.844835629934749865e-01
-1.315010773992520532e+00
1.946324450351302193e-01
4.220820491612280456e-01
7.793240562242200742e-01
-1.670566716036979427e-01
-3.873355309573334182e-01
6.982255207209910886e-01
-1.711997361725776101e-01
3.292288818848275733e-01
2.122948292653601854e+00
2.587410976666911222e-01
1.405399761586449525e+00
1.450879369810280650e-01
8.763386507504598022e-01
9.653790916404721978e-01
6.001059980482877920e-01
2.878171182724214017e-01
2.548212208315294713e-01
1.005903218851387892e+00
3.632944299365335472e-01
6.333942284963499370e-02
1.026201140625858876e+00
3.131649733866710972e-01
2.403219353691061211e-01
1.154970257834405878e+00
6.698795864092866870e-01
9.937367827985155166e-01
-3.123411953496244009e-01
9.454770270281180888e-01
1.287285947221467275e+00
6.454594446009264130e-01
3.572494437064582806e-01
6.168993227986170336e-01
-4.776394341399554100e-01
-1.193774666951443741e-01
9.733036620074542178e-01
-2.244279250985844465e-01
-6.073936142365815583e-02
2.599156361960254791e-01
4.753389332176830018e-02
7.876084131242970798e-01
1.073823656664190995e+00
1.269727734147671205e-01
2.966711189080536992e-01
8.344199588456568950e-01
3.366522928025896810e-01
5.877945433896649696e-01
-1.124783407263648671e-01
6.895586031700052798e-01
6.141177238699007113e-01
1.414085696528062597e+00
4.371488941941417128e-01
4.856598991564065049e-01
1.347367678938197200e+00
-2.230334693253689937e-01
-4.017376481059381499e-01
-5.137863975144000284e-01
1.256245156436301746e+00
9.722231792141953211e-01
2.124420505418634086e-01
6.581342972902066712e-01
-3.295764732550173215e-01
1.094168837422225121e-01
-4.031047515988000485e-01
5.854337737943917652e-01
-3.108916423644415561e-01
1.201020911598176255e+00
1.089638756786110774e+00
7.696708826855566121e-01
-4.519791063272922682e-01
-2.948361703187619698e-01
7.136615547276956018e-02
7.362446210597491936e-01
5.207068000182026035e-02
-1.321128256390560418e+00
8.367521836568770910e-01
4.585529138954903550e-01
1.463801594588974853e+00
1.139449476040586440e+00
5.528861699623977000e-01
-9.224849614534090803e-01
1.243113292991558261e+00
-2.804113100573280559e-01
2.936242375682732719e-01
-3.133391085652649788e-01
1.651530945516383131e+00
3.523721291544855694e-01
9.684963958110729410e-01
8.867081160077852076e-01
1.101374680116310678e+00
4.220339914503677958e-01
3.566785244226835516e-01
-7.906132080941711271e-01
5.580269120005788563e-01
1.345236176473512568e+00
9.375809367992398169e-01
1.290101293566792706e-01
-2.490326126877102225e-02
8.853659925150656473e-01
4.038892532530198309e-01
4.157447757917996367e-01
3.670124556442530550e-01
-7.190435801214656308e-01
1.574318524328481572e-01
8.592430431750860409e-01
-2.139129109382918170e-01
1.032839251126945745e+00
1.584527877095806003e+00
4.223515646201781437e-01
6.233027483797739521e-01
1.521520315228775955e+00
2.291852700629615491e-01
-8.860441466948362765e-02
8.059391042638863745e-01
1.816935525200834567e-01
1.325202816720408294e-01
3.784195233688638638e-01
1.319489109971330398e+00
1.101831608017890041e+00
1.229834604273529974e+00
2.880529398540008224e-01
-7.183264829390179074e-01
7.331431804398980123e-01
2.150314863561283429e-01
3.918227866926418113e-01
-1.108405404469937072e-01
2.919872300680050325e-01
-8.960984109564483491e-02
-2.103885859720969198e-01
2.565973769467169360e-02
1.481509857168235023e+00
-2.746801652116391268e-01
-1.969496368684466869e-01
6.060814472113016382e-01
5.408188837279263028e-01
5.784819399540304108e-01
6.725864310647580169e-01
8.374760578068904948e-01
-6.378402639295260856e-01
-1.090740747337208605e+00
1.403397142075306636e-01
9.054780882489485982e-01
3.828517947456372972e-01
1.203035815628563432e+00
3.714804426499249690e-01
1.129161020401355131e+00
3.100255244489993900e-02
1.087162702883286203e+00
6.955428878010019300e-01
5.672041042687074874e-01
2.841034451829406726e-01
1.154983506297558637e+00
1.722972941475776176e+00
5.002792073921017435e-01
1.685590949363015567e-01
-7.392409027846739977e-02
5.494161422867418487e-01
9.669668050118980229e-01
1.225229686393358053e+00
1.188412720472943551e+00
7.401702713639396469e-01
1.245666310502104371e-02
3.963965223673834859e-01
7.021959850982159024e-01
-3.441872977862400762e-02
8.558798158676844681e-01
4.452073833893172017e-01
-4.384701508952513205e-01
1.049849834518403524e+00
-1.746302883902458303e-01
3.944287118588567509e-01
1.699385187681829779e+00
9.176649465601204314e-01
-8.819144238581706763e-02
1.315222790938038594e-03
-2.623819541465928218e-01
8.284808694570281462e-01
4.150467502251748431e-01
6.519611480663534131e-01
9.144175207246870718e-01
5.451789896532008850e-01
6.719675998094130076e-01
2.020976994835451013e+00
2.440617499167822002e-01
1.114482582094457497e+00
9.955882495131285204e-01
9.416656780201668742e-01
1.214624112710005699e+00
7.242066175945899298e-01
1.723434997949895742e+00
6.830208612902903820e-01
1.003208037510463058e+00
1.058161837461803367e+00
1.187158679866095135e+00
-4.916031342063848508e-01
-3.275043452796967680e-02
1.967841098519470977e+00
3.364978847061681488e-01
4.735580869349325095e-01
1.209601623531678216e+00
3.574170510214288443e-01
1.041424926428105024e+00
-2.450631031039297858e-01
6.089967245539752438e-01
-1.249357514358478000e-01
8.541357760589848303e-01
-1.047897385186692620e+00
2.043569865455241441e-01
9.219343658338599035e-01
-5.752662343993814043e-01
3.101085435305047100e-01
1.409129750623246746e+00
1.322853398127900926e+00
-1.225121722620235776e+00
9.675718483558438665e-01
-1.538219458873947565e-01
-2.390824996350697229e-01
2.455136908875287516e-01
1.089238339362433639e+00
4.514305021319653943e-01
1.134018358451441139e-01
9.318592837941108709e-01
8.528220906284853520e-01
9.222504995464191335e-01
-4.961294618699310099e-01
6.500575391094843836e-01
1.283957041820457334e+00
-8.186135965931533309e-02
1.383909608287139659e-01
1.472056799518483838e-01
9.850645090997167674e-01
1.132868927640295481e-01
1.392080811644014204e+00
-6.041191782413656286e-01
9.464877204576173098e-01
7.641812554642803956e-01
1.164665102456120760e+00
-7.144693075679488248e-02
-2.859853983896950003e-01
1.077314846851137764e+00
9.330979538179520194e-01
1.859597821628793612e+00
4.723139194839429678e-01
-3.175990419317500923e-01
-1.487923082219882454e-01
1.937289869694017064e+00
3.514197280382960198e-01
3.651012239904553591e-01
-8.946256204631378162e-02
1.065416390163437033e+00
7.616864769563058690e-01
1.518379082088546328e+00
8.735229255724710207e-01
1.678127965058390014e+00
-2.657125585220716513e-01
-3.656385174015351902e-01
-8.618993948112938508e-01
-3.754770950388221507e-01
1.054256331973869809e+00
7.385490818337081542e-01
-5.469788108312254593e-01
4.173221740091283549e-01
2.195638095270508461e-01
5.312323274347902080e-01
7.036135428457914731e-01
-4.016827464137433523e-01
-1.809969237573440248e-02
-2.978814166137007668e-01
5.363920016024947834e-01
9.911420331360036862e-01
2.582857205340457485e-01
3.236404670016349017e-01
6.668906850590837765e-01
2.746287329966720647e-01
3.405758020656048379e-01
5.777484109315562250e-02
1.363133096257240995e+00
-1.269655134116235984e-01
9.297560931612577351e-01
1.743864978770346685e-01
9.756653672122497234e-01
1.060973446670536946e+00
2.389498745938057819e-02
8.854806041034288810e-01
1.857424045062117335e+00
6.694696539444967565e-01
-6.037605680847480949e-01
8.594176611559094514e-01
8.936919921812429557e-01
7.960745883772903930e-01
-3.458054625636718948e-01
1.439772166146349619e+00
1.455068580251043020e+00
9.982388080232763583e-01
9.319321705029486314e-01
5.885629842846135107e-01
7.470934954834743680e-01
5.962630543025938534e-01
1.962167434640797348e+00
1.993677328735064258e-01
-5.260336763965689499e-01
-3.931360476281245409e-01
9.292151146966463049e-01
6.452093047873372900e-01
1.747036672398053214e-01
-4.781179663953646353e-01
-3.053284100317624206e-01
1.136698313739322286e+00
2.005830196231445928e-01
-1.130214905183737767e-01
9.082172592935348066e-01
1.479623097164532441e-01
3.015953890342128463e-01
7.861479391250503213e-01
8.575854249260119744e-01
7.031841773197206047e-01
9.611651075958476120e-01
1.288448687802666415e+00
1.004546427093331529e+00
4.983860591776261006e-02
9.115756303024719065e-01
-3.414561868976445647e-01
9.691715963513436449e-01
3.888455541072161070e-01
1.988774267896106229e-01
4.548348428664478749e-01
-6.016741630653651418e-01
1.259114023982952579e+00
1.323145808471158258e+00
9.667132527960755617e-01
-8.933645443363402716e-01
1.743232249689215196e+00
7.329864606530326343e-01
1.342866936296652769e+00
1.827534685432197215e-02
1.049544215857141749e+00
-1.020555497661100430e+00
-6.413170009868556232e-01
4.526760203066627630e-01
1.325586681103230635e+00
1.608324889847056349e+00
2.554802673399640955e-01
7.156234812391742972e-02
1.361391919807333428e+00
1.136362535583489430e+00
3.550628423501405173e-01
9.115330997165714821e-01
-1.231542407092112157e+00
1.287493425443600792e+00
4.037714278118674505e-02
1.858658733999279500e+00
1.573895611699075214e+00
8.657010453772506775e-01
6.768800734171026567e-02
1.160394816823756337e+00
-6.123354365148426792e-01
6.601551996454831928e-01
4.488650994308708286e-01
5.108500670918937336e-01
1.206558460561656831e+00
-9.179484826362840355e-01
2.794370563992686352e-01
-1.822502406255298579e-01
5.860769912841911067e-01
-4.917118031769312503e-01
5.850148270508084281e-01
9.446541571065855125e-01
1.825778872565126387e-01
4.426373548691248661e-01
1.756420284361874806e+00
9.465218383389827350e-01
7.475635274127334640e-01
9.836708196692214856e-02
9.716586231476216362e-01
1.308363188295562196e+00
-5.250086351695984477e-02
1.325140800095855331e+00
3.110818028133606750e-01
-8.502488430297670818e-02
1.202892204840132484e+00
5.390921415092538860e-01
6.680679815046458581e-01
1.130066233255623276e+00
6.917930680463854065e-01
-2.127667042657591101e-02
3.895738562434331587e-01
-4.065248834494133989e-01
-2.030393954512704074e-02
1.054009939359028092e+00
-8.759126595756318023e-01
-4.096924856100251922e-01
2.522119632662705779e+00
-1.267085857774880864e-01
1.355320530290655912e+00
1.864966742081641371e+00
6.815720736337518293e-01
7.298666894694342266e-01
4.991140342440434918e-01
8.660285965468111913e-01
-7.197938202300708799e-01
2.665383716148185256e-01
1.028037534148999316e-01
5.878928659274090807e-01
-3.431685677747198238e-01
-5.813269438783579268e-01
5.759224308121859703e-01
-3.743742112458102733e-01
1.538645747038307754e-01
8.376447820714445491e-01
1.287830278361346281e-01
-8.006526476523884162e-01
1.491891125582473498e-01
5.778406396565701764e-01
-5.225988195723234586e-01
9.529255318582460221e-01
1.180532209766825408e-01
6.513941019363059803e-01
1.007064310218263259e+00
-5.891676413907284138e-01
7.266426649751430711e-01
-9.851925937195020744e-01
1.394186155722987319e+00
7.594237182992711332e-01
1.214358677948715215e+00
1.250965129274328902e+00
2.613846608312054842e-01
6.924182110470825657e-01
-1.699422565587270229e-01
1.024441734121834591e+00
1.058709861077724801e+00
9.572226346981611567e-01
9.694938503780324845e-01
-4.225524489248335125e-01
-5.237080882478598598e-01
2.027537140788756298e-01
7.384626753779166553e-02
8.181821006952694209e-01
-7.859590099480950887e-01
-4.745539168870180902e-01
3.785050287641567590e-01
-3.651537163240670125e-01
5.737260987090659903e-01
9.284011138594837620e-01
5.796825748556573288e-01
1.696132615969646595e+00
-9.235094669651858768e-01
-3.523757166399943408e-01
5.344158838066469519e-01
5.729824707163465591e-01
9.920579764760505403e-01
-3.429989632699536467e-03
5.597870254270681523e-01
1.114325411552643974e+00
1.110453883378351048e+00
2.390667848447231847e-01
-2.168584167852008193e-01
6.214179042875642711e-01
4.766306838327000195e-01
7.885903922552763845e-01
-1.970062368428391053e-01
1.839480306225716455e-01
5.635107993870215326e-01
1.076100399847341960e+00
2.381195913756089244e-01
-1.024692794309226412e-01
-1.038601617268363336e-01
6.219864492380808851e-01
1.155304858297567350e+00
1.504087665583177524e-01
1.000159668635054455e+00
4.692456509070166981e-01
9.199205346617232992e-01
4.590187109063642024e-01
7.041110849771485825e-01
-1.535698017258982084e-01
4.564450975754134054e-01
1.231648188797768828e+00
5.528733891043366988e-01
1.432784268428980434e+00
8.676624962057309931e-01
-7.723462407065989632e-01
-9.656124245310903076e-01
-2.370951185471733558e-01
1.172481781916279386e+00
1.150304965636614885e+00
1.682468899294606857e+00
6.612793366597812250e-01
-1.366664682190443098e-03
1.697961454608874599e+00
6.405191668237909530e-01
1.661131573815783358e-01
3.616751646738526338e-01
1.606696618171590485e+00
9.383638892146350940e-01
1.556343707436475654e+00
4.818911007527193480e-01
-7.652883224018197650e-02
1.244090370055369155e+00
7.174458748238271566e-01
1.964688877753594798e-01
1.186742994970855225e+00
1.537824210460980445e-01
-2.696805588675736942e-01
1.307511293609294967e+00
1.252272138832877468e+00
4.393844042543203210e-02
1.905336876048428496e-01
-1.947764980690706305e-01
5.998906351954627070e-01
6.458801729565980532e-01
5.312922471047633044e-01
-3.523679270259282015e-03
2.336010700195855494e-01
5.806185523299562945e-01
7.375813992922031215e-01
8.241442402054034722e-02
6.130428347286712709e-01
1.657752503081494910e-01
7.553103927299950060e-01
4.922232242788954215e-01
9.639065718205367395e-01
1.349808381134164792e+00
7.466824689168131135e-01
1.345177112754774473e+00
-5.349443502491363356e-01
1.390345262358669620e+00
3.274366178537199690e-01
6.562296009426780152e-01
-1.047164264019249669e-01
1.581422875002232775e+00
4.159598447367841567e-01
4.886822360153290634e-01
3.130962995645464875e-01
2.044261098325135806e-01
5.824103605958937946e-01
-4.933035820026580032e-01
2.192284617921912149e-01
3.226158364394817735e-01
3.266343829386577080e-01
8.513229082652981061e-01
1.187952690317067156e-01
1.020602952963704180e+00
3.662417011460375460e-01
7.351917626921556925e-01
5.719188544915977390e-01
1.442101963368897788e-01
2.175261633725817934e-01
3.471931707471780926e-01
6.607860241886565067e-01
9.730781076714257738e-01
1.247790118535530013e+00
7.059288042910721872e-01
-1.721248532737553738e-01
9.275642678619465675e-01
1.376197731867571328e+00
-5.042709302016521455e-01
5.871116965103935215e-01
9.990862079102205695e-02
1.738703093023994617e+00
4.685860602914805884e-01
1.581278111673733555e+00
-9.610370514945371090e-02
9.991779796361303090e-01
1.434680544873139896e+00
1.102173268742619117e+00
8.569252033706781235e-02
-4.072073551353222465e-02
-1.945713799255475995e-02
1.998270129379434157e-02
3.668780888867689272e-01
1.111166599682703371e+00
6.524858088239461340e-01
1.483344835577869447e-01
1.207429185985395614e+00
-4.770529684889028565e-02
-1.016599015893118463e-01
-4.642019539266596384e-01
-1.655691055383875787e-01
8.073990334190239704e-01
6.575977100629069039e-01
4.689644012861218791e-01
-4.762713978377471347e-01
2.160860944352753221e-01
2.954366176121543397e-01
1.182869603434882677e+00
8.945543702238983874e-01
3.507954226329024205e-01
7.315376269818547605e-01
5.433123961639561017e-01
4.664038231989260652e-02
-4.524813192523133853e-01
7.754925429016751304e-02
-8.259666024896152869e-01
3.677238704843314165e-01
1.208991321893204018e+00
-6.204119323342278669e-01
1.063889197935084185e+00
5.738762567654761559e-01
2.791737641465802944e-01
8.020094844096864461e-01
4.128209296634208214e-01
-1.084541452635608694e-01
7.829749216767770692e-01
1.088226732327155055e+00
4.780017192066621790e-01
1.316822457284101189e+00
1.140709491684512578e-01
4.689214250095382619e-01
6.079949930451106210e-01
1.947456782321171476e+00
2.791608546529990020e-01
-1.336300908485878736e-01
1.293324892990057817e+00
4.518983922785244634e-01
3.873291046897762713e-01
-4.352424378761035051e-01
9.354654804614492836e-02
-9.004918595878043733e-03
-3.784460189958012144e-01
8.687834722059080139e-01
3.292864755312904790e-01
7.947605934109479575e-01
1.178684038944336265e+00
1.160279647695345195e+00
1.195104779270780515e+00
4.908768861207026823e-01
-4.350451958477767889e-01
2.145560436170685481e+00
1.381801847830999908e+00
5.006247729011447101e-01
-1.876474933388337651e-02
-2.672556608177688031e-01
-6.337041171648428728e-01
1.084813266113045405e+00
6.569297757080002631e-01
1.313681819959811481e+00
4.703787209508513700e-01
9.598781650406097710e-02
4.054702531069844657e-02
-8.471704968130459035e-01
2.508736383345830934e-01
-3.079566476427277322e-01
1.504530693279590770e+00
-2.122004223666099643e-01
7.307467870903864293e-01
-4.850601942805791295e-02
-3.044514509565973692e-01
7.203501984804139280e-01
6.609667908254670543e-01
-1.191564252061726892e+00
9.807448519105429474e-01
1.398415554966957186e-02
1.427636458990968693e+00
-1.037322493303607152e+00
1.606498388290569235e+00
1.286780963432573532e+00
2.906838420042731075e-01
1.913415184336036745e+00
4.947582694080773780e-02
1.400090255840492848e+00
1.547211001193390112e-01
1.494420039777310638e+00
1.006396838378612602e+00
1.399424547114312078e+00
6.681829756506411089e-01
-4.410524527520356952e-01
1.260014401802961093e+00
3.501373496490919890e-01
8.212949528972503244e-02
1.557918041223089300e+00
9.038213717102315803e-01
6.800009686674197695e-01
-5.005364996527178478e-01
-2.064958147795452337e-02
2.942848597711514302e-01
-8.448566599622912010e-01
-4.280810952070307485e-01
1.220388663788187333e+00
4.250198010452619357e-01
9.928394900740584728e-01
1.527278502674625171e+00
-3.228195082745929922e-01
3.158488622345965724e-01
7.859760879306276760e-01
9.122062303185799470e-01
6.706281655806686226e-01
2.487477319499415973e-01
-7.920966038421461963e-03
1.137080631900675654e+00
-1.353031101239751122e-01
2.544940636004890816e-02
-9.630567578921145344e-01
4.828253380618953150e-01
2.779277896451966545e-01
-2.836115416713428372e-01
4.568828944521132751e-01
1.087903960715580931e+00
1.256881668422886955e+00
3.575429098650588500e-02
-4.287450277595181158e-01
3.224076466805861352e-01
4.202073915422755990e-01
-3.389420961341259586e-01
7.307108491438958353e-01
1.397076479597758047e-01
2.889035525290866713e-01
1.262874701985564618e+00
2.142422103084806739e-01
2.462668416145372130e-01
-5.847417401813916060e-03
3.590492929831325397e-01
1.389468818940972739e+00
-1.624839968498466014e-01
1.267958525398322100e+00
7.918657740141854529e-02
2.670120203488503263e-02
7.845216358657672862e-01
1.058226635765642021e+00
-3.043740797616274474e-01
2.962195286537189221e-01
1.775561992029871750e+00
1.044636786668819539e+00
-1.300929939671791880e-01
-7.286187985223060437e-01
-7.001242377676617501e-01
8.901556617643949787e-01
4.335769097112343040e-01
8.178140017659460415e-02
-1.652808803885224831e-01
2.240693191780071813e-01
9.865870852435392191e-01
6.583143421919305238e-01
-8.883500138023928128e-02
-7.807992660472179436e-01
-6.686099001395046093e-02
8.124334327606819173e-01
8.248085678208684213e-01
4.709376706884335628e-01
3.431052821830642419e-01
1.447697443634791137e-01
8.847636994131702348e-01
1.938155191682530698e-02
1.514689448070396072e+00
1.154168771860251685e-01
5.130636779416579696e-01
1.396679235636443472e+00
8.247025831237003723e-01
8.328857547796908456e-02
-2.807236345129660027e-01
5.980449867594912483e-01
9.634074554277137770e-01
1.614686135091134789e+00
-4.043152183197495919e-01
5.390837201174337734e-01
4.513885279371785963e-01
1.242323200369806591e+00
4.297029795822530640e-01
4.807325986096068760e-01
6.727364372620187050e-01
9.075370358640237889e-01
-6.467875614801275042e-01
7.628419266404792287e-01
-3.363425340222818694e-01
1.278308956794227624e+00
5.272733345202686162e-02
2.608716196237199081e-01
7.509256900100028664e-01
6.291522792161087230e-01
-4.132002841862834064e-01
3.995233048823195743e-01
4.412834765594580433e-01
-5.882356923429274964e-01
1.042923580862742394e+00
1.232023668585223275e+00
1.075957074557177373e+00
1.483677786224524731e+00
2.975375449962349914e-02
-3.423877802316164232e-01
1.021432884113027795e+00
-8.485238830337864524e-01
9.236171308176448214e-02
4.062488871367313514e-01
6.883551508103427086e-01
-1.888036392435979982e-01
6.486183162077565623e-01
-4.419249904605181967e-01
-2.111553190378190614e-01
3.728938300662844596e-01
1.200440905590858254e-01
-2.435371864581713230e-01
1.336703831423316613e+00
-3.599542394223001485e-01
1.032171363827831811e+00
-1.251730803019546201e-01
5.641993746287918832e-01
1.075224110211726813e+00
1.326584165119214065e+00
1.816628030362443802e-01
-6.585468945001047292e-01
8.293767723222587041e-01
-3.318628408697585908e-01
-3.027671765280063321e-01
6.495736891747833086e-01
1.288137892998708178e+00
1.282015962948580778e+00
4.385039778743460848e-01
-3.898038363168107034e-01
4.581415010630283668e-01
1.300951080965534690e+00
6.110243550600814588e-01
8.208282929325937394e-01
4.341837420401138403e-01
1.514279673272499016e+00
7.680408147899528970e-01
-1.413486350296561979e-02
9.898062081459290118e-01
9.527152689714728506e-01
3.623663796006122428e-01
6.566918821560920883e-01
4.842511306354216893e-01
4.385427636543071661e-01
9.947236966777865674e-02
1.321192439683931852e+00
-4.143628274201727191e-01
1.091385207772556099e+00
1.946375098503706214e-01
1.795530451309393483e+00
3.493352139853528326e-02
9.536688725880080320e-01
1.314332808781181638e+00
4.048686311252188141e-01
-3.245877774260421122e-01
8.294890760469953994e-01
1.160547242114483790e+00
3.180524664310190736e-03
1.160068722733639035e+00
-1.197300060077916228e+00
2.228902824794052051e-01
-5.457824132082012003e-01
-5.329044331185618377e-01
-5.288313798889842099e-01
1.275161677663076976e+00
5.828714145599348528e-01
9.554743093124593578e-01
4.100431562507141914e-01
1.387257542591239012e+00
-1.082227733050527829e-01
1.516143105321908491e-01
-6.425753438057908717e-02
1.090775403370523700e+00
1.048812798641001187e+00
6.122266041786735002e-02
-3.020303843271989613e-02
1.649462384084866562e+00
-6.284185641533824862e-01
1.865049118203876422e-01
3.295317098023166635e-01
-6.620479775820702351e-01
1.275395018648939338e+00
3.935505643640297979e-01
-5.235000958415928635e-02
3.283290696075205073e-01
1.169159383533516561e+00
5.211904314207491118e-02
1.310421567540262622e+00
-6.918024132650636426e-01
-3.966988001186833035e-01
1.358278735319184971e+00
1.031816233384518666e+00
7.181766015219641364e-02
5.433799220528204854e-01
3.877204614784315329e-01
4.115577728321632156e-01
5.482506001037221743e-01
1.440416484043163525e-01
3.585842358469958358e-01
1.218508497535804924e+00
3.038842380306988611e-02
-1.231369485644850048e+00
9.709278089506315768e-01
1.095136686681592586e+00
-3.727864698471495264e-01
1.622801194565482108e+00
1.181117404928752501e+00
1.239724737771715990e+00
2.148133153520204869e-02
5.329299619344625427e-02
9.522547961206244693e-01
3.276556927435685385e-01
-2.114400220513798501e-01
6.796869976903865407e-01
2.702176123337116098e-01
5.438038249737311425e-01
-5.568927102181905342e-01
-6.516578310876069979e-02
1.238993238662913665e+00
1.160720582066454787e+00
4.770159532311087913e-01
3.437953783294098176e-01
3.354973409224849545e-01
1.204324856432178903e+00
-1.685485006628214544e-01
-8.874623925326435153e-03
-6.803631748072937191e-02
5.019980107783267309e-01
6.122458345573622562e-01
9.521939332337261419e-01
3.182528778092688637e-01
5.256980743092377617e-01
4.770166997931929442e-02
1.070065689259253938e+00
1.674307852229824367e-01
8.928188754678680894e-01
8.250670600257623555e-01
-1.930464900858718247e-01
2.477096177100556740e-01
4.763713734613154310e-02
4.224221519939422298e-01
-2.015431457311300245e-01
-4.849727390223092516e-01
6.007392525983873410e-01
-5.270725246204558401e-01
3.300869823585305673e-01
-1.389951435785798273e+00
-1.938572073408091345e-01
-2.594932157628385694e-01
2.461365092823236123e-01
-3.138549869731196984e-01
-1.236988382671167508e-01
2.741263518836419832e-01
6.969499607789934048e-01
1.530540530473522898e+00
-7.207270317934774684e-02
1.055759287703797344e+00
-7.890997643245166449e-02
2.290543057535998350e-01
-2.242724674087817061e-01
1.412420821567654361e+00
1.005775769085220928e+00
4.718243374518863442e-01
-4.642327413197138708e-01
-8.117878226188526281e-01
3.609576971913566745e-01
1.381025562314938337e+00
-6.562802628223015633e-01
-1.302452775991719824e-01
1.192380639410042242e-01
5.314549263948653568e-01
1.134391668052968205e+00
-4.696334806648848614e-01
1.163228152280556094e+00
1.227658782749798533e-01
1.658505970002799867e-01
8.405991237616634582e-01
-9.901782738191176880e-02
4.959646561271290333e-01
1.310958296597464212e-01
5.474698991811345339e-01
2.269451096256649703e-01
6.758499146426525384e-01
1.393754216991581751e+00
4.592603475465638074e-01
8.639873382465798057e-01
4.477517390481202120e-01
9.908609422129354138e-01
2.687359027281574497e-01
7.281804009901778896e-01
8.431694522057374408e-02
3.598646617736564468e-01
3.638285759656211260e-01
3.915866103056911962e-01
1.376973750662388030e+00
7.453486694010906799e-01
-4.165779706150825046e-01
1.272178330085651732e+00
9.469195837317144759e-01
4.311934096491494839e-01
7.604564302715841606e-01
1.510952278916371183e+00
5.030671508861785934e-01
9.318786600407631404e-01
9.265282140374320186e-01
7.140068125128251619e-02
8.344008113794142423e-01
1.185343891747323575e+00
4.582724762595911661e-01
3.061598864422392444e-02
1.630645907999801469e+00
2.389622782315238281e-01
9.660711552353583587e-01
7.238412775676921207e-01
9.299197960164957699e-01
4.498876565189469656e-01
-7.570814196096872228e-01
8.563215496724748688e-01
7.791661479020582926e-01
-2.485724189900757886e-01
8.123279847289559541e-01
-4.837560392172876589e-02
8.048302664373846449e-01
-3.401955375871423271e-01
1.639684833068586700e+00
6.343937254196925224e-01
-2.019040438480124156e-02
-1.075556105195964590e-01
5.263708356583525483e-02
1.061167839967467996e+00
9.349886126941840958e-01
8.963575498723324042e-01
1.141495248032826204e+00
1.338778664007023833e+00
1.251044530295564394e+00
6.945098965313374340e-01
7.987983137862907368e-01
7.248778123199058898e-01
1.666104122383017805e-02
5.026066322477695802e-01
1.386151832205616330e+00
4.998640992580991593e-01
-8.007518315343197246e-01
1.214808946386884969e+00
4.092542965463284443e-01
1.905181857642204601e+00
1.675517352908972635e+00
-7.844521669543289555e-01
-5.927650602035526850e-01
6.118933850768085714e-01
6.590077137713103994e-01
7.225691191148365666e-01
-1.032951247157446462e-01
7.526835711001582663e-01
6.764131414963446831e-01
9.801736578559389068e-01
1.172869619991363743e+00
5.257342983224910782e-01
1.687397864602984132e-01
4.368057250460263274e-01
4.336454691349741486e-01
-3.206396726053822310e-01
-9.891604133430750845e-02
5.178285497432035811e-01
2.073291126955200681e-01
1.595352482775513059e-01
6.541660493564248613e-01
8.110933541240686329e-02
7.312186299282689150e-01
1.520580891882539420e+00
-5.467867055550867939e-01
-3.810744735828510560e-02
-2.655018056161433382e-01
8.864713151759142651e-01
1.806678577061082702e-01
3.370632401619191865e-01
-6.505781636420199243e-01
1.674971677693290806e+00
1.549464668823672175e+00
1.075190591689048292e+00
1.053521643300360799e-01
1.188398458698241900e+00
6.688324877732413354e-01
2.574927555299551529e-01
3.260165081804637655e-02
7.878369993466964871e-01
6.518629847227822571e-01
4.878123704290876494e-01
1.368818674970253335e+00
3.991945795504754924e-01
3.474164991228884669e-01
-2.566589501460354028e-01
1.498996328864041327e+00
-6.380184991541099082e-01
2.160445316695362994e-01
9.853314253541383128e-01
3.139639810774286777e-01
1.133221554136937259e-02
1.084456954268375517e+00
-5.427143078301251838e-02
-8.367955330408470560e-02
1.109579629844636761e+00
1.502187010539882683e-01
-4.477338643624754200e-01
1.675281396389031618e+00
-2.941938066823068798e-01
-4.554149566276583516e-01
1.227149074068870416e+00
1.252349971560706043e+00
7.189824404400896318e-01
8.090423470737249101e-01
1.404359034414133511e-01
-5.747618427311597111e-01
7.376774118850046857e-01
7.084840856393530562e-01
1.010194251184488579e+00
1.633528079509410091e-01
1.412256338741366024e+00
1.355174810512709271e+00
1.423630429985841772e+00
3.113806602051156780e-01
1.081728189071129304e-01
-4.079257808351717529e-02
3.659250106151210602e-01
-6.610711522342997970e-01
-7.462965585746985653e-01
-1.325779366605851772e-01
-2.309121856779376702e-01
9.151837481235349792e-01
7.629015422206153474e-01
1.894202426203211997e-01
2.092464127107645788e-01
1.925920854802123383e-01
-2.655348481521409565e-01
9.745969210035484442e-01
4.101045539306285570e-01
2.707630697080914972e-01
-1.020080303086865620e-01
-6.897680151563280182e-01
5.844216038328906571e-01
1.789401252913195073e+00
6.766746636776325152e-01
1.053364483892154091e-01
3.538255896132597722e-01
4.753362094979026731e-01
-6.503441276076141198e-02
1.011277402873220099e+00
1.239328252342509540e+00
1.279918627649223595e+00
9.801535841685355965e-01
4.692366945090924446e-01
2.181970515565473945e-01
-2.680517977945071073e-01
-6.161018228177728151e-02
-3.929630958026851528e-02
-1.612072652175739196e-01
2.738572013330393962e-02
1.495354194473623999e-01
8.852715898560947760e-01
8.166365254218936887e-01
8.942828882838588234e-01
5.360477457303999271e-01
8.597460761788034977e-01
3.717562576512127293e-01
1.477447703929294642e-01
1.935741625949739531e-01
9.835549474097519118e-01
-1.475717538999244072e+00
1.431424019387463664e+00
1.487386685321611335e+00
1.708265921581398228e+00
6.004767606619798581e-01
9.699555954530836299e-01
1.582064517496508893e+00
-1.141575387432464117e-01
4.320366346856733264e-01
9.548875928716793471e-01
1.460124244381396652e+00
-4.734040819228361729e-01
1.591128723086320695e+00
-7.152154331611697557e-01
-1.859841287289625833e-01
1.055048848968034969e+00
3.447153783146316153e-01
1.163201692668820231e+00
4.265588758698188876e-01
1.745879370983402623e+00
7.550022317935235483e-01
1.217265939574892597e+00
1.298887701361204572e+00
6.269822224162309166e-01
-3.277036266112314800e-01
-8.860934240117873673e-02
-4.449791214379077431e-01
1.075214214172094174e+00
7.358218111281011886e-01
1.090691326982851317e+00
1.890792175963584565e-01
5.130878160406749933e-01
-2.334103065663252208e-01
-3.331649522070342928e-01
-4.806748551829456706e-01
1.694075778851723557e+00
1.239634502220862355e+00
-3.909201438885602509e-02
1.639810155069276298e+00
8.611388062658935638e-01
8.324503008734079890e-01
1.493942164525079219e+00
8.518559456805504526e-01
8.631508031902590528e-01
3.825532824288543909e-01
7.901073497062922613e-01
1.078887727437920052e+00
-4.766785846223813711e-02
1.289678747458151802e-02
4.419553816565878201e-01
1.506505727658008720e+00
3.170255203388752663e-01
-6.199751312909572709e-01
3.273751701195595776e-01
4.796472204423625207e-01
-3.693401291928580243e-01
1.067989007768410659e+00
1.133033257800491578e+00
-5.453798380744734331e-01
1.550502446755551711e-01
8.483323372474874668e-01
-4.108195903712226205e-01
6.059749534861139653e-01
1.035603873914637596e+00
1.321325694827916397e+00
7.488488551932241943e-01
8.616263433714783926e-02
3.226519584693466891e-01
1.063238645692153872e+00
1.974546795336157567e-01
1.924383713950441332e-01
1.110972779677011468e+00
-1.153820089205988414e-01
5.196760417920898156e-01
4.658176784177627816e-01
-2.565166661174181351e-01
1.506682399162883934e+00
-2.235087922861564991e-01
-7.856901592569335291e-01
1.116085472395395906e+00
7.068259687970643856e-01
4.443910673466097694e-01
-1.526807498238853533e-01
1.877595044973793051e-03
1.538471735639846960e+00
1.184968727538904032e+00
4.573926663335766141e-01
1.847585911139264958e+00
3.512195139113919451e-01
-5.367949692977614928e-01
8.516076450496654626e-01
9.642263723930306618e-01
7.376206155986976265e-01
7.904877460508326070e-01
7.837976349993407421e-01
-4.772785671216086406e-02
5.927017885117439322e-01
4.052725179023066726e-01
-4.931432661163508424e-01
1.416918673186819966e+00
7.235202939182138193e-01
-1.858316456624938551e-01
-2.395273190847475586e-01
1.087141783099591530e+00
9.521015872058841145e-01
5.152664975423075777e-01
9.408413868176309647e-01
1.898754883574457208e-01
1.011344097818055454e-01
-1.264926838840149670e-01
1.094338543240782835e+00
9.419775718965411881e-01
1.351895945891180784e+00
1.229442582817678042e+00
9.702880788669592249e-01
1.380697778835856093e+00
1.038956437376040487e+00
-2.797485250355711064e-02
-1.741179387626451969e-01
-3.465177101508000179e-01
4.271690434893589683e-01
7.604333585247065042e-01
4.115737688763928537e-01
1.863864690754799686e-02
3.622403227177135587e-01
1.883932498646617937e+00
5.576826847911748875e-01
2.904412064547799432e-01
9.438614572842161099e-01
9.198963405782487612e-01
4.631010844890138811e-01
1.415604949827514447e-01
1.156227875832565921e+00
1.984194820103404866e-01
6.721459720516594905e-01
6.237448198561817980e-01
6.054982004799096540e-01
-7.283950681296753882e-02
-5.603439996158790515e-02
3.701562341215472451e-01
9.445344228130816977e-02
1.806038455388857322e+00
2.644441322028425745e-01
9.385279485036096547e-02
4.636362860126538865e-01
4.512435191606415930e-01
6.663286142182247573e-01
2.492525163468649330e-01
9.224442128744692049e-01
4.165044139848643190e-01
4.172044276968268628e-01
1.477264489531886493e+00
-3.644947902318624311e-01
1.804856809286027319e+00
1.926202163810086521e-01
-2.881015577835468466e-01
5.604658246237106400e-01
-1.466550822602104842e-01
1.815177160377010157e+00
8.077895201166171435e-02
2.607420561313226748e-01
-6.179299772991311279e-01
8.409569262565140813e-01
-5.836981455477870118e-02
-3.906990488025732233e-01
1.161005963997221446e+00
9.580470281021556955e-01
-6.469602261835559753e-01
1.720186165988924820e+00
-5.579162099374201933e-01
4.994586407558474495e-01
-4.413370774391323637e-01
-3.607518843880911374e-01
-3.823343480828199359e-02
3.891891812661611993e-01
-3.555936709404358131e-01
2.649031739541947428e-02
7.635638266631691318e-01
1.350912459110354735e+00
-9.107793369451625543e-01
-9.949856959246451416e-01
4.613841584608623370e-01
-6.621125446526675284e-03
-3.350255575739150560e-01
3.964259886979301095e-01
1.113434098348053070e+00
4.412763273039782552e-01
1.020467582356501923e+00
-2.457668789483560476e-02
1.410453330445759157e+00
1.645685859336068479e-01
1.575299281177396482e+00
8.841105399957130961e-01
1.238294885114532784e+00
1.839036252904133084e+00
3.925952139094670001e-01
6.615270410420122094e-01
1.207030546761676870e+00
5.457232399114524402e-01
1.220607387690568091e+00
-4.491668274544011741e-01
6.222828498751593607e-01
1.332931315831035857e+00
-4.068331037369128933e-01
-2.586898175872478500e-01
3.500238546753677848e-01
6.822326648372217806e-01
3.604877918969457418e-01
5.610984960120926068e-01
-7.196784814969952038e-01
1.088530622062699793e+00
5.797113885753927276e-01
1.193348360660096752e+00
-4.503732904478536248e-01
8.415751336473891175e-01
1.297510187121643010e+00
2.369746082393969777e-01
1.553866129195869084e+00
1.652264525867616740e+00
2.882704093619280483e-01
-9.952617030867018377e-02
1.090096647940012042e+00
6.712265034661384355e-01
8.998572105440358904e-01
1.567734792174861891e+00
6.104515726096607642e-01
1.358734529559644799e-01
6.498815454680062498e-01
3.735810471249940978e-02
4.201410052599896527e-01
-1.197644232025158462e-01
4.726848398674870499e-01
1.467330371238201092e+00
5.473415898384033085e-01
1.315481257606227472e-01
7.893952881240803299e-01
9.085330450871835772e-01
-6.356212312515689966e-01
1.832719412491052413e+00
2.666425113268064973e-01
1.390487054246397625e+00
9.326653132685105430e-01
7.723512655847853958e-01
-2.223623140367392281e-01
1.134436452988652144e+00
-8.862517827988044550e-01
5.122760521832874225e-01
1.655969324251981067e+00
3.496966351701222275e-01
7.026327866473048855e-01
1.105074932802559751e+00
4.978379269032332521e-01
2.404455586298402670e-01
7.149333889402936792e-01
2.152735582885570764e+00
3.326970074357281093e-01
4.590527028107922458e-01
7.040472972060018986e-01
-1.230443098246123274e-01
3.314184786957111162e-01
5.485310178938664905e-01
2.409322954763589042e+00
1.163381829695725678e+00
8.462382745139157558e-01
1.710672500202074620e+00
-7.177318003458144080e-01
1.402178066182782956e+00
1.439757289579716826e+00
-2.081582588913280518e-01
4.568542425742590507e-01
-8.848360162245105798e-01
1.962934218067052261e-01
-1.374601038822542698e-01
1.362470249353660678e+00
1.230128492777880778e-02
2.633271013144682926e-01
2.792916199627593632e-01
1.334222580270922442e+00
-3.679163952657472647e-01
2.848625789676478837e-01
8.443413581892770248e-01
3.383272552451216941e-01
8.920432762733410126e-01
1.599927046260745112e+00
-8.375628139535820638e-02
1.517333854711879537e+00
6.969164497886038978e-01
7.107405818770603512e-01
1.780601325445281824e-01
5.078051209197216309e-01
9.808489930994186423e-01
8.194152603287370162e-01
1.231825113743705985e-01
4.311567232587146803e-01
1.203687688891282193e+00
8.197435206603559399e-01
1.192710607600578676e+00
1.239914835713034291e+00
1.086368163807561737e-01
1.164918464732948022e-01
9.577025443649462844e-01
-2.849294844588797226e-01
3.443771152448840689e-01
1.082504292260095591e+00
2.811517980438399400e-01
-1.081260221719334419e-01
1.192967939990751569e+00
2.262074822697837995e+00
-3.194269858677250551e-01
1.207584772356546265e+00
7.879317597250415917e-01
4.020681101450503947e-01
1.662100465455723652e-01
-2.632002614813773733e-01
-2.299588000053230663e-01
8.681383250767764626e-01
1.461212457597968362e+00
1.000217563818027511e+00
7.047088846344231605e-01
-4.037055185145128622e-01
1.529880349620365287e-01
4.192250923989150890e-01
4.767625731905738573e-01
-1.921626806046790314e-02
9.311769724706469020e-01
-2.541100292841467767e-01
1.617814709192185729e+00
9.425653041994322967e-01
-1.687784429248487816e-01
6.256005925808214574e-01
7.725785645916057875e-01
1.476009776963685405e-01
-3.420449233796488686e-01
8.800193047565993965e-01
-1.173708364997276155e+00
1.287067991967933311e+00
9.068015891670876405e-01
7.536880134250821817e-01
4.515566957192962971e-01
1.460681320880770961e+00
5.175667074304507453e-01
-4.448199562468924673e-01
1.691091923164743660e+00
-4.347793835645504812e-01
1.080043817948709073e+00
4.890732987887624894e-01
2.079758629457629793e-01
4.570476126684815954e-01
-3.751756906094999011e-01
9.922728859547360614e-01
1.285352695815701329e+00
9.810054339773220944e-01
8.178947961111437959e-01
4.297362193399723029e-01
5.400147522755174290e-01
1.111582889238231120e+00
1.642997546360861205e-01
8.030122570650027880e-01
1.581084611379450999e+00
1.391560527967407701e+00
4.502636889646484675e-01
-1.192125003017088652e-01
1.081315541634897848e+00
1.354906010604705058e-01
8.284358578023213182e-01
9.350158467087442693e-01
8.798749577635545105e-01
6.784143377540855502e-01
8.829786415434176527e-01
5.965457230438075964e-01
9.785536529556353447e-01
1.786629798963948745e-01
1.804349113184726239e+00
6.617598844693586280e-01
2.753541615476111648e-01
3.131440486578130900e-01
1.192792575855666781e+00
-5.967698581493809107e-02
-1.652622536098491690e-01
-3.985471890152361696e-01
4.382443168251607957e-01
1.502946373491115706e+00
5.662861093167987914e-01
1.246844129454572236e+00
1.285608808031767580e+00
2.767383420262733429e-01
5.508937180552946067e-03
1.356769230965749307e+00
1.430118262340930091e+00
-4.972821080656421311e-03
8.200984624909886112e-01
1.425149922670477243e-01
4.209380263227334162e-01
1.045555727114265698e+00
9.013917494721870871e-02
1.470649159460290401e+00
-8.347661950460939506e-01
1.275270314705507557e+00
8.047975867810359674e-01
-1.469191715560398126e-01
1.130565188817186595e+00
1.041289866997268942e-01
1.354542476960697017e-01
-6.050017923581042512e-01
-2.928285370036219915e-01
-2.648826114571622981e-01
1.656059114142848787e-01
-3.290815789302481420e-01
2.157893691296238758e-01
6.268058780289560428e-01
1.335483727176034252e+00
9.162434598999896762e-01
4.247431440666032954e-01
6.879867079101185112e-01
-4.897475811926076394e-01
-7.036161039484873925e-01
9.091144260203976035e-01
2.643477788263660921e-04
-8.086499736607447031e-02
2.645528816036166742e-01
6.726806674828731403e-01
4.147068754445157324e-01
1.772623646521752916e-01
1.136691727358249526e+00
8.065115290707973728e-01
1.266561002369618327e+00
7.834748256653903953e-01
7.049582584505198479e-01
7.361402967647033835e-01
5.453837525896695557e-03
1.079046804864388642e+00
5.407388668930135367e-01
2.963377971095579322e-01
-2.895932858163764445e-01
4.626816387971250388e-01
3.168350819063325829e-01
3.224227700821032383e-01
1.112088791154955070e+00
1.909799188669473180e+00
5.733615045595183979e-01
7.102671828578419611e-01
1.382522256632548352e+00
1.193742193677531649e+00
5.381849833223701918e-01
5.170748645475348182e-01
-6.973035999788065320e-01
1.533943260023572286e+00
4.936286051889877680e-01
1.333110017697747951e+00
9.566349309215909091e-01
2.130858184178095749e-01
-2.816519649603069220e-02
-1.705002831674194419e-01
1.212767463599671580e-01
3.746192928073441841e-01
1.561617394052627616e-01
1.029099771387363749e+00
4.330563131069485872e-01
8.474821507170283708e-01
-8.568783395068187148e-02
1.432941928607896376e+00
1.918893958751166917e-01
2.976063788090632656e-01
9.017742575647877956e-01
7.356269894675013243e-03
1.173459140646604171e+00
3.606134533179713997e-01
1.900600567729524126e+00
2.576063779172790280e-01
1.355538591442693619e+00
8.960042347345701375e-01
2.010100069326350436e+00
3.513168214625254082e-01
-1.094674715112296526e-01
-1.576591242877563581e-01
5.190850615265160117e-01
9.301225345316835869e-01
8.389935844333356041e-01
1.183903393613004118e+00
-1.771521458348225275e-01
8.043586980940431452e-01
3.195013324301738677e-01
2.891766503018489143e-01
8.386761424929270459e-02
-3.847245391760392152e-01
-5.779814385963741863e-01
2.455223771441743946e-02
5.775837756066302120e-01
-1.963360015500114908e-01
1.060697698719269111e+00
7.913659034669840997e-01
2.501623216969537378e-01
9.598863728300887077e-01
8.863110834216579859e-01
1.087893872130961448e+00
1.215953046115210379e+00
7.145319713141848883e-01
6.301428878632892028e-01
1.396098082571481047e+00
8.640451441818228773e-01
8.704681479249759546e-02
-8.242516811859780246e-01
-4.342128084820429113e-01
5.874264297189634165e-01
4.271718349014495542e-01
1.231445566977530603e+00
1.372968448182110057e+00
1.831740089481309619e-01
6.722823388489332919e-01
-3.315826285324706135e-01
2.005385772595847105e-01
8.028526116538567958e-01
6.551627329800270294e-01
5.209580514372629256e-01
-2.645129378180403057e-01
7.894118374507076430e-01
-5.441194267864735146e-01
-4.293715583351553899e-01
8.918948825804161595e-01
1.714559279274302517e-01
1.388181438926650246e+00
1.366356624907130612e+00
8.765170162316084923e-01
-4.967022752764256310e-01
9.524224072975923105e-01
9.628664638035124845e-01
1.975617574894069084e-01
3.589464063272783112e-01
7.427435946918072851e-01
1.225469171867458185e+00
1.037499847578421397e+00
1.273252445019554369e+00
4.907577421999921863e-01
5.500654716208638328e-01
1.236598632883181503e+00
5.654628441453430909e-01
8.394025508120535328e-02
5.088298697974327212e-01
3.162753775622232921e-01
9.744653590194243264e-01
8.365995325018403816e-01
1.230949690443966515e+00
1.009046912647113325e+00
1.461363710447909775e-02
2.821516897072994245e-01
8.312662677639720554e-01
-4.187110395674911167e-01
5.142324193033737112e-01
1.125706361679767835e-02
-2.158226003226329515e-02
6.832797234093964667e-01
-1.029643602413635062e+00
-8.766023756119983856e-01
-2.979258396996548389e-02
5.017936904635443840e-01
1.130369509591829802e+00
4.654137632170131100e-01
-3.441425748071529345e-01
7.801072309811757366e-01
8.445501486380636580e-01
1.766789659014029734e-01
6.018463320655050852e-01
9.742342468175617665e-01
6.387231759415779031e-01
1.119149642001735057e+00
8.391834167688940749e-01
6.567016091859643190e-01
7.455938178088496182e-02
-3.077456064334190833e-01
1.707357594799093214e-01
4.362184647154339068e-01
9.322523462749946477e-01
3.294985371589514989e-01
1.063457982818967418e+00
6.736250673672252581e-03
8.380094381183353924e-01
9.038961621051757600e-01
1.113643953626647809e+00
-7.314776550737359662e-01
7.220743442069567086e-01
1.232244920453898329e+00
9.646877923499036500e-01
3.201472665092872649e-01
-4.577066725928374824e-01
3.538910409578457372e-01
1.114516517588392430e+00
5.229846205427866046e-01
1.398100614554969923e+00
4.854411780371095664e-02
-1.212751576658130208e-02
1.549973607348067439e+00
5.602083537654847234e-01
6.092373862161900577e-01
9.277671782176094561e-01
5.625722141499420736e-01
1.359077357752291881e+00
1.610331097395600430e+00
2.401478931645363024e-01
-1.595658362437017974e-01
-2.687776133263879499e-02
3.760314218530410590e-01
1.019469732925033734e+00
1.249783120493213606e-01
5.603536687233617863e-01
-4.841604489833963298e-01
1.035491693036486582e+00
-8.420647601338776544e-02
1.504190831796186067e+00
6.928887604516359433e-01
-1.741451329760874966e-01
6.890610723586049202e-02
7.064627882063193587e-01
4.153579904404736678e-01
6.111368613860095333e-01
-1.997359081464534780e-01
-6.004257075420634804e-01
9.872731327933818024e-01
1.500642171582912798e+00
4.361658894227511685e-02
9.245036287334301717e-01
-1.498113993745208705e-01
1.493355396207060926e+00
3.397763667965587042e-01
1.114314416114498441e+00
-1.707605961914694104e-01
9.717130150235204766e-01
1.592557414493037005e+00
1.271658097725329784e+00
8.996934751839040789e-01
9.788358339912699435e-01
1.043992700930749251e+00
7.419997838189413830e-01
1.310688928945189069e+00
5.523957505448453403e-02
1.347048395762841189e+00
-5.588019423381814788e-01
-3.334558783337566168e-01
-4.793759824430223748e-01
6.775860113225743442e-01
7.460776236299986319e-01
2.006654513361545711e-01
8.126852759390352787e-01
1.758840026426075953e+00
1.347257876336073856e+00
1.298685738587723737e-01
5.686803041053857255e-01
3.033154734749237691e-01
1.556168822269928531e-01
1.835326195085437595e+00
-1.660161585053790134e-01
1.132750163125707088e+00
7.337040820144561382e-01
4.904756664974392610e-02
-4.499835614850752341e-01
6.340729794292778720e-01
1.332871106801382544e+00
3.678670434422781632e-01
-9.360609488069840389e-02
7.069742470276063617e-01
1.073807875160350589e+00
1.908902040317124182e-01
1.420009121993985213e+00
5.026724767334178612e-01
1.049682341068587099e-01
6.265715114312344625e-01
6.764463355970296021e-01
3.816192802405307116e-01
4.664319173779932770e-01
-4.657766623671478756e-01
-1.073653047548104089e+00
6.583543213927244286e-01
-5.101300687619358259e-02
1.648384186346234070e+00
7.925651524080941090e-01
8.323281798906108087e-01
4.830232991446028468e-01
3.364914515603668055e-01
2.525799652306807141e-01
6.012529423750484492e-01
3.617336403478793594e-01
5.335059745283592392e-01
-3.422761280570937870e-01
1.467851499053327569e+00
1.681226082298418412e+00
6.100507902318300646e-01
9.765378793754995179e-01
1.099811113858972123e+00
5.544635873368765067e-01
5.004928261681432788e-01
1.995107943500310510e-01
-4.560822512531506612e-01
-1.479219773428692708e-01
1.469769456088614978e+00
2.486138107500301120e-01
1.319755525413686230e-03
3.753769312920957613e-01
2.118348978423803819e-01
1.368607870456905351e+00
1.411140222052148507e+00
1.198395970240382136e+00
7.639637654672551959e-01
4.833381964269100051e-01
1.281347689746206997e-01
1.374535334852927226e+00
9.675355778244376648e-01
5.018622263365108971e-01
-3.044476297706597001e-01
3.780644738703466956e-01
9.899025399102067135e-01
-3.809009508132981114e-01
4.982623542646651971e-01
3.668813889779121706e-01
-6.997446913057096818e-02
-1.407162680361399021e-01
-8.240376171260867244e-02
1.519493967391917666e+00
5.125348302336244499e-01
-4.234077429972341600e-01
-7.616790836828575273e-01
2.026734074986245582e-01
1.538148499345332265e+00
1.453627273068099468e+00
6.464985251133180677e-01
5.210131394927584175e-02
-6.968824305831463617e-01
6.164323359351555620e-01
-7.806455418919989730e-01
1.022420040814348230e+00
7.928733209131794135e-01
8.456417463823534542e-01
-1.450782399998789218e+00
1.584121559834725579e+00
-5.522435618565160187e-01
1.862617997556724525e+00
-1.580942768575807345e-01
-1.885171005450431148e-01
5.212953861604674097e-03
6.828105787077815014e-02
6.637254376109318343e-01
-2.924322551113884283e-01
1.287776068425229736e+00
1.507179606894038404e+00
7.902704334072041537e-02
2.129528924592564709e-01
5.116713023612491362e-01
5.499977365537156437e-01
8.081768363944744626e-01
-4.864888702349569050e-01
-6.382475850120963301e-01
-1.935092696883681240e-01
-6.950647202517697826e-03
1.410794738584965735e+00
2.046677163782219200e+00
1.517895431126221828e+00
2.470443424471130134e-01
8.996995709166145661e-01
1.156961862954729803e+00
4.783731451917834221e-01
9.860612230573828629e-01
-4.751590738266579517e-01
-2.072276644094137588e-01
3.739740619561089385e-01
1.069162385253355829e+00
1.179943606073153628e+00
9.816710575959266549e-01
1.384523611485664496e+00
1.399195519044174718e+00
4.274941341288964192e-01
1.515656540889817272e+00
8.359228187005391941e-01
-2.862517483258953943e-01
1.090420831500063414e+00
-8.410042438452561275e-02
4.764109389127987870e-01
3.763272359331402694e-01
3.623758235272619421e-01
1.033858520424504768e+00
1.128460536362508593e-01
6.871736020214138652e-01
3.883515052665733047e-01
-1.377880408222643405e-01
6.889633838309665581e-01
1.469909570716582570e+00
9.181912560585818728e-01
-9.537736255276970665e-01
6.344551813749711444e-01
4.595930307021470207e-01
-3.336076036027886826e-01
6.160083756736067090e-02
9.489757729862391411e-01
1.184631177805528512e+00
7.722814170788706578e-01
6.673825961273304186e-01
2.895467398905237633e-01
1.341549793828277437e+00
1.656517049630046590e-01
8.386408820124100494e-01
1.109162756333883282e+00
-6.301374389618175087e-02
8.344778059644524237e-01
2.170918647122484502e-01
4.623816073435808027e-01
1.123336705958488002e+00
1.052839588701713014e+00
-7.607668277395570611e-01
5.401000536090500015e-01
1.202292081628381082e+00
1.094494731323427228e+00
7.529726916589546404e-01
8.116822344350730356e-01
-5.060508351502425173e-01
1.061676775141983553e+00
1.486195556964446385e-01
-1.037161130285521038e-01
4.752760965742021115e-01
-7.215281588596594853e-02
3.919281767146625683e-01
1.024984928332626888e+00
-1.941515016538152005e-01
9.267250336792599574e-01
1.069764444494055500e+00
-4.477148297352991912e-01
3.303741036585551849e-01
3.658108672507066617e-01
1.406588764694228777e+00
1.554076004879411554e+00
-1.487147514118581371e-01
2.336854819433825114e-01
6.231082639978082760e-01
-3.270817223668913698e-01
3.479681592503197640e-01
-3.528358862188744616e-01
2.710902880782031787e-02
8.162479473315246148e-01
-2.781482728252547276e-01
5.507266421399890088e-01
7.357018715133579745e-01
1.113476676421695094e-01
1.028051320982901057e-01
-5.764670120157893152e-01
1.168705839258773027e+00
6.859394603721555850e-01
2.778881983853599413e-01
-1.835330483162380538e-02
7.218586929311976430e-02
1.069318234146618529e+00
4.055838746210049806e-02
-2.687667825186103587e-01
1.367789081316615363e+00
8.965996691160722509e-01
7.373875348025697996e-01
2.077178488613672380e-01
9.454373031651726045e-01
4.164198616524754648e-01
8.696362658384585442e-01
-1.352514751796377590e-01
8.353841188355613789e-02
2.131647681212842926e-01
2.186497023280881136e-01
9.217253794973738756e-01
-5.093362702751821347e-01
-3.248747485420911962e-01
2.399958724157422285e+00
1.765508682006206032e-01
-1.732438076824927009e-02
1.470808941557672167e+00
-3.545833431927476048e-02
3.154068315995686017e-02
1.497723880427709764e+00
3.871469691834498739e-01
6.747431067446721942e-01
8.473681196194874365e-01
1.313877916831788228e+00
2.675441091303171204e-01
1.768410816815714437e+00
1.310241453071469664e+00
2.101118142254277121e-01
-4.907726166043320237e-01
2.965361872749049388e-01
-4.464818253345850252e-01
2.090875768966221404e+00
3.358677235222117807e-01
9.828480862117701111e-01
1.068987047617794062e+00
1.305506957079993535e+00
1.737731197046727960e-01
8.995386577670410055e-01
8.128008117231042551e-01
4.862221585586881112e-01
1.394347403318401346e+00
1.123155623369510137e+00
4.538826459599842322e-01
-1.104569516666475515e+00
-1.113679677613661906e-01
2.564761461418035848e-01
1.008469651444815041e+00
-5.391200374648534854e-01
-2.831998803626734618e-01
8.400170563086704068e-01
-4.792972072413550361e-02
-2.635019753498483164e-01
5.324646940304396114e-01
-1.856281793748814635e-01
1.708379790864183345e+00
1.306363574767964497e+00
-2.003246124508656911e-01
-9.037056111289523685e-02
4.614154273023062247e-01
8.117464515551991999e-01
2.559478280249837034e+00
-7.898234770756030754e-01
-1.132817991027143950e-01
8.209992560023091634e-01
3.578865071242865459e-01
8.701869767476745343e-01
-2.364462104930929176e-01
8.356354309955511539e-01
5.747895369539356147e-02
2.716553597708950551e-01
8.006121808947499474e-01
4.164868942817578357e-01
4.199782545066729073e-02
9.820363600956296679e-01
-1.864350450076808774e-01
-4.034986541561416673e-01
6.371223374443505394e-01
5.471594834059796408e-01
2.640306376232706143e-01
-7.712518857808415840e-01
1.067963496560382142e+00
1.099593162583614392e+00
8.172036695827006314e-02
1.138731394756147486e+00
1.527014544598792600e-01
4.024199010159239531e-01
-1.722727269197612820e-01
5.208546336893964401e-01
1.499046176006631148e+00
1.559949660057958765e+00
9.347623814029191180e-01
1.510475557876673092e+00
5.540533916060099706e-01
7.857108543394659694e-01
1.327463505588396764e+00
1.530606571336374344e+00
2.257954880724281355e-01
1.185282928846092682e-01
1.781065103678091344e+00
2.246032326859196543e-02
1.757731833374917230e+00
-5.528930760683157253e-01
6.003120402381192933e-02
8.393832461092656239e-01
8.543959200403554444e-02
-1.843636106320830081e-01
4.042933824025357059e-01
-3.306807386869692333e-02
2.371778783891690945e-01
1.833153151918810175e-01
9.954803180324647283e-01
-8.884199252922486689e-01
8.409668955980014182e-01
3.949109510829220682e-01
8.680429726874313578e-01
1.407395174328443632e+00
-7.348456583944571463e-01
6.419232102178351607e-01
8.324447724155015216e-01
1.312336736904930357e+00
4.675678036136116794e-02
3.815579541371421635e-01
-7.231555871135011970e-02
2.629261110826055722e-02
1.375096166293535038e+00
1.134190080588244331e+00
5.679651742472434650e-01
8.992096900148857097e-01
1.600635506953158593e+00
6.212121761719052726e-01
8.958325793258115066e-01
1.274753163515802257e+00
9.621003798268226159e-01
2.226520240903454018e-01
7.537847008041220764e-02
1.016724372286540584e-02
1.431921463030971509e-01
1.209030780387448267e+00
2.142012618994917073e-01
1.313538417247055445e+00
3.358356505895523370e-01
1.271683183837350184e-01
7.089076355074143132e-01
1.163414023223708682e+00
1.222893520737464712e+00
1.033538582545615037e-02
1.104029297400906384e-01
2.643275725179886626e-01
5.856453089337940732e-01
3.059952451340837154e-01
6.827289264976786898e-01
1.596175905433560471e+00
-2.750943686801079480e-01
8.487903828415709340e-01
5.643010805499190097e-01
3.903061610415316518e-01
1.946316645466746320e-01
2.735729548098134734e-01
8.012173437410192722e-01
3.371070545886917236e-01
1.120482757113661521e+00
-3.598383076987137219e-01
-9.142136297490854879e-02
-5.346391939739977284e-01
1.792268611939270284e-01
5.097530447727482983e-01
-6.522340595367378535e-01
1.243560863457318089e+00
1.549255192603928855e+00
1.103320758912481603e+00
3.119992778105664666e-01
1.372877004894115016e+00
2.027276215272581783e-02
4.255031173392621602e-01
1.167770406101866776e+00
1.265295233522271356e+00
2.257974155221905033e+00
-6.703474860760950949e-02
6.221417716471483450e-01
1.062820614080572490e+00
-5.980208717897981252e-01
-1.993109574484765445e-01
-4.002186248512691891e-01
1.138990765135805772e+00
1.166834051180162257e+00
1.544917737594120766e+00
9.835359254605975377e-01
8.370579639953945605e-01
-5.958672833709629524e-01
7.824801910226556467e-01
4.650631829057665922e-01
7.741124423914282904e-01
8.787379323758592875e-01
-2.316810354170639186e-01
1.377535612660220954e+00
1.835481672141268394e-01
4.514490666602181679e-01
6.593812468696794160e-03
1.066404148119207917e+00
7.386176023893147313e-01
1.476025417702202747e+00
4.763121258390003998e-01
1.181067847093744572e+00
1.403762217183769589e+00
4.820225430439241121e-01
-6.029415963287126923e-01
3.204041717940196432e-01
7.833529022978457101e-01
8.395708634413681093e-01
-2.353379019971404973e-01
3.101850553902140706e-01
2.046879010250481079e-01
5.655221106873105086e-01
-2.604081039354932958e-01
1.743142460749305345e+00
1.299488089457858431e+00
5.741194005827352509e-01
1.838901383219282870e+00
1.402209182612572103e-01
1.047453061876471692e+00
-5.919538871096877153e-02
1.017626337226986255e+00
1.371973322972377618e+00
6.944054476835243017e-01
3.774706296560951246e-01
2.738936281930084427e-01
1.149837568330323023e+00
5.444242258584696126e-01
1.096885401733723453e-01
1.189252667300446431e+00
1.281536260797874194e+00
4.049489331137648418e-01
-8.889376284894717761e-01
2.129839394935589603e+00
1.229593368702654177e-01
4.932801312699642282e-01
2.967393441223917239e-03
7.964595599065920073e-01
8.427777158898193122e-01
1.304746416753935101e+00
4.652656820194860932e-01
4.460514025205514210e-02
6.768711131025496597e-01
8.267805421722554393e-02
8.072348978161336674e-01
3.009041270564201676e-01
5.082715433441310493e-01
9.346076832806571311e-01
4.519723618554252753e-01
-6.589614399017128255e-02
1.802685126354348633e-01
6.003948041653662804e-01
3.852381819734702617e-01
4.943741892990556330e-01
1.211482450106389497e-03
-2.793240579969663920e-02
1.203921244714700078e+00
9.814072897119340277e-01
-1.972073429701554914e-01
1.211721727156266581e+00
1.245427441985194728e+00
1.492656244418998579e+00
9.778259354109253287e-01
-2.129674729698832203e-01
-1.167472037104762272e-01
1.391094622151394899e+00
2.005869627846477710e-01
1.263401749594303958e+00
4.252346755278262336e-01
4.192040681442190664e-01
-8.030650845214728495e-01
7.316208768398223539e-01
9.877744668610822787e-01
4.367098005188445320e-02
-7.548373592223078798e-02
3.583261093600385583e-01
-1.476856049913834179e-01
9.280379022277492895e-01
-1.102259262776892346e+00
3.942923945259111523e-02
-5.068679776273294912e-01
1.654281559902345267e+00
5.657803532796112922e-01
8.905126985110570770e-01
6.560792192335102024e-01
4.249351464284008006e-01
-1.151208554110732252e-01
5.034046843453373610e-01
-1.731054913925046956e-01
2.031346088410349582e-01
-1.682046308352851405e-01
-1.910978670628650511e-01
4.772870792708179266e-01
1.349518680897894729e+00
7.039868447595557521e-01
1.901187209503094833e+00
1.605417012227521978e+00
-9.955539521754070975e-01
3.662497562993535238e-01
-3.320117796068883798e-01
9.313793569021328045e-01
1.825500912448968505e-01
2.466690557036839426e-01
-3.975044976404593644e-01
1.023716829254063709e+00
6.695823306631869531e-01
-6.088416759527649491e-01
8.776707172519265798e-02
-3.169096479502570007e-02
1.728739374475711243e-01
1.234331609360399540e+00
-4.193160840199165462e-01
6.589059396776909550e-01
1.618444785213540571e-01
-4.401147026719717803e-01
1.187283045528878311e+00
1.189394467562312485e+00
1.088408918495951561e+00
2.024574020202203617e-01
6.435663784365508455e-01
3.739690967363739627e-01
6.610951386755716808e-01
3.655913917270114388e-01
1.411807785505472701e+00
-8.694206048625231775e-02
-1.755272270850194993e-01
-1.745772165517822661e-01
1.711595265147567435e+00
-1.487899285931052473e-01
1.221380851352729335e+00
-6.137808426689943253e-02
5.471517683585256364e-01
-1.239093667540372534e+00
5.550626192632607259e-01
5.299544305492446261e-01
9.513989303110307327e-01
5.901806980605294184e-01
4.293080882500642792e-01
-1.366218634596503279e-01
1.300632250987086680e+00
4.428573407829746178e-01
-2.530900637602968573e-01
2.008815140035585256e-01
-2.520175640240510107e-01
8.487306006588318796e-01
1.908325576376808108e-01
4.394128943752499405e-01
-1.876669626899041821e-01
1.085305001220394916e-01
9.659885334624972453e-01
1.201979591938436287e-01
3.477642392469097454e-01
1.594411477630712337e+00
3.930466300813239000e-01
4.878886561958591384e-01
-9.805414108101012660e-01
4.881286883431091850e-01
9.367064929235860982e-01
7.088103650518750021e-01
2.066804266601114659e-02
8.090977081627310774e-01
5.602120222084194801e-01
-3.361233527555026468e-01
1.461801530780984182e+00
7.932999652859248352e-01
5.484971904350671723e-01
1.670403672125369443e+00
1.028571216958490409e+00
1.992537331282525637e-01
2.625412169830627640e-01
9.419540323974144869e-01
-1.856286555980234676e-01
4.832057127515266837e-01
-2.583126358320653182e-01
8.972545377526748300e-01
-6.384171952124938487e-01
3.505060187221400447e-01
1.458270648929517410e+00
3.827342841252109329e-01
1.957642810885896756e-01
-2.894408695271692977e-01
1.330076059556881907e+00
4.412218920623715568e-01
2.818995616465884702e-01
5.098508224711107983e-01
1.870953086611556668e-02
-3.415930211863104082e-01
-6.044955349688992952e-01
7.949650311718371720e-02
-1.305019867016462831e-01
5.523660758762559686e-01
-4.736307277951838923e-01
6.228330698593279036e-02
-5.733129845423734494e-01
1.469116644497898028e+00
1.522828813887703303e-01
7.183077159045896387e-01
-4.626762076304169469e-01
7.994315249845328486e-01
7.715922897039255435e-02
2.075192612658323665e-01
1.898344635355550203e+00
6.159639897162826339e-01
1.315236105704387315e+00
2.202401369367240624e-01
1.242023786205681102e+00
1.688040418288763167e-01
4.004292355942830062e-01
-1.375326181174218176e-01
6.626946196413322498e-01
8.140969939544996370e-01
3.087702305026811533e-01
1.090233194612244771e+00
1.235264477691390583e+00
4.566267974680487951e-03
1.345964421588636162e+00
4.433784514155288126e-02
-2.570429999124591580e-01
5.005998130647244526e-01
1.658441019017019846e-01
1.355206006235023519e+00
3.698066458277571300e-01
-6.084195292650866893e-01
2.859399810654508212e-01
1.553330432709472686e-01
-4.539122398630651145e-01
-2.073633105728603931e-01
1.510716716270996907e+00
8.401960382803844163e-02
5.875450229730951879e-01
-8.271976565579588492e-01
6.901484551026174641e-01
3.213428293617389131e-01
1.166333569237016698e+00
7.245329431915674689e-01
1.203659812914937177e+00
6.348290807538701230e-01
-7.208032362638078228e-01
2.133818696436879103e-01
-3.595443908112831433e-01
1.143195858556839140e+00
1.071625454593391424e+00
1.140799030668744773e+00
8.741231942362091001e-01
1.039045390671649693e+00
-7.576784060816080801e-01
-3.682254020176574105e-01
7.967775889304269388e-01
8.431000088747721000e-01
7.497396307837095319e-01
1.334189059606166960e+00
-3.001821877566234614e-02
1.272084309907513422e+00
1.176867793225407466e+00
-7.180877541605139580e-01
3.229567367573442649e-01
2.298400264770052548e+00
2.559693894236774736e-01
6.409864019795483703e-01
1.467842560229889237e+00
8.959468809628498009e-01
1.023298117203203406e+00
1.249562969104578647e+00
9.495048702044825983e-01
8.670302595945916790e-01
5.924479665870803213e-01
-1.641768783436773141e-02
-4.987524783038636139e-02
-1.951699880373293505e-01
1.306822466435510810e+00
2.631598011250984026e-01
9.981159712653171479e-01
1.211723424701721674e+00
-3.311983140720572427e-01
1.492129272679256324e+00
2.631738161954463306e-01
1.417658585004358957e-02
-6.776033205464450371e-02
7.081673196243445378e-01
7.158282823802678552e-01
-7.879650786857399503e-01
3.846723293069588268e-01
-3.047841602734731592e-01
1.616470292564041955e+00
-2.652995910199071883e-01
1.077731318821047113e+00
1.123382465697002064e-01
4.446195400855619817e-01
1.292946552469170785e-01
9.817288534647242715e-01
1.288583412002372031e+00
6.143626883311753550e-01
-1.480496919927483113e-01
7.995751131527601974e-01
1.515972712313095938e+00
4.896864168259170702e-01
7.509344721158972558e-02
8.638613608151820555e-01
7.863261703261358315e-01
1.587324695207475989e-01
6.138321349633336643e-01
4.450822300427768607e-01
2.206221424228840544e-01
8.152076022639292985e-01
5.444444431332359224e-01
9.804466966430445130e-01
1.787920091184357130e+00
1.035464427761769279e+00
1.127158458415115527e+00
1.882505454599397998e-01
8.420562149223889126e-01
-3.469253864696967837e-01
3.282821346833908471e-01
1.779961300796921442e-01
3.945959630406030705e-01
9.791053363533914755e-01
7.747205085995036988e-01
5.560578310183627027e-01
7.710596630931939588e-01
4.446459489609673743e-01
1.014772363153088497e+00
-1.057423001798153683e-01
1.759447046814441029e-01
8.491815445300967546e-01
9.873127711326585842e-01
2.874542404475780577e-01
1.081679865794080042e+00
6.884546507315324471e-01
1.788536513360412972e+00
5.065814921076178257e-01
8.790731367821422171e-02
1.397694189555786393e+00
3.587007240117352502e-01
8.855370373049707977e-01
4.395001705086423738e-01
1.265275004402580450e+00
9.297393243352672365e-02
-1.260267467809066122e-01
-3.147511059565943348e-01
3.890331939113006454e-01
-1.700230193446240490e-01
-1.257016827595249242e-01
1.246913140678314269e+00
1.022628683813673112e+00
8.383097746518286542e-01
5.393324296720625188e-03
-1.495005993333438366e-01
-4.532680391828160515e-01
1.032119566468454375e+00
8.714973212102133937e-01
4.867249152988453731e-01
-4.298598841756444688e-01
1.618513138710755417e+00
7.589235987940369244e-01
-1.656262457881978456e-01
1.125023737317272454e+00
-2.462460276635406453e-01
5.538784880976577174e-01
6.785540131636643713e-01
6.955463512745632126e-01
-2.621821803019377395e-01
1.156159432556570943e+00
7.792064923001802423e-01
-4.840836931341193639e-01
7.391954147035234568e-01
7.529097765654624297e-02
-8.917369275276415541e-02
-5.241969704416480358e-01
1.006389670654424195e+00
1.708691060932818750e-01
1.005599295530478887e+00
-7.679326924337220861e-01
2.417834854403287381e-01
1.907432430529845568e+00
6.585361088241182825e-01
1.008679675636940054e+00
-2.944112597194598613e-01
3.992763261121912710e-01
1.533146645941099173e+00
8.088827999367158572e-01
1.467326015692763441e+00
4.210792057383317410e-01
2.280977928520074027e-01
5.876000246017283324e-01
1.641746901822283666e+00
-2.164930324705943154e-01
4.972992220149988762e-01
1.434232699111957832e+00
-3.330769005069549316e-01
4.763320933720640582e-01
8.129780708688281177e-01
9.603885913587520418e-02
-7.920503910635035005e-03
1.723641418928972824e+00
6.169175249618213952e-02
1.418316923160503285e+00
1.044171121971334770e+00
1.239005457932917054e+00
5.715196142877455587e-01
8.869518242709970579e-01
2.608625717498147534e-01
1.233537852744224006e+00
8.446543021327836964e-01
-3.914032567372981442e-01
9.646140549283315213e-01
5.536148203313295824e-01
9.351929053190061181e-01
1.125182094550177328e-02
-9.072295705446048464e-01
7.530450861325320711e-01
-7.680194549710205321e-01
5.143341129289008551e-01
2.078653010547284186e-01
8.265655286336626162e-01
5.460093708683148028e-01
1.307951282106226243e+00
5.392340461657112449e-01
2.728009638719138263e-01
9.292077925235064928e-01
1.363610345188158712e+00
7.279597299517767128e-01
8.888927532759114403e-01
6.895429873487194383e-01
6.188142496125804692e-01
-8.230750992922919451e-02
4.697579241952555273e-01
1.616910923544413736e-01
-7.226744604793373661e-01
-3.644503937746880196e-01
7.279516156357770384e-01
1.198042155508061368e+00
6.773633305156520068e-01
-2.407636280690483299e-01
2.363276648566501603e-01
3.424600939650296327e-01
-2.315332875306257421e-01
9.649485557828869631e-01
8.362512683277795178e-01
8.707472267212266193e-01
-3.885558220315672440e-01
1.964170571184699510e+00
8.381893863388052424e-01
1.357111012082399482e+00
2.002457259893602792e+00
-7.780543506573182055e-01
9.901279637415344448e-01
1.398704700734669348e+00
9.698881240494481304e-01
1.328794231714613971e+00
2.018134479792548230e-01
1.617338339067145414e+00
1.417823013575541191e+00
1.792973732498216233e+00
1.051170553676510577e+00
9.867576182390769279e-01
-2.265322271116405328e-01
-5.211499346391313958e-01
1.904503463219113124e+00
-1.873925944357664464e-01
7.025802985870980288e-01
1.232254093623884605e+00
4.917426907465941022e-01
-7.768346648611923477e-01
3.178808102311452832e-01
-1.469306696209186636e-01
-5.321693003303424874e-01
1.292331187664634840e+00
3.490984166143021872e-01
9.712892624901956484e-01
7.666131867577459236e-01
1.131843993721323827e+00
3.812167328051738746e-01
3.077648348460644834e-01
1.637096795047784825e+00
3.220501470630977026e-01
8.620673122597195537e-01
-2.657934883228156853e-01
7.618603855260613900e-01
1.614585678851834516e-01
9.727164415903391537e-03
9.317268262750061369e-01
4.236979482962042187e-01
-6.898883465564791262e-01
7.020436034231777311e-01
-4.171205879580394682e-02
1.328521792075085139e+00
1.193142475424871618e+00
2.085435958658281297e-01
1.215256443141144560e+00
3.538948460845292021e-01
8.661361936508439607e-02
1.739420767487391606e+00
1.489678501090761831e+00
-3.623035379065419059e-01
1.395686464853908682e+00
1.384917234128498209e-01
4.412345133044195955e-01
-6.563206159942729379e-01
1.145001649494850282e+00
-4.002946484850644637e-02
-4.306267056512594893e-01
3.640741964338460868e-01
-1.169966096201722344e-01
3.013514396951847418e-01
2.718620385880686774e-01
9.768767780052044492e-01
-2.660458610365776244e-01
1.879580374807679755e-01
1.083546157449432279e+00
-1.766457115729678506e-01
6.133800507609242780e-01
1.414730462530153554e+00
-2.252868293252797971e-02
2.209679888444536555e+00
1.130677678517477469e+00
3.515610809953099158e-01
6.742340622457100308e-01
1.052845784256260520e-01
9.378049096016434216e-01
5.570173178981039364e-01
-6.146563140263026082e-01
-9.908438297336549794e-03
8.533178936222831634e-01
3.311343511783690352e-02
1.493183899177661145e+00
-5.218990705411878650e-02
8.530593874353344930e-01
-4.189031622146942579e-01
6.334036036626656818e-01
-4.609630882439768595e-01
1.947471473711427592e+00
1.496599347972575600e-03
1.663492344395375078e+00
-5.199746338903663556e-01
7.215633524822694378e-01
1.540824392802257803e+00
1.161660573253016526e+00
-1.804863724143445092e-01
1.111342195865600985e-01
8.347341790758692204e-01
5.549361144000729551e-01
7.545456874620545262e-01
9.654732453160584926e-01
1.104534764503402045e+00
-3.536237181638902660e-01
8.733137325654430905e-01
1.470219743210528840e+00
8.302675409020868758e-01
2.393682459320673750e-01
8.140624658075916731e-01
-2.038289945498935607e-01
4.927677815369190667e-03
1.576836956820904634e+00
1.018580936431236372e+00
1.444578131633268869e+00
1.132923825589661648e+00
-2.518429585127681669e-01
3.145091308139429109e-02
1.130176632979762008e+00
5.645156837632147040e-01
1.508580935034047610e-01
4.689399633436820980e-01
8.344575369480753402e-01
1.807297871928720268e-01
1.462537714983638493e+00
1.134217085555475901e-01
9.326201199039824141e-01
-2.161760424668605074e-01
3.682867781059539491e-01
-4.413283148352913909e-01
-2.769328872636596106e-01
-9.700306492261334679e-02
-8.276847579190931281e-01
-7.463634124750012644e-01
-1.931935598693285960e-01
-9.570313664625285099e-02
1.460454473178794288e+00
6.537822927955460051e-01
1.970285204183699901e-01
8.739699682487500620e-01
1.596096491855206079e+00
7.272745056889287074e-01
1.851503854885034217e+00
2.517423035827716649e-01
1.688270687412164017e+00
3.387610674789645060e-01
1.166215638615192729e+00
-1.581145462120080725e-01
1.261834612035637626e+00
1.154035763048278165e-02
7.879565687694108922e-01
1.738564735026826735e+00
-5.165712025185653644e-01
1.087392928705094741e+00
3.897869604604476956e-01
4.003201274992623793e-01
5.611932509188047868e-01
1.568471940193715275e+00
8.750465846776624979e-01
-5.121668103776709779e-01
-5.865194757735134323e-02
9.323000006080258695e-01
8.909551123919011717e-01
4.366832218843150898e-02
6.814772124778532003e-01
6.107859028356817932e-01
5.119475759355631705e-01
2.668546074567189619e-01
1.466957605561598488e+00
-5.617439925157317882e-02
-6.424045125743128581e-01
1.173230893901503702e+00
3.625954205711969802e-01
-7.066085663262462457e-01
9.786477095111244529e-01
3.451302008405152666e-01
4.906011493182932393e-01
2.843641501102874281e-01
5.120650611116873696e-01
-5.356830570830383165e-01
1.743307638910618351e-01
4.957507573442557214e-01
3.535856505154481022e-01
-4.005920068030225378e-01
9.669517481139712489e-02
8.918977003887633703e-01
1.752416227062749465e+00
8.374062960256434263e-01
2.264506056553838853e-01
1.302437831023398884e-01
8.785039790928178549e-01
-2.349872684890030594e-01
-1.232821456932701454e-01
2.643443479211560754e-01
1.366386113693607018e-01
5.240744962693102416e-01
-4.162421182144823151e-01
8.163809209652832521e-01
9.204298168576703354e-01
9.038138015330225983e-01
7.168723170055562033e-01
-1.457509724144389618e-01
4.963478194010558786e-01
-5.115901230293321555e-01
2.637768424639103104e-01
2.145369454560815126e-01
-4.816236198162958670e-01
1.854211938678991922e+00
1.969277070806185748e-01
4.248805172187588020e-01
4.774916826805630232e-01
1.141795328126338438e+00
5.508470594461205572e-01
-2.378741446245697944e-01
-3.865819768856868510e-01
4.375703772314122331e-01
1.097007152485966586e+00
7.950858769230010337e-01
1.241660254168784616e-01
1.171841251925584526e+00
8.940147502283651848e-01
4.022917071175818871e-01
2.492014996200117294e-01
4.256956483623269283e-01
5.020874718107923851e-01
2.103030802781127862e-01
8.728741620725903871e-01
4.425877867419572009e-01
1.869768143250637893e+00
-8.087917552299479507e-01
4.622872067347659208e-01
1.154109917355584214e+00
-4.233472738568861971e-01
6.060047529249044940e-02
2.826445667338053358e-01
1.386772869764873128e+00
-1.341700099958144654e-01
3.400805875765867126e-01
4.513673761238798932e-01
1.292701362577299284e-01
6.850168427398040105e-01
3.683425021389015730e-01
-6.369889218087142202e-03
-2.350809277410365605e-01
1.010589467824188015e+00
1.834923389551335049e-01
1.111606973639217566e+00
6.392749014509322425e-01
4.416005792484524739e-01
-6.744757658331640426e-01
1.733604937581613159e+00
4.945089106301507886e-01
8.903025183484177818e-01
1.638896894745020427e+00
9.628524719405396892e-01
1.370573761400718293e+00
6.691904801087216192e-01
7.718215821377005792e-01
3.349768654578663130e-01
-9.344978990134510111e-02
1.154033852525399861e-01
3.288319961867878782e-01
9.812529464810855195e-01
9.958709836018490025e-01
6.573525925066387998e-01
1.828812106090500489e+00
7.275066539792232057e-01
1.226074857349344738e+00
4.654537488820640889e-01
-5.287408461390755710e-01
4.622277567656115638e-01
7.949222959805051225e-01
-1.014213783935720703e-01
8.041500727422176142e-01
-6.655061202596708192e-01
1.837272902458545243e+00
3.102652509631882438e-01
1.031110380867699128e+00
-5.647996315265833012e-01
1.833805156342040998e+00
-3.889912885476694004e-01
1.151315631546838469e+00
2.143348066443134248e-01
-3.533562222179839063e-01
1.511274119746905731e+00
5.625579178305892825e-01
1.418145781816073869e+00
-2.170437931576500029e-02
-5.804215050397936171e-01
7.522600032806663339e-01
5.472567123758768082e-01
1.208653164334051455e+00
1.211637856284345505e+00
1.009888422750607528e+00
-7.176883433366970655e-01
-4.971597021170554576e-01
6.987596033084704228e-01
1.228444137221904153e+00
1.604383493283129125e-01
2.993447532182258453e-01
6.741099672230621564e-01
7.971597898974910335e-01
4.887759442975603275e-01
-7.552305088539218447e-01
3.019247489938499118e-01
1.067902503560279881e-01
6.108591410270133304e-01
8.523140468169880801e-01
-4.846336580171817232e-01
-1.034863102674509205e-01
4.025183860354899501e-01
1.248828358547641848e+00
1.414702027359026726e+00
9.533502735611615320e-02
-5.192876285304467432e-01
1.649996284298624438e+00
5.446687363905322599e-01
2.864745865347151366e-01
-6.739962736515737740e-01
-2.058034639062261972e-01
-5.063333600912066634e-01
6.220959074157650370e-02
1.288672126198107670e-01
3.001325392014970728e-01
-7.570309279694314476e-03
-2.105866427134536478e-01
1.256148037878525026e+00
2.774551186489038757e-01
-4.163556419558727684e-01
-2.200946058392388993e-01
5.965366430034517720e-01
-1.707854985824064087e-01
7.477361006572609270e-01
1.849299958249338016e-01
-4.076831252845594666e-01
7.857303084871791743e-01
8.548293564952755830e-01
1.622060920092248115e-01
1.762546318389411060e-01
6.320127920926225107e-01
2.421637878015259759e-01
8.112017761023563311e-01
-4.084734318393064278e-02
-7.406486499402240575e-01
3.349352427046843883e-01
9.095485077390358386e-02
1.142519017064944631e+00
8.623034735949949847e-02
3.323339514087040314e-01
9.784515450708056727e-01
9.292881386848149683e-01
8.040277279527189291e-01
7.359689564921586546e-01
-4.612502995683335216e-01
8.250308646906104881e-01
4.924720176084572687e-01
-9.247933631164826362e-01
4.793273619777205924e-03
5.954120884738174357e-01
3.128198140500971780e-01
3.481310066229605371e-01
4.690366406050024417e-01
-1.123619048744558535e-01
1.254531639880945404e+00
5.802593508869586802e-01
1.581158896624504040e+00
-1.007902598815960116e-03
1.395903818887885173e+00
8.313012077055769583e-03
1.060945423285261757e+00
1.226584879827460339e+00
-1.159255525547385618e-01
-1.822127153615506479e-01
1.031830800962530104e+00
3.752416455743503021e-01
6.340793113592246844e-01
6.750384117795744654e-01
2.059573577500063701e-01
9.655841626117710463e-01
1.854891093820741077e-01
-1.982885850260343030e-01
2.261821937399600690e-01
4.774582026126937273e-01
-1.196093617449861812e-01
-1.564809976538861780e-01
1.593254149387666185e+00
8.367829588945370212e-01
1.209069120458216906e+00
8.376303595194032336e-01
1.323484899524267844e+00
1.695499810722104761e-01
-7.412232090138938245e-01
3.512086243810698671e-01
1.110428352370296246e+00
-1.636374667636258939e-02
1.122436637976816254e+00
5.650944780155577885e-01
4.386320939414724007e-01
1.928542310942790716e-01
9.904560899205177016e-01
1.097757832818385904e+00
2.879473965472075792e-01
2.260807286272586702e-01
3.607459827208781000e-01
-2.304251969809490985e-01
1.508410525132875268e-01
1.550479987973149232e+00
9.098316954779042121e-01
1.430976026295339043e+00
1.225302156071628623e+00
1.291352013820169287e+00
1.378975690637800344e+00
8.784783471290098511e-01
1.755829331648525449e-01
8.905012659559570498e-02
6.704567520121218482e-01
1.314603525806862461e+00
4.667367581877166494e-01
4.674648221788488822e-01
5.296304854262212647e-01
1.221005906778392935e+00
2.067543593041085259e+00
7.363851099707735548e-01
3.397567581787217517e-01
-1.263893522624190413e-01
-5.194399097617191652e-01
2.983612989020947293e-01
9.935186283965310450e-01
1.072826403804799211e+00
1.115931982398519651e+00
-7.146815471545039378e-01
-2.081067238053323221e-01
8.048288210132001907e-01
1.345562035074036489e+00
-1.560597200390982098e-01
7.467957862990441953e-01
-1.476619908999054348e-02
5.768593822345559341e-02
1.567388214411071345e+00
1.268673465259675615e+00
-1.428384523732730838e-01
9.272397096936570993e-01
3.970940677863078472e-01
3.498287682568652635e-01
-2.850646523682167088e-01
1.071010728938301515e+00
8.341852086826172519e-01
1.035246159075154715e+00
4.171958524736466001e-01
2.143715187802034544e-02
8.695729078060560058e-01
-5.192890453840056653e-01
-1.277329045735746404e-01
6.929856745177251365e-02
5.060330415937186466e-01
3.018114294360825789e-01
5.289904276689558760e-01
1.597451791896353557e+00
-1.419633708813908823e-01
6.354036984084741047e-01
-1.719926554109396655e-02
2.751474191159633542e-01
-4.445103141143579295e-01
4.391100641308997021e-01
7.024637782873649483e-01
-3.215923390536551962e-01
2.036076552141924956e-01
1.726254157379257137e+00
1.074368373325793602e+00
1.138590129351212468e-02
9.278899041213625187e-01
1.298323629531717316e+00
8.323168537075916751e-01
5.919570031424101764e-01
8.246310297447092541e-01
-1.065154975440201879e+00
8.324984118550252665e-01
4.229167803734438791e-01
1.247138057819731305e+00
1.062838546300156839e+00
7.265821905113870049e-02
1.394813246535577811e+00
5.190107643026068418e-01
7.434969676721241427e-01
-8.189974266914985812e-02
-3.244736889125537926e-02
-1.124736343797933857e+00
6.347570812312133826e-02
1.031188268715045542e+00
-8.315621173216334108e-03
-4.017777072022095664e-01
4.595215669225009014e-01
1.692857052341285584e-01
5.373190023938909654e-01
-2.508956563280895780e-01
3.952498923134714071e-01
1.409168421546046046e+00
-1.285161623219418514e-01
-4.448834043429942264e-01
8.538875239389344118e-01
-6.237745133342478265e-01
4.932574012220499737e-01
7.720759030441444182e-01
9.675148557812228711e-01
1.247191001023238766e+00
3.189709756323660383e-01
7.844035905734236813e-01
2.932541671016704043e-01
-3.810346913269193614e-01
7.229969906441383598e-01
5.143622843984091420e-01
1.629632405253935268e+00
8.673076763237167475e-01
4.270625146722348831e-01
1.891851572473374488e-01
-2.064802129520251495e-01
1.348877072595866089e+00
6.670592278812237375e-01
1.227592277290371792e+00
1.167946630400312102e+00
3.665609760049265420e-01
-1.794712566937980425e-01
-2.070802670935844025e-01
3.846795340121443307e-01
-7.127066803402206663e-01
-2.431051053773553017e-01
6.274230334663963848e-01
1.756188295600554228e-01
1.172348383242642345e-01
4.924248004758383090e-01
7.936282142086850122e-01
-1.255224938965201487e-01
1.322141791178187864e+00
1.016983513796018590e+00
9.159267900578519361e-01
1.884232325710480049e+00
3.160086387452566981e-01
7.021679677064934788e-01
6.474517955481016163e-01
7.995322907630947329e-01
-4.389530772359847011e-01
-1.392930298459114091e-01
9.559017705662358200e-01
8.305386720916391186e-01
1.567335821255007033e+00
1.671490100415296221e+00
8.398316958874531002e-01
1.130307434805725819e+00
1.489832733378973373e+00
5.312633405921707297e-01
2.576811565244569446e-01
2.819366315655151278e-01
-6.356280633704949889e-02
-2.261537781646563716e-02
-4.389354505504012849e-01
6.716857667058150350e-01
9.165476057523322950e-01
1.337172011229818658e+00
-1.443488069612799130e-01
2.963747692409575696e-01
3.126877196431538386e-01
2.796316787055434794e-02
2.182124516984054186e-01
1.533380315290486517e-01
1.670346386693594420e-01
1.246543034163957397e+00
6.177658691244461986e-01
-6.548162627712306172e-01
1.249979342976450747e+00
6.219205236379043988e-01
4.032795995353065654e-01
-6.181844678968989593e-01
2.053944357719590386e-01
-1.559184353175878945e-01
5.603173820378213321e-01
-4.195080786488272206e-01
2.055477574004579200e+00
9.801355632939978690e-01
7.182987348042880749e-01
2.240958808065045549e-01
8.750020670481984952e-01
4.206895453988090949e-01
-4.503761459315303028e-03
3.987107605846464953e-01
1.078052739294117046e+00
7.387135109531052235e-01
-2.968737350665520691e-01
1.136584838896806060e+00
3.893302946104307272e-01
-8.985356547195635923e-03
2.872916803686312304e-02
6.695391658242613175e-01
2.245965333303976408e-01
4.959719783595175069e-01
5.123601958233818809e-01
4.353733152650440807e-01
6.479222801007156196e-01
9.007170510192593627e-01
4.574387143520819432e-01
-6.866246209041466930e-02
-2.073920516289706750e-01
6.666664875804194645e-01
-8.332971731195046305e-02
1.630356040218428282e+00
1.579516493398162469e+00
1.449465533257808136e+00
1.242933544736921858e+00
6.059604615575931996e-01
-1.985245183756281229e-01
1.051793378084401098e+00
-3.677109289342801041e-03
2.972097818300238337e-01
4.091464807513958690e-01
1.640988688141394869e+00
-1.253651457730930174e-01
1.424860948798266413e+00
3.571969762866371023e-01
-7.047299826250391641e-01
6.155993757558207990e-01
6.145491333536535761e-01
-1.980634092840012628e-01
4.319770240890999924e-01
7.206392783616846764e-02
1.011440087500824481e+00
5.681746458939608280e-01
6.883864212786996450e-01
-2.304159202771493553e-01
7.354576801732558566e-01
7.040057729146319554e-01
1.044320480465020351e+00
-5.808399430018761356e-01
9.607241925734159027e-01
6.354728995011972303e-01
-5.676486850280770824e-01
8.584254490472692511e-01
9.039606243188533785e-01
-2.543548925311166498e-01
-2.706120512651307708e-01
5.067706154265460006e-01
-3.256687096250872049e-01
-4.525473919279885404e-01
-3.455605431878866485e-03
6.698863736081629439e-01
1.827428260493023648e+00
-8.736028011713237174e-02
9.113910014811749116e-02
1.016803017615139693e+00
5.016010515398318104e-01
-6.435715625024623909e-03
1.202778251242273777e+00
-6.382098771251837332e-01
-6.442577521048918898e-01
-2.272290265980735080e-01
3.545106685502147359e-01
-1.897694519876624852e-02
1.222331242920370542e+00
1.443215192446898332e+00
2.990790958140475131e-01
-2.855094651872415179e-01
1.136320052549921522e+00
1.388549699205666288e+00
6.514529577131568105e-01
2.283116960326161127e-01
1.122959653457480167e+00
1.072253612514839638e+00
5.005185222941277434e-01
6.321854318693004293e-01
1.487487026261211209e+00
1.263046678037619275e-01
-1.230203546724084829e+00
1.619483450660977319e-01
2.465097572225361522e-01
-6.925165695960324719e-01
4.781233209722052235e-01
1.513861971411005980e+00
1.463841324312606051e+00
2.866591952177410807e-01
1.974412870123828601e+00
3.828240959632464024e-01
4.210432647928952221e-01
-6.507662913507622493e-01
-2.881655866007839031e-02
5.484119048500591953e-01
1.845196905735170534e-01
1.207289612613957619e+00
5.290670791042294541e-01
1.615321998799017944e+00
1.908011950351427566e-01
1.238076545210534229e+00
-9.871166673968970739e-01
-3.147664461334628849e-01
5.241214841919950018e-01
4.050321463207262052e-01
-4.307725875845163643e-01
-2.595384819017471090e-01
-1.345466862883062942e-01
4.927675820019845887e-02
3.494969626502940074e-01
-4.846688488697537545e-01
3.817011758915276887e-01
1.196835192871136933e+00
1.501743766893508969e+00
1.574515979075675975e+00
3.175313412233661259e-01
1.346399725403014669e-01
6.164320871335111640e-01
1.500830285883980153e+00
1.276133767987451262e-01
4.897202546011432123e-01
1.123662655706645142e+00
6.592103985635442420e-01
5.915448786862738118e-01
4.508389811155369964e-01
1.077802436524741558e-01
1.455970144157964663e+00
4.536068057674165765e-01
1.042734788644282595e+00
8.472443509054516930e-01
3.164859202670712857e-01
1.000009348032752099e+00
2.003116995293329872e+00
-5.808143040559861081e-01
3.387990556793908925e-01
7.856285005823292478e-01
1.502902755104559285e+00
-2.442941559427083131e-01
8.432021480952796022e-01
-2.144755336585863204e-01
1.001065835402896731e+00
1.638929952811673418e+00
4.646350852360756067e-02
-8.130670539372082672e-02
9.398466988149412060e-01
4.396297411936607169e-01
-2.573910761955842674e-01
1.124402334075188969e+00
2.367782107978877448e+00
1.840331173543989340e+00
1.394729028269922955e+00
1.272919943973282120e+00
7.542201380098081387e-01
3.732424074549225979e-02
3.588141704198766213e-01
1.429893717322790359e+00
3.787823564252770225e-01
1.039513546017124535e+00
9.366691394747848898e-02
7.637129879226195461e-01
1.287414945577812997e+00
1.700397620950452771e+00
-1.059948203194598593e+00
9.867102810458354689e-01
1.119558683579210678e-01
6.570450658823712153e-01
1.243041271841209827e+00
6.529713735788025275e-01
-1.400979805646182519e-01
-2.976680383347626857e-01
-5.629908469537203697e-01
8.482548048364547677e-01
-2.326092461606514561e-01
5.445985675254381153e-01
-8.061056425002576242e-01
3.567731838038404324e-01
6.467475978465241360e-01
4.253169139019014611e-01
9.069449797188798845e-01
4.211576985243156712e-01
4.072703505080458863e-01
1.097803990731232915e+00
8.313584510281341045e-01
-2.173054059451297593e-01
-2.333994848315304738e-01
1.209804933593613185e+00
-3.493803272126788095e-01
1.604421801062269504e+00
6.529495558603920502e-01
-2.178393156987259438e-01
1.249155826989177376e+00
-6.699598389550195376e-01
5.205477747313199677e-01
-1.768727647557274962e-01
3.859970362853051284e-01
1.221628643039960549e+00
6.367947687100339316e-01
5.405760419726343136e-01
5.520100114162287408e-01
4.723581715401430903e-01
9.969616417931094210e-01
2.111366053961244160e-01
8.938861440704682915e-01
9.934503671355763288e-01
-5.018986026119958144e-01
7.512428940512279052e-01
2.209832779784131063e-01
-1.275731585684919955e-01
1.252336799519246924e+00
1.016137244072735646e+00
5.997420604470506955e-01
-6.644056786580485596e-01
4.175566268196664321e-01
1.738474747093985195e+00
5.652997092565177351e-01
-2.493745080676626480e-01
9.157836896808669858e-01
1.690531840165447053e-01
-4.168587859541892926e-01
-1.866440461354159641e-01
1.564424948938090282e-02
1.377067406506984337e-01
-1.545082500578499884e-01
4.296306702492392882e-01
1.046106670522043203e+00
1.361625537152286514e+00
1.746074376886144641e+00
3.481763586859211168e-01
8.519871590160210673e-01
8.523642550393429884e-01
9.586671012810250581e-01
-8.050271707009946098e-01
9.560111744779190013e-02
5.820533360898529907e-01
5.972066057986553655e-01
7.478370608161639677e-01
-2.426170199289333362e-01
7.985001875579157415e-01
1.457043857226839156e+00
-3.747771236452131227e-02
7.069872410767135129e-01
-4.674877833353009438e-01
1.122738834140856845e+00
-3.971863574656382678e-02
-1.799010555242818443e-01
6.374568558655294703e-01
1.198139212031932521e+00
7.400516456417324251e-01
1.812093703287951829e+00
-1.257717583916579882e-02
7.201275940302847012e-01
-7.531116060537448309e-01
6.614791268424851101e-01
6.832877233467860023e-01
7.114527832681816211e-01
8.973134244244794777e-01
-5.598791213676660439e-01
1.029205783070722191e+00
1.004376472978076862e+00
8.136140808422186455e-01
7.200001782498509639e-01
6.141057910439351453e-01
9.743691147477062664e-01
1.057373465234687115e+00
-8.806150604427523398e-02
2.081030040858843910e-01
1.015882968246486939e+00
-5.834318214018870963e-01
8.427631742592179842e-01
2.916925528486853381e-01
1.589861939229543220e+00
2.480676933677134210e-01
-8.712902943746850815e-01
2.251374626228973275e-01
-4.276731906851593545e-01
7.915332386066312731e-01
2.968319568783848728e-01
-1.248922611562610918e-01
7.629379554500049787e-01
1.479867743178060469e+00
-2.565316972683884811e-01
5.171573699328766427e-01
1.089168339142201791e+00
-7.648452852023532311e-02
2.079405882229485303e-01
-3.160410051118233143e-01
9.136257771882134726e-01
1.320089621576523209e+00
2.871104092359310633e-01
2.791281546090353949e-01
5.580916443000534244e-01
9.026210475131094535e-01
-3.800355377413625751e-02
4.688956610896080068e-01
1.623419714032969807e-01
-3.132320528606737930e-01
1.712213988550597366e+00
5.825874545515333791e-01
-6.844679665021956294e-02
6.452429499280757375e-01
8.364529403892934090e-01
-5.069453692479356510e-01
-1.503657677077792632e-01
1.272079008262452460e+00
8.526367343697797141e-01
9.900822990075747176e-01
4.966204953492290297e-01
1.469443007324315875e-01
1.041498192338225381e+00
8.269101786413719513e-01
1.110852484840555432e+00
-3.701986184133723157e-01
-4.768957007209071453e-01
8.457769585439979254e-01
5.457150837443719427e-01
1.135145613134165954e+00
-1.650894313114543988e-01
8.797070708743358614e-01
5.843252525009252629e-01
-1.727691782190300118e-01
1.296837314814899278e+00
-9.488063453333257791e-02
-1.581396756898600930e-02
3.171996910828309701e-01
-3.292355932636806259e-01
-5.404312096640748742e-01
-6.008388141634281032e-01
-3.052912121377870380e-01
-8.244244484579191234e-02
2.065247500213417686e-01
1.540180951629086303e+00
1.053755927068982690e+00
-3.940084135367757923e-01
-5.737625243096577954e-01
7.092024812220637520e-01
8.541018886779899733e-01
3.608706380767053301e-01
8.220194518255916627e-01
1.951556409456238761e+00
-8.447725761102254927e-01
2.268923779328234858e+00
6.850044597260483981e-01
3.865429143784214205e-01
1.243647917649367551e+00
-2.353927999254967762e-01
1.232375610857843640e+00
1.284435979762764024e+00
2.484651902450002448e-01
4.679162551807444226e-01
7.167609945369729507e-01
4.150638266938205256e-01
3.029394653673581628e-01
-6.377907418574739751e-01
3.670618144927717541e-01
1.317236236757629797e+00
9.693534727035724163e-02
-1.219762318844490323e-01
-1.820451162679116441e-01
-1.836961019681368212e-01
2.438709638554210218e-02
4.342505128817706339e-01
5.773539007637912279e-01
7.747406743194348300e-01
8.718029203540639260e-01
9.902217034452102939e-02
1.494225345055413046e+00
7.210170515312736006e-01
2.237724937877283993e-01
-2.650717733052462277e-01
9.130725335487694938e-01
5.356692045116884238e-01
-1.289752888560396493e-01
3.816827835068283270e-01
6.145096235100180326e-01
1.094437141490939513e+00
-7.516071939455686302e-01
1.407485484679831700e+00
1.607982595249598523e+00
1.174913867046191829e+00
1.498494989168855707e+00
-5.543329882421474952e-01
9.641714586659917430e-01
1.670181600128234356e+00
7.566806263224516993e-01
5.274435525935339264e-01
1.165953964905168228e+00
3.370210670797724739e-01
4.687290075074471707e-01
3.239314538866983062e-01
9.906546043649440136e-01
9.266554654449637995e-02
7.619258582911345723e-01
-4.160632284102794842e-01
7.750980244448513190e-01
8.592494630045809101e-02
-2.242259300129625099e-01
5.672931873262432312e-01
5.537306011237703718e-01
1.245035095857281171e-01
8.194765255915631430e-01
-3.196149384652293146e-01
-1.582862962707459464e-01
-7.349569661170910484e-01
4.570109168324353877e-01
-3.361064205653846448e-01
1.889750865009028058e-02
9.101254719485066813e-01
9.549272797563467252e-01
6.959835514555666736e-01
3.929618852014312158e-01
7.228552801921084292e-01
3.377626631881635033e-01
1.720818888330647001e+00
6.341294502848155989e-01
4.279889810698725983e-01
-6.335239970475903259e-01
1.613304422127212367e+00
4.078883585934914846e-01
1.493930925126796261e+00
-5.131127554241969868e-01
2.967154006351414020e-01
8.758856508097431215e-01
2.569576412123595333e-01
4.180683538866183935e-02
-4.925156439313240625e-02
-8.738722550529365307e-01
8.293498453521606084e-01
4.132584045215072499e-01
-1.583993065268404499e-01
1.262854957302020686e+00
7.231401858687396267e-01
2.173849342932188400e-01
1.333698554023171889e-01
-2.354650744566191001e-01
1.793740437828287959e+00
1.465053623906745983e+00
1.329096875880456885e+00
1.050345405308780400e+00
1.207796772035940158e+00
1.955663508547555551e+00
8.973028656744170828e-01
-2.699069833956926345e-01
3.298846397889698689e-01
-1.711211004835581362e-01
7.772182262658734742e-02
9.707391332466056566e-01
2.746441216503289207e-01
1.274552159737820656e-01
-3.373216403168354804e-01
2.133497455893026695e-01
5.384255004445445136e-01
8.702984769427994927e-01
4.873586097823074947e-01
-4.651458961056342822e-03
3.635658385366828949e-01
1.242257131314552954e+00
2.257870868190060831e-01
2.570780622640841603e-03
3.280234986487843285e-01
1.544179275362245862e+00
1.641860155886937900e+00
1.230944637237944006e+00
6.836065811124625302e-01
1.242211382220283600e+00
9.455239048532196877e-01
4.158086224478549919e-01
5.073795527955614337e-02
3.714683758708158257e-01
1.111769451946053255e+00
1.376208526496510265e+00
-2.054509760108275407e-01
9.052148354293987342e-01
-6.070987876203380873e-01
1.064648090874943387e+00
-8.498425396000792997e-02
5.691435016252329726e-01
-7.401108591198083397e-01
1.022159284650920208e+00
1.018980027604863281e+00
-4.735073874378580849e-01
1.507352125659158493e-01
-4.706850011936753453e-01
-1.631853125919088265e-01
1.820121025074558974e+00
1.647472147079557470e+00
-2.795863506303954971e-01
9.214610576637269901e-01
4.126936073999566412e-01
-5.586321471616630813e-02
1.045469356924268345e+00
1.798319310605061450e+00
7.382352958623760175e-01
7.125584716721652390e-01
-5.593755352973059924e-01
1.000719629111989750e+00
2.868195572352090772e-01
8.719082857710799828e-02
1.569511104780820787e+00
-2.419910032104476416e-01
7.858241864969189860e-01
-1.813456514973019740e-01
5.839490696753357746e-01
1.413158552512645105e+00
-2.184130578584084770e-01
2.873174281037175204e-01
7.251863435673240321e-01
-2.033869026686905071e-02
1.648905418519087673e-01
7.598852331100882651e-01
2.803497674411390972e-01
1.189130920646932266e+00
2.561527011458737402e-01
-3.140237869383612490e-01
5.314472551703565140e-01
2.925928539595105266e-02
1.311444627573770783e+00
-5.661690783176376307e-01
2.083408402896428369e-01
8.109182667422043522e-01
7.725576650336337670e-01
-3.349278797196134638e-01
-1.584130884544409645e-01
4.658254586932905061e-01
9.187092229921179909e-01
1.874003336510259299e-01
-3.052154155353412057e-01
7.371329245918259998e-01
7.006373421503233612e-01
-5.492072936256695709e-02
7.545584458538775463e-01
5.483962160601416613e-01
-3.942126014700836900e-01
3.490860380990984391e-01
3.032766369570096820e-01
6.402897944776678729e-01
1.455798731448743055e+00
1.986584223869069521e-01
8.481045651498069216e-01
2.066223431598154248e-01
5.966102065020301159e-01
7.118452795159218027e-01
1.271254203038907571e+00
2.898497593138932293e-01
-4.424660539218173705e-01
-3.904617925711105220e-01
1.272525168867386425e+00
-3.692981446415394275e-01
9.429448471578101287e-01
-1.830567425257059455e-01
1.514524044284047744e+00
1.632266007385639206e+00
8.229599452957533368e-01
-4.443365199462173121e-01
7.429452999072450048e-01
1.108099122141736448e+00
1.601592715547151435e+00
3.823778099977079292e-01
2.120880204110803247e-01
8.002860242162804782e-01
2.155898205599858786e-01
1.643988374983246459e+00
8.315651416007046048e-01
6.415511284581456586e-01
-2.563346674518239832e-01
-5.427933184552160562e-01
3.507685066943778129e-01
3.444925626302475924e-02
5.857970172691676636e-01
-2.939399250225992466e-01
-1.220378623763650194e-01
9.880012474072707995e-01
7.096963158980156283e-01
8.922365341048068554e-01
-1.728328228449090842e-01
1.508557787669517758e-01
-4.851144415356100636e-01
2.678041123701510040e-01
6.441127025656901983e-01
-1.423187747551400706e-02
1.426074392000798996e+00
7.038117243236690079e-01
-3.117989435736467363e-01
3.985717530830227284e-01
6.942816736888366425e-01
1.029593537734559527e+00
1.023255436851916889e+00
2.621848279237913304e-01
1.313874827380538957e+00
1.210373003297275041e+00
4.809731945302984646e-01
5.053869958498242720e-01
8.777457684426959172e-02
8.189651897244890066e-02
1.374166756372541487e+00
1.395051288154298241e+00
1.506045265034479330e+00
8.992567256080819665e-03
1.058991917440375907e+00
-2.122555616290872638e-01
2.264737879707015011e-01
-6.365766419356911898e-01
1.612451292697899996e+00
1.492985539844490228e+00
-6.524566897544855637e-01
-1.494160884718367388e-01
5.516291598940394891e-01
-1.918506779733806372e-02
1.249584160414260792e+00
1.782371805153233346e+00
2.877158959720589326e-01
-8.986141974655691145e-02
9.055614068233812652e-01
-7.682559916850897341e-01
1.343072435197550263e+00
2.108986042791599846e+00
4.043173334832245169e-02
5.821272572214262198e-01
5.503854854766567772e-01
2.924462803599571781e-01
2.986984200434916192e-01
9.553340851074575424e-01
-2.359446777361712266e-01
7.075251055391399424e-01
5.652963836678738252e-01
5.750072592862037757e-01
1.438990566728081788e+00
-1.849398590058410341e-01
1.879785183464402820e+00
1.593140040060049056e+00
1.453489347062010939e+00
-8.994843623892025131e-02
-1.036019559480280350e+00
1.354360064428385080e+00
-5.664980520539675962e-02
-3.448455259147182317e-01
1.127670423802392685e+00
-1.571713399784103460e-01
7.094255592741706140e-01
-8.808172349040574445e-02
3.379868741573845425e-01
3.134703303859627255e-01
9.494529414198041861e-01
-3.376074192296524279e-02
-2.821969830043709604e-01
-8.776529969108293194e-01
5.612122860157343629e-01
2.803051292034945408e-01
-2.299405731711968992e-02
1.854413051928899714e+00
1.685117962107672840e+00
1.433492349389761777e+00
2.705572822327516058e-01
6.441529822428893048e-01
5.552317780747536569e-01
-1.174520190610214510e+00
3.610339726125911808e-01
4.208801483941587707e-01
1.765880846048987429e+00
2.282375532287907571e+00
6.697986992642310788e-01
1.460832383488081421e+00
-4.893980904690642397e-01
1.797022670724064131e-01
-6.882609416920631995e-01
2.287016975354416448e-01
3.989399405290739442e-01
-2.479232965824139656e-01
-4.326852582017245985e-02
7.907947061048876680e-01
2.088068141382603216e+00
-2.704631225427908126e-01
5.201012525909960438e-01
6.749532137543359234e-01
-5.947370041889521453e-01
6.922705281657951515e-01
-4.055029909504601626e-01
-1.052586578965510888e+00
1.658363824291801958e+00
2.715850036484285246e-01
8.983565620281463993e-01
1.043716620907482184e+00
6.536872587675714996e-01
-3.522444755908955005e-01
5.973587452947176635e-01
1.049830300536455097e+00
9.305400719760659189e-02
5.568734553545064969e-01
1.529313034728138065e+00
-2.829048154592830877e-01
5.312652695036033101e-01
5.245586045937132846e-01
5.816557632618646334e-01
3.401497003541443243e-01
2.445684625827866110e-01
2.080969283156974547e-01
6.236163070744977777e-01
-5.809154915788669049e-01
1.419560393566611234e+00
6.625759196773286508e-01
4.127733247401848549e-01
-5.039068339340008890e-02
3.132200406150864591e-01
1.196332364547648019e+00
5.072057439527009048e-01
1.640172853932368446e-01
4.357205472522658884e-01
-5.058560203246129650e-01
8.862442740443197131e-01
1.593384727121014421e+00
8.246090422884564397e-01
1.421140606345943747e+00
2.427925643592841187e-01
4.949350159369907409e-01
-3.311372345271395012e-01
1.661587408326749671e+00
-1.422433433579756989e-01
1.511609522266375460e+00
-2.279239473207467503e-01
1.582357895468265996e-01
1.105362697128438265e+00
7.392802300007546012e-01
1.467294159307071411e+00
-1.340213212958472067e-01
4.061264759369483945e-01
1.460505456640341038e+00
-3.403974975686192006e-01
1.805855717161570784e-01
8.482539064186191968e-01
3.093216400316097792e-01
1.282490198181713170e+00
1.894094669122132757e+00
9.680034324171011839e-01
7.220602043780893764e-01
1.479104977031070689e+00
8.131496741145041174e-01
8.071602445797411152e-01
1.376446403710196220e+00
-2.008072945063289760e-01
8.803909062854692325e-01
1.160646535908751442e+00
-2.915496087323237590e-02
7.509870686333405265e-01
1.534375259722474460e+00
8.363231616827981885e-01
-1.770482059880681969e-01
1.964355110208123867e-01
-1.396855894299900425e-01
3.450348974399443103e-01
-1.864928386301528337e-02
4.042633915303593950e-01
4.669435966117662096e-01
1.400631304861057691e+00
5.890331245267045601e-02
6.379105348767176720e-01
3.989802563986956652e-01
5.596041294772331476e-01
8.702386643005907141e-01
5.702961334727989495e-01
5.289596130351761349e-01
1.102099772104881303e+00
-1.141588258522915567e+00
8.246103767490344794e-01
1.941924394299769929e-01
8.265446082349341417e-01
4.273298347586786949e-01
-6.569363956450815500e-01
1.693952110996329363e+00
3.825975626848731603e-01
3.614954839225020811e-01
1.767277580434267470e-01
1.996883981944054254e-01
1.489343008002615987e+00
6.568129481061700803e-01
1.322747081862204910e+00
6.306694690047889296e-01
1.048038066917444278e+00
4.141634007883995827e-01
4.120056950636099558e-01
3.841409680468091947e-01
5.557699858110594082e-01
1.568616502687725789e-01
6.110370993679073992e-01
4.816051313449548621e-01
1.977358863628593255e+00
1.211304188436202467e-01
-1.066899337059236813e-01
-1.210090606127479512e-01
-7.193134151403390852e-01
1.103009748682012292e+00
6.718670022851725987e-01
1.340004342859453024e+00
7.647120435099556968e-01
3.746910241166858113e-01
6.732750395177306002e-02
1.224242390572410466e+00
1.675764436369717947e+00
3.270334720158843411e-01
2.048318768837050774e-01
1.587098294882320237e+00
1.188625223029405653e+00
1.464989349899024962e+00
7.148399508345549824e-01
-6.966712253179661862e-02
1.012011277143580301e+00
7.218060580487532796e-02
9.928767041213062416e-01
1.421979400027143292e+00
1.630688879390539969e-01
-3.101897112907227583e-01
1.874957508956416330e-01
9.748262288405803444e-01
1.219112090766281131e+00
-2.328526574044339492e-01
1.058703172751344512e+00
9.026019528120284852e-01
3.283795379583305807e-01
1.172041551615352173e+00
9.078142472192703982e-01
-1.230888649274545887e+00
7.043069744612316940e-01
1.165742013247815123e+00
-4.490972473953480093e-01
2.645049925734452301e-02
9.381171705233335434e-01
2.821462875457678710e-01
2.255774000712141084e-02
1.125827741750347277e+00
2.688288056595798392e-01
9.346853778452182127e-01
1.286444985170774880e-01
2.734666033690528186e-01
2.078100127653746743e+00
6.634940490047338546e-01
2.850524078981694354e-01
4.399052005740037852e-01
-2.603342550665719290e-01
6.635868320496158823e-01
3.015512356147272977e-01
7.433539848620520640e-01
7.622190832406362526e-01
2.116923530605800963e-01
1.671665347479645902e+00
1.616286722665106201e-01
-4.960362742043364914e-01
5.531763881315928666e-01
5.060659815217031232e-01
-8.627608008487258617e-02
-6.066024467988943014e-01
2.742960636405136210e-01
2.413066564887561272e-01
1.511503885750770548e+00
-3.892753666876161422e-01
2.340587461518105761e-01
8.266025149562004903e-02
-1.375660068783793322e-02
1.018375401410249070e+00
-2.270088214677954130e-01
-3.998029782820001765e-01
1.537375559442835105e+00
1.109901614875093534e+00
8.416419335728679840e-01
5.643849837575176664e-01
7.650813936592084641e-01
1.291165675246805922e+00
-5.134280362770095030e-01
-1.537913951890943973e-02
6.111678429689825220e-01
5.227866473252312796e-01
-1.040426235377479719e-01
1.455069081828071376e+00
5.624243827634971549e-01
2.167197628822311817e+00
-2.976376159571835212e-01
-3.752567395773392933e-01
2.102491148656390751e-01
5.315615814473757528e-01
1.511992209549745780e+00
8.852099478710447888e-01
7.825490817051344861e-01
1.243815423123581787e-01
7.682433760900637676e-01
7.864458823531118581e-01
7.405237623079585774e-01
1.750507256375628096e+00
3.275603216850913046e-01
-3.334229560859778840e-01
1.270210081088611220e+00
-5.905442985422924007e-01
1.079094972945605191e+00
-1.701472004656896964e+00
1.094519518608721015e-01
5.164364425366606559e-01
-7.478724276729234455e-02
5.865272700903649827e-01
-8.216152075237983521e-01
4.792734212987082021e-02
-9.375609168343047584e-01
5.464587940909716723e-02
8.763727096487480828e-02
-1.517099715697997619e-01
7.251169394566641113e-01
9.287429045041873943e-01
3.123174307270553882e-02
-9.271736351928304698e-01
1.169408305786191704e+00
-2.461347428234492984e-01
7.851230350381151885e-04
4.743701621619921815e-01
1.232829698687249120e+00
8.123452268535431842e-02
5.176547120012549019e-01
-7.294827352565274037e-01
2.429650193025136851e-01
-1.269644609202746632e-01
9.644530928393202363e-01
1.267999378505322072e+00
1.057688952188072573e+00
-5.871024748006085925e-02
5.656303904707631336e-01
6.436038975633184833e-01
-4.591852618310138245e-01
1.097866095491756511e+00
4.161974942569447444e-01
7.653445417729782818e-01
6.226788360118036270e-01
1.507062767771384149e+00
-7.960239925453282961e-02
-1.421541863684047113e-01
-1.236841659071776234e-01
8.076656852494554784e-01
1.548634990691490465e+00
1.329258766773983469e+00
-6.397441834834373398e-02
-2.889400978188541025e-01
3.771441292608614798e-02
-5.089997071036892473e-01
-3.801566814451841636e-01
5.522306659670874751e-01
7.395510821582036709e-02
7.324823457631186585e-01
1.816624588822931541e-01
1.128797832760787712e+00
6.358115561268290472e-01
1.317528739035941587e+00
3.607068854394838153e-01
6.069722532624914624e-02
8.695876117590648491e-01
5.379328733388857309e-01
-7.733470984748519461e-02
-2.135825361845423986e-01
-1.868337679222837888e-01
3.446786356990102357e-02
5.369016626507359113e-01
6.406340368778293826e-01
2.572804209712089424e-02
1.491814246686548884e-01
-1.378227153094980784e-01
-1.288369586057497573e-01
-7.570389270095613521e-02
1.790478460520879889e+00
8.533966797054348685e-01
9.791564554543775722e-01
6.846096214828840676e-01
-1.415534315687612052e-02
-1.094746265847448274e-01
9.007576277914564056e-01
1.336116096987535640e+00
5.584183708293851689e-01
5.988432808293450149e-01
1.466834598085410724e+00
1.215218518173373008e+00
2.314637803565229579e-01
1.069493788911618504e+00
6.663818264559768778e-01
1.170137877304832097e-01
7.023194863880302119e-01
6.819032114777411335e-01
1.328316106121829376e+00
9.415401164808576695e-01
-4.130242988820620464e-01
-3.090554048493003927e-02
9.817939015930042812e-01
-2.007906596247640840e-01
7.104595964936654129e-01
8.030641723702933721e-01
1.331842320080061315e+00
1.605724208913824391e+00
3.813155337582815191e-02
-5.244808691067012751e-02
4.955639613087031159e-01
-2.310698100269888700e-01
5.775268143235019469e-01
3.103521940961800896e-01
-6.399312975038157214e-02
-2.796119788826221808e-01
4.009200440776021779e-01
1.452118431692843437e-03
3.958116034754619594e-01
-2.933056878930347389e-01
-9.303835167048493671e-02
2.304040970706019154e-01
1.789644879959300772e+00
1.852502447246414663e-01
1.026669511708098170e-01
3.488382112915252575e-01
8.893902394950897738e-01
2.385786233491171693e-01
8.953856198823694212e-01
-6.159634186482985108e-01
1.794179301950722172e+00
1.255765678690945020e+00
3.654074028527300455e-01
6.294377606506086631e-02
5.801138792031743652e-01
-4.839896751910653938e-01
-3.951322539815904644e-02
1.142319061991993179e+00
8.102001516968673211e-01
2.929039743364670323e-01
1.327919035914658097e-01
1.051758447956450404e-01
9.673570057094705854e-01
2.908615350710197500e-01
4.995171778847004584e-01
5.674424375291899914e-01
5.506370545289015483e-01
-4.216537189131677188e-01
1.012228545806196811e+00
6.537803583942479735e-01
6.451236551308677791e-01
7.980981515899583378e-01
-8.013548755066944862e-01
1.091034899019963783e-01
-1.408895183774346860e-01
9.441668106573624097e-01
9.762724424320863292e-01
3.181756884431923837e-01
3.493489807896946187e-01
-1.890783435169089699e-01
1.622687090810352117e+00
5.303427601035131111e-01
-1.057440680836938096e+00
2.981356530393983739e-01
2.051444902732598163e-01
9.429776114337257154e-02
1.511070233933374585e+00
-1.922862001101015295e-01
1.059646605405410336e+00
-6.675430986076165418e-02
5.970601584478277823e-01
8.440340292999592986e-01
1.064161214033104930e+00
1.801405507414012563e-02
5.547132460165701273e-01
2.396717595051075719e-04
2.742604066786610284e-01
1.256725273201330317e+00
1.266866864198658238e+00
-6.875152215514457321e-01
5.772541675095147484e-01
8.895641191781256119e-02
-3.998965536092310424e-01
3.221999175752135458e-01
8.687864043932930214e-04
1.865615066401876243e+00
7.506575481975528152e-01
1.179569810507071909e-01
-7.787088567269133399e-02
3.736993565639865067e-01
2.619289407744686549e-01
2.082971232777276194e-01
-8.259501008079844775e-03
1.186219078959819040e+00
1.213128707519730565e+00
3.949676994967040722e-01
1.330131643404461883e+00
9.339098686060566257e-01
2.258878051825003452e-01
8.693036773852188537e-01
4.883202062190817871e-01
9.950616242940319989e-01
-6.432173017934906811e-01
-2.364962948363437678e-01
1.405268301603775472e+00
-1.450391857506387050e-01
1.089913021000066706e+00
-5.007913351596742224e-01
-7.957175996546339558e-02
4.103997462918096972e-01
-2.666701583249408425e-01
-6.562499173082360082e-01
6.511834436238372881e-01
-4.747812965941206054e-03
7.748063100068395270e-01
1.855958319239372489e-01
-5.379730462294254334e-01
-1.103532011228713472e+00
-5.497968986091418264e-01
6.296617275974817352e-01
1.525636494978530155e+00
1.591025342367169193e+00
8.812625111626640750e-01
8.865319161547748905e-01
-4.437347263769768624e-01
3.984843711737916516e-01
9.292172809064733752e-01
4.488240058656917664e-01
-1.606773328703230697e-01
5.488597534497023922e-01
1.854245461967192199e-01
1.018151548978037502e+00
2.689981689090295003e-01
-2.400132962270662973e-01
6.117811004746560588e-01
7.756955691557186894e-01
4.449966333786941064e-01
1.323358555154448446e+00
1.027803706076148460e+00
-6.792932888625583532e-01
1.534620439354876797e-01
-1.182770970010136730e-01
9.359677587286606704e-01
-2.734102279956707182e-02
1.796025691256980805e-01
6.662388735659624528e-01
4.373805849204047691e-01
1.067013486761483998e+00
1.237043516588830938e+00
4.224861844242702169e-01
1.257041593134147206e+00
8.790589802298118816e-01
7.244907258529570404e-01
4.801925346273935302e-01
1.805254718873068251e-02
9.096368069847595716e-01
5.911695951351499945e-01
1.462779964287613144e+00
5.145430190923649949e-01
1.132234713089464773e+00
7.665377735741295551e-01
1.538490599970665729e+00
1.853942599721300155e+00
9.270260825220925094e-01
5.728159863965276433e-01
1.533659623070613875e+00
4.635687387408486959e-01
6.028997396087687477e-02
4.673973217481139919e-01
-5.348080820884438813e-01
1.802793752785054326e-01
-7.893033423934018300e-01
2.043981616477222596e-01
-4.863768730227581438e-02
8.165276801361662784e-01
-6.554794753277873309e-02
-2.097962781222111606e-01
4.407584006800381871e-01
9.146039286026722559e-01
7.857277885632737990e-02
-1.178263051655240035e-02
1.791080499670327508e-01
1.703126217967138589e-01
4.094614884149982981e-01
4.851548554984079775e-01
1.257289713549316845e+00
3.729097002540071037e-01
-6.422868024354292382e-01
3.864164120411175962e-01
-2.324411407896433135e-02
1.139046168964111816e+00
1.498473374028102656e+00
5.941337236160350033e-01
8.721656284243780588e-01
2.953622784948233826e-01
-2.192251939555744378e-01
-2.088059500271796376e-01
-5.569098244827376254e-01
6.354891820875032682e-01
1.079941924690847044e+00
2.201270578589257509e-01
4.766512569593062687e-01
4.724000298715099744e-01
1.113380723519844739e+00
7.806756385147166633e-01
2.029230954230975215e+00
1.301395318791836786e+00
3.575035991370190680e-01
7.197688711997791700e-01
1.003498543175303181e+00
1.273087541081602825e-01
-1.586250893318982003e-01
8.354553186175395219e-02
1.444346328093403908e+00
3.602911394317504512e-01
1.449762464194169320e+00
4.546052202896778693e-01
2.351416940997395899e-01
2.472155709519167355e-01
1.478973304317509729e+00
1.243223946428200666e+00
-6.284901127901680595e-02
1.343577950364567952e+00
3.944755956949163034e-01
5.558068420208100990e-01
6.214582984761620743e-01
1.962278962261454762e-01
5.836195905799789196e-01
4.051247253492947231e-01
1.167745650961806048e+00
9.414783218918797436e-01
-2.280566934270594065e-02
1.432815207306909200e-01
7.231619821544286175e-01
5.166165371399099593e-01
-2.800518130082432777e-01
9.865124498539284970e-01
8.302750080078564743e-01
1.097226875876415597e-01
1.322273127281020422e+00
-5.078929012701293155e-01
7.519565410577250253e-02
5.135090042243448671e-01
1.186664900960650304e-01
-2.433781472289196224e-01
1.937296606028215962e-01
2.882276981849616893e-01
-3.374476405757368958e-01
-1.140399579816058356e-01
2.491981984594458410e+00
6.763878376316779795e-01
8.888736779019044132e-01
2.682102848970454589e-01
-2.066365946347724913e-01
2.901925518665972592e-01
-1.492168495411299971e-02
3.188616127304920965e-03
-6.404972959357355666e-01
1.305730333162347934e-01
-1.546792690109166646e-02
2.045624003133796887e+00
-5.358248908515957920e-01
-9.182126289359706650e-01
6.146180107842529328e-01
9.844554205088551502e-01
1.152579005292112102e+00
-1.168855518354988687e+00
-1.454837387752789812e-01
3.691071250871070797e-01
4.238871921296495371e-01
6.946104120603479037e-01
5.955679185854984015e-01
6.251455056470565097e-01
1.005444256113673163e+00
7.111282708185545642e-01
6.909317193553669023e-01
1.417020593708414822e+00
-8.083224778645442532e-02
3.302740724670891193e-01
8.506298143715664839e-01
-4.076839403253348371e-01
4.306175374188079830e-01
6.132226237447663264e-01
9.136523958905797826e-01
6.400100036440248275e-01
1.035036820752046616e+00
2.010625649103348067e+00
5.834779531058974511e-01
1.249882254139760146e-01
-5.166524528023602736e-01
8.276125866508808882e-01
8.284384450103754460e-02
8.423252661682062437e-01
-2.826958945009319657e-01
4.732773824069538837e-01
1.016900467963627985e+00
-6.832248654906051266e-01
1.071281547059037997e+00
5.925620966312568072e-01
6.313694084663705741e-01
3.134740415971884464e-02
3.600516610597671585e-01
1.184006624884639480e+00
-4.115148361017975098e-01
9.402929635490208105e-01
3.764020085559111051e-01
7.394688414296657353e-01
8.402372130557510532e-01
7.507182500102093092e-01
1.043212547654994937e+00
9.459264195496767114e-01
-1.526821189567871551e-01
1.480548992000635611e+00
1.502311968031319056e+00
2.648793154928333893e-01
9.273501718813856876e-01
3.215126771337516454e-01
-5.490640127211564303e-02
-3.795974538563252204e-02
9.637931901950074209e-01
2.620576446470175291e-01
8.711038923351265284e-01
4.039681009592984151e-01
1.527981602325871879e-01
9.044789638328140091e-01
8.699634997978344941e-02
1.660925607297121798e-01
3.880253520620392527e-01
9.191276941976832537e-01
1.471313210359072865e-01
4.477927215651167914e-01
1.179315144326811726e+00
4.319555561443148561e-01
4.585770574639898012e-01
1.114619913215501024e+00
-6.987700485166838948e-01
-9.831870903188205668e-01
1.091852133221264509e+00
8.802605183479006445e-01
9.213450217710403845e-01
9.149772586481110803e-01
2.880418507596465005e-01
-5.138992956700414450e-01
-6.583219612324328063e-01
4.474805623086617890e-01
-1.443087335228257218e-01
3.253362672209216822e-01
1.710166409277815047e+00
4.240913772951316885e-01
1.122264793804423677e+00
3.689328388854034579e-01
6.874500351470537174e-01
6.122790354561574722e-01
-6.962151293845988964e-02
1.285208554199426811e-01
4.869811941051382376e-01
-5.176235139580050992e-01
1.181661764551384941e+00
4.642879681752137139e-02
3.277348512118511970e-01
-7.458832622420644154e-02
6.028553195957726540e-01
2.651697036537128960e-01
5.542228939149873579e-01
-4.394823822916140155e-01
1.303371787051239794e+00
3.136741548817462144e-01
-3.872309408895506788e-01
1.116584391863350234e+00
1.125600751821032031e+00
1.198117562422101878e+00
4.363260659959751764e-01
7.543955979424533664e-01
8.906290504118812290e-01
1.614721345983911371e+00
1.352331473374885684e+00
7.873850910093699307e-01
3.080957802444544980e-01
8.093379981548929347e-01
2.017195211055728521e+00
9.921793103889265941e-01
1.024520927014680893e+00
1.721817704074424693e+00
1.865573084757464750e+00
6.284673104574194369e-01
8.497660790556810229e-01
6.280221260307548015e-01
1.618040772469279687e-01
-2.788589337031731064e-01
-2.799168953318323938e-01
3.824965769989801534e-01
4.315020041326901312e-01
1.185367318988148622e+00
1.352405601291451626e-02
8.379951932902421907e-01
1.493929052215619002e+00
2.031185204647787401e+00
-6.779621335579386621e-01
4.575852509912883281e-01
1.332713155525643289e+00
3.641268179558030393e-01
1.276385185839832737e+00
7.866572087806585900e-01
5.008212153459900423e-02
7.797592205393960585e-01
1.692302293275272485e+00
3.526504667272932214e-01
7.578510996133486222e-01
4.980584952720561454e-01
-3.086731202226011272e-01
6.774594288042203871e-01
-6.721719011454865833e-02
2.988671999332829787e-01
1.060634118910480650e+00
9.141650375806679163e-01
8.254126134692008065e-01
5.053581214095321794e-01
3.218205929281091615e-01
-8.119858269704449683e-01
4.919198447208664171e-01
1.098651725140398078e-01
1.241381432716547994e+00
6.360027649357672397e-01
-9.522684056968766519e-01
4.409283866654235551e-01
4.703436518523984589e-01
4.382411482884952109e-02
3.291346607373754063e-01
1.656419553775347664e+00
-3.138455737536890444e-01
1.319063558700435568e+00
9.837260195658172890e-01
-4.751984396709936498e-02
-1.236799202790834912e-01
-4.604197573740471255e-02
1.238058705583974461e+00
1.416845053976599544e+00
9.663666549418002960e-01
1.247042489512092955e-01
8.760227133515766651e-01
1.235619456122391657e+00
-3.933250907066830615e-02
2.319065925848123877e-01
9.434877867366315840e-01
1.481592914018089013e+00
3.900594680694392524e-01
9.607043229616424318e-01
-7.749388166191293337e-01
9.601301980170527939e-01
4.356841004441550647e-01
1.534165433270045176e+00
4.353199623061220214e-01
1.173723653447979798e+00
3.193880362755417979e-01
1.845005592206157979e-02
-1.136943911670535434e-01
3.241109886745905388e-01
1.897125226616441562e+00
-5.918200788588358074e-01
9.459718708361003481e-01
-1.444606193524247129e-01
-5.544164732245357996e-01
1.045456813803039786e+00
4.007134165213695198e-02
1.180408713446872371e+00
4.853558357145633106e-01
8.626162228195383141e-01
-5.791954373467694817e-01
1.408612978217240297e+00
1.330760508530490549e+00
6.910237150907220238e-01
6.524234535977639915e-01
4.892973981329430955e-01
1.387303378099141948e+00
2.257556498025370117e-01
-3.859642212393830651e-01
-6.096113882601236211e-01
-5.466821357253260905e-01
1.386102651030319821e+00
-3.822967104198308208e-01
6.756149184522142193e-01
-1.590749147072551828e-01
-2.187456513174837469e-02
1.074785650522625868e+00
1.708572304470634240e+00
5.611615047045475091e-01
2.731162960843087073e-01
6.509903512263824910e-01
1.288616256609627531e+00
1.128128683540828625e+00
7.267591908513428844e-01
1.324423410005364010e+00
8.761468498602501542e-01
4.144346516389469937e-01
7.161382409008607008e-02
2.634300055296976417e-01
7.777884007662336785e-01
9.691739183036597316e-01
7.197428127273768350e-01
-5.301655158236855403e-01
6.925923238207762345e-02
3.583744504863787261e-01
-1.619993829859181500e-03
1.312645151319454806e-01
2.230112239538437624e-01
4.972167656009467973e-01
-5.110937031531216368e-01
4.133024385695553971e-01
2.230476119071145846e-01
7.567765214753726655e-01
6.036378464275623523e-01
5.979550698150940535e-01
5.267880184761302570e-03
6.781393224646676821e-01
-1.056413292510379465e-01
1.228040992132302778e+00
1.349883787920001632e+00
1.682766057970047635e-01
6.587130582218913011e-01
7.947897758090797238e-01
5.450793761534700188e-01
8.079800288434831890e-01
1.163109196595659034e+00
8.351239583987353221e-01
1.582725278859143103e-01
2.975682405293250121e-01
4.756089567094554105e-01
1.440886072459864442e+00
9.112120589898605738e-01
-3.385912993444560315e-01
-4.232488806834393963e-02
1.023914456084264346e+00
7.231616118865340503e-01
-1.260606407893316572e-02
2.084131687445391901e-01
1.060038969230443273e+00
-7.874412685815525004e-01
8.519807728806881864e-01
9.868304302679510309e-01
1.373877118302234246e+00
1.295087064609403704e+00
-1.005402052182566980e-01
1.198836275735198076e-01
-5.536075596043872338e-01
-1.021685166553881308e+00
5.905899391696824985e-01
1.294260373545145781e-01
-2.559335155779159376e-01
-5.456419300061834399e-01
3.082248697153422423e-01
5.865880727394295890e-01
-5.084757612969920126e-01
1.989346495976330731e-01
7.675023827122571252e-01
2.176505170404600120e-01
-3.983018759474442061e-01
5.243211486977160662e-01
6.077269479731614021e-01
1.708616605937802513e+00
-5.214660014553285788e-02
5.974007025265041237e-01
1.149256931326405384e+00
1.137688013398888476e+00
3.757279980669926966e-01
4.463410566574127492e-01
1.597570915497399380e+00
7.417835402166773617e-01
1.163256540026477603e+00
1.634437475845266441e+00
3.213580153527572092e-01
1.102819587155288827e+00
3.114573314389214587e-01
1.206947918858521041e+00
2.771806998397987470e-02
1.444592600088480561e+00
1.750130131642007036e+00
-1.658644602473487994e-01
-6.995476880243188811e-01
5.402236386446167549e-01
-3.476353410649494213e-01
1.293925999035873131e+00
1.003692092565342975e+00
7.008558544161366255e-01
-6.796823161118134560e-02
1.215127295735306812e-01
3.692903533961254814e-01
1.870652729158061578e-01
5.236098871736083460e-01
2.094396204630631642e-02
2.518411791334261296e-01
4.655837977607135691e-01
2.533912018582645254e-01
-3.519557858599758893e-01
7.363639673012953857e-01
-7.594939860140437204e-01
8.415896735580077337e-01
-1.433267277887023683e-01
7.575416685242613024e-01
2.361994508247769464e-01
1.244533588607326324e+00
1.248155333870696548e+00
8.472541674148994506e-01
1.320500863580602591e-01
1.707868208252231623e+00
-8.232801917081871146e-01
-1.772420447642889807e-01
-1.237145060555023546e-01
-7.607206673210559211e-01
-2.820212525819837390e-01
1.075210324877020618e+00
4.064709490470251874e-01
9.842252898081109702e-01
8.631277702611851455e-01
4.318366771184390940e-01
1.014547007480204543e+00
1.391578771447117946e+00
2.488599163825013505e-01
1.230351926063919937e-01
5.306724297691692849e-01
-6.669571687000207527e-01
1.353873401270835330e-01
1.015236763409925080e+00
2.399916488697134975e-01
1.307508554050881067e+00
1.120989283939798797e+00
-2.052545626268967860e-01
3.072533330165776455e-01
3.356821147277967432e-01
9.853721932580777887e-01
6.112396094377824385e-01
9.168810722090200982e-02
1.186990891013296689e+00
1.284638686160661569e+00
1.484141631929914329e+00
3.710988115574811452e-01
1.464667408434796814e+00
6.442807316119705807e-02
5.239432977869121766e-01
7.846273985557300490e-01
8.680584394409796012e-02
3.541143884071516479e-01
-4.681414742323752320e-01
9.597729098165497241e-02
-3.748213915278545416e-01
-2.532960426011025001e-01
-1.114656892936659316e-02
-4.767781390069428249e-01
1.042117710346725401e+00
5.284639070015789697e-01
2.223749021917013347e-01
9.534966968822149447e-01
8.936176237106703280e-01
1.598472592430201678e+00
1.300289253856484750e+00
1.680735540867245525e+00
6.866826869086007923e-01
1.453368384803659152e+00
1.650245368214917185e+00
1.150573104777821293e-01
8.454707023305869651e-01
-2.958492570564907331e-01
4.055814433915554407e-01
4.522166734908579788e-01
4.138463380854447843e-02
-4.227004227407430426e-01
8.185655220956811196e-02
1.205858747247025020e-01
6.052755962037077442e-01
1.776663086443622808e-01
7.105127729514896240e-01
5.671507627871216206e-01
1.256719094052710872e+00
1.424575092307266422e-01
6.455285088747456657e-01
-2.094999935297745808e-01
1.339576801161323771e-01
-1.227991117006233535e-01
2.143968808734567355e-01
6.093765901942607144e-01
3.031845645648746923e-01
1.526322472001688801e+00
2.017967253687286688e-01
6.367502296774697479e-01
-3.589821027261543840e-01
4.988537020012499545e-01
1.988351424668953205e-01
3.769660628525369761e-01
2.150239179734514394e-01
6.603012402510264334e-01
8.601450616507296809e-01
2.061271588848299086e-01
1.274477249758041442e+00
5.180095408438640803e-01
-5.793677713856734690e-02
-1.526269395335172196e-01
1.118982245027449807e+00
6.084253805704895601e-01
2.036656430939133067e+00
2.398360337871034420e-01
1.012539702780705264e+00
3.586747324439715223e-02
1.476034798091752309e+00
9.341359407762888090e-01
6.021420801744856166e-02
-1.326939611175738776e+00
1.257267071643145107e+00
1.725158973680534780e-01
8.250896732994865701e-01
1.267441278185431175e+00
7.695185847493088982e-01
3.514197945352756092e-01
-6.706557356328507469e-01
5.587699971500019736e-01
8.172759206482158589e-01
2.950743047865913016e-01
3.832422129063948191e-01
1.224972676524222898e-01
5.461240205286375105e-01
1.672296166257450478e+00
1.225414216979080484e+00
1.287865413143115090e+00
4.342906778982365545e-01
2.020617011211166825e-01
-4.673078722453865019e-01
1.084471023556232039e+00
-1.971687266999082588e-01
1.458457803047101153e+00
4.770047324865542837e-01
7.547037027698941247e-02
-6.095852950447652185e-01
6.041976380390441381e-01
8.350215814003850712e-01
-6.833107709512804551e-01
4.719800698458548882e-01
2.435346750748174915e-01
1.130656123822907783e-01
7.964516001657245825e-01
8.496467314332668552e-01
-1.054961257833875454e-01
-7.842218685514505960e-01
3.438789214310365439e-01
1.405802534002762005e+00
-1.128072499927420397e-02
7.744233800125979172e-01
3.524729928239934695e-01
-3.012553604897806880e-01
4.641406111222514119e-01
8.709657507598453918e-01
9.434905412665429703e-01
9.839500451066394149e-01
4.990403294606527429e-01
1.536135390924138200e+00
9.790803748177473453e-01
-5.142755697976557627e-01
-2.225402125787190044e-01
1.912388688012203186e-01
-2.567071771968358340e-01
1.026506999283151866e-01
1.407083933795777897e+00
1.242048286807412083e+00
-5.918515606055928524e-01
3.051594932050171738e-01
4.085461742933577112e-01
1.724154930639140160e+00
3.603550923543745454e-02
-7.031631016540885737e-01
7.864421079765714778e-03
-5.815741370384186482e-02
1.329302226041535695e+00
9.739041909116101792e-01
2.907363276089934834e-01
1.541876910619492280e+00
5.282578693675344939e-01
-3.322112136155771500e-01
-3.111201956013986622e-02
-3.299802459795839749e-01
1.458201248288451879e+00
-5.186350823968893797e-01
4.676080294811330029e-02
2.659396452791173426e-01
-1.677954314230081234e-01
1.228781154002345916e-01
5.281405501973862604e-01
1.332938558287397601e+00
1.247006596514816795e-01
4.760627545216226109e-01
1.486762028641086808e-01
8.575607126038478079e-01
-2.471270836296202422e-01
1.651601048947648254e+00
-3.773083329830986821e-01
7.418151810767568133e-01
1.180022348348281458e+00
5.823609823890266712e-01
1.464689980514105372e+00
7.503164667443257274e-02
1.166259059227450656e+00
6.034820046638126323e-01
-5.005982221007688748e-01
7.062604140995011603e-02
6.491023980480624400e-02
5.572523175205073009e-01
8.111810474016275530e-01
7.110698137280029307e-01
-3.774168665400787770e-01
1.768948473998145587e+00
8.819810363873601400e-01
9.757048633715910135e-01
3.908709545612040759e-01
3.986969463723719076e-01
7.154908862354147914e-01
3.243343714449721804e-01
8.792210308116651385e-01
5.516410776708697838e-01
-5.819824822265616815e-01
1.783538048544939247e+00
6.536850397015205871e-01
2.530126462454222458e-01
1.080920848397084022e+00
5.522555878061754520e-01
1.805944440314755761e+00
9.411039214521073337e-02
1.535358206466903797e+00
1.263258830891931472e+00
-1.216028312204167516e+00
4.893603584426739483e-01
3.102874503318116539e-01
1.081367152140848109e+00
1.316417968973963681e+00
3.559466043964291115e-01
-3.235976127513694178e-02
1.344740953871896405e+00
7.583237834899629881e-01
5.558125599795552541e-01
-8.128799116372347200e-01
7.736998189387964131e-02
-6.262908605871250201e-01
3.980545193250762392e-01
1.709062550899193900e+00
-5.836481694551420851e-01
-7.294580732959794478e-01
6.481203060284587147e-01
-8.289695934057292881e-01
1.284173620823559236e+00
6.187695646555093631e-01
1.429934364240667555e-02
7.099173470166320055e-01
7.048349051666082943e-01
9.635479929527636100e-01
1.328183483514248087e+00
1.925765972780784985e+00
1.529713700308166446e+00
8.306340875998836637e-01
-1.178000048682083523e-01
1.748927095079015004e+00
-3.643175513465461424e-01
1.135828197859614530e+00
1.233851545459439647e+00
-1.182390720857592198e-01
4.988747888917706708e-01
2.763832506230880504e-01
8.962256700168054202e-01
9.110981399755325727e-01
-6.298146416604268882e-01
2.321914506501152886e-01
1.006553369140979814e+00
9.377549275161740638e-01
-3.240300032522254736e-01
7.154585173714764768e-01
7.627373963397713341e-01
4.514911679603547667e-01
1.313658798395018978e+00
1.992498541270660561e-01
8.586164333266015358e-01
5.293890507355790698e-01
4.492936708026218917e-01
1.152900195080758666e-01
-2.929653891938117927e-03
-1.466921137871267877e+00
-1.713777257760024653e-01
4.646438404820300572e-01
2.066032205803056410e-01
-7.275107847749633788e-03
9.710239564159126591e-01
8.536526017145213974e-01
8.570125522452982647e-01
9.762935094684337400e-01
4.236777024132966640e-01
2.410246376902387966e-01
5.385988489514085265e-01
1.473980550518787513e+00
3.864218467777861821e-01
3.252099329681888695e-02
5.683042672141268570e-01
-5.348508603669959172e-01
8.259591394408573040e-01
1.068797610426095446e+00
1.148393769117787150e-02
6.474947838146315471e-01
1.025194563149743443e+00
2.704789196360675718e-01
1.346445774851108057e+00
3.707331279988479444e-01
1.839388641627129617e-01
2.159592347437059301e-01
3.008650860795595849e-01
-8.001746495329435938e-01
-1.839700861515037311e-01
2.412045864965545183e-01
-4.623801463680371482e-01
7.125386968062158433e-01
1.472638469692975072e+00
3.667640406357268734e-01
1.720499363051951391e+00
1.053803877542737633e+00
9.608138311959534272e-01
1.962285802265211432e+00
9.973999387548837525e-01
3.989141063513183538e-01
1.519863237767627995e+00
3.387256181013194034e-01
2.559310408714869922e-01
-4.188309236696661220e-01
4.314455672679655129e-01
-1.731915200277588107e-01
-2.701938336492923920e-01
-1.366668763161381361e-01
9.076640468245376070e-01
5.676095240519499763e-01
8.288853146872590671e-02
7.844333825897458201e-01
7.105597293115497592e-01
4.900230838634568320e-01
3.714548473461026790e-01
4.467874283003191449e-01
1.855587513386696585e+00
8.829185119685410976e-01
1.380435973960709994e-03
1.772024815797264230e+00
3.319098168634421198e-01
4.190376691120425989e-01
3.518398493327402066e-01
1.021247824495670420e+00
1.921608841912789689e-01
8.921618377398750077e-01
6.862463057333196836e-01
-6.160608297422390800e-01
3.508509616836994471e-01
9.017932593995762192e-01
1.307828921554067714e+00
1.123161456008067605e+00
1.611349970220476158e-01
2.144302661337865956e+00
8.308987690482021460e-01
-1.420494290483043792e-02
-7.021056634889630832e-01
1.118212801623905239e+00
9.346981207219041687e-01
-2.141021923257705739e-01
4.485670815593714167e-01
-8.105274193693690066e-01
9.309371547072590181e-01
8.994024455013263641e-02
-6.571922384246314808e-01
3.139462764718021215e-01
8.822203214106221214e-01
4.963194218670724522e-02
1.389127527687535224e+00
8.920696551833471322e-01
6.881724970878466685e-01
9.500586282817509165e-01
8.282803056838305977e-01
2.936264997983907277e-01
1.677706065865229412e+00
1.379023534095418890e+00
1.152207566748786771e+00
1.085102019291519282e+00
1.497180114822896702e+00
6.209835461838829618e-01
1.452783758950727755e+00
9.600184457856540954e-01
-4.726446032661926200e-01
1.436493511146003099e-01
8.974427538200305809e-01
4.375517971663089867e-01
-1.017630438216891253e+00
3.412744805044014007e-01
4.428373945470454043e-01
6.080263404207989636e-02
3.986028721268420894e-01
-4.805105452672654709e-02
7.910978586767046794e-01
1.613588783930067216e-01
8.771806144995459853e-01
1.111582890788845646e+00
1.515654678155865298e+00
-8.676573260383649844e-01
7.750334685535597012e-01
6.287453319203237800e-01
1.790867048662739824e-01
4.007142485552018796e-01
-7.180978176151138204e-01
-1.315401164596948780e-01
1.888017486745713069e-01
-7.313992349572570051e-01
2.400068261489748112e-01
-5.201714900718229506e-01
8.395264597301584919e-01
1.076088879125002284e+00
1.551406826121154880e+00
1.728221429955602462e+00
3.878949018883393607e-01
6.691233058465866357e-01
7.541335585283019949e-01
2.290519226305063327e+00
1.825498274003163057e-01
-3.699104148245281332e-01
1.513291084168603140e+00
-3.170780347655022258e-01
5.153514393848717123e-01
1.211860735340221096e+00
8.036746832920755867e-01
7.930048359979272599e-01
3.999245665428742269e-01
4.155725940693582032e-01
5.880797347965478483e-01
5.038996752439298676e-01
1.586249123451616283e+00
9.808987705971834448e-01
-2.004595629585389782e-01
5.499896655956052482e-01
4.093563317051513439e-01
-1.729195956423873470e-01
3.447620168876178171e-01
1.478562902226664200e+00
5.587039026960388677e-01
1.139710746300032496e-01
8.268956258642031765e-01
-7.153107654610071364e-01
1.261991339620147867e+00
8.871846826563793698e-02
9.612958612590818963e-02
1.048385090385471480e-01
-5.020723638820878687e-01
1.182671337752047691e+00
-6.087503529148924342e-01
-9.051446529009062880e-01
-5.389123159641669991e-01
-3.694557497058704731e-01
1.700958055452621576e+00
1.051678503267893250e+00
3.080695444669900862e-01
1.402120694035644544e+00
1.382575038015237956e-01
5.642593361829622012e-01
-1.394329163473617961e-01
-1.267550611176430087e-01
-3.571583639944091448e-01
9.040850327133749254e-01
1.183809996513789375e+00
-1.572038898625577330e-01
6.539016949273107615e-01
7.643891607483189743e-01
2.856252023466431256e-01
5.423710295182359448e-02
6.436394481308322923e-01
7.099811833003342176e-01
5.521410691221988465e-01
3.150949245881623506e-01
1.591496217681765746e+00
5.615160609083891252e-01
8.035542562723690940e-01
1.619736404026131060e+00
1.953723036203091956e+00
3.720187705348805274e-01
1.746762216887887575e+00
4.644172205800347064e-01
5.217464967890549365e-01
9.475688804521268382e-01
3.351876727530639366e-01
1.613209701109981076e-01
1.146885564416877390e+00
-4.419271435771522372e-01
2.640094461567879525e-01
4.615182793752817814e-01
-8.114714598694663938e-02
-4.640307975172401345e-01
-8.538490299240829307e-02
-1.950731537093627899e-01
-7.243500152553956628e-01
7.540493282504494577e-01
9.444813748591700531e-01
-6.428717114948979960e-02
1.166002165586474737e+00
1.220679423675534281e+00
1.728477652975166368e-01
-3.310234543530283235e-01
-4.301175781404824039e-01
-2.559556870345577329e-01
6.196842946537973740e-01
2.003371400432473193e-01
-5.345044805829298751e-01
1.171587573591111875e+00
8.890389203516629868e-01
-2.021496765650300786e-01
6.827483488804970690e-01
-5.882049370618048778e-01
8.692017363515219808e-01
5.781094678425187094e-01
-1.542830052216865311e-01
-5.302573866596662633e-01
1.027209185490781218e+00
-4.469936479983341315e-01
1.912637258504136795e-01
3.894664794025177179e-01
-5.957654402070220456e-01
1.208151475112536399e+00
1.051604442705521780e+00
4.558973002897448445e-01
-9.158927865252255995e-03
5.338657561606005020e-01
-5.422898686091163212e-01
7.311187361454096756e-01
-1.882930786111121635e-01
9.953089522280766932e-01
6.073352979082358161e-01
-7.729052363608412968e-02
3.098336573478003286e-01
2.201603815170321887e+00
1.734013640207608731e+00
2.057756663628370397e+00
5.651557038222126961e-01
-2.577530336711413295e-01
-5.606496668002060035e-01
8.748044666234724431e-01
-1.446094599597006203e-01
-4.359565102795434632e-02
7.994388794263425080e-01
1.122823438335577961e+00
1.399777183378849044e+00
7.958620742242168422e-01
-2.225481653042558627e-01
2.125970589731243643e-02
1.160580061386093709e+00
1.315745444274266207e+00
-7.711851548880531704e-01
8.792914923241510472e-01
2.102169836055388652e-01
2.001614350465799053e+00
8.056877642627111591e-01
1.159408071841723897e+00
8.845343762834423362e-01
-4.546547473479752299e-01
-3.986158405948903027e-01
-1.769714384760182890e-01
5.565289847721068828e-01
6.926972010913196032e-01
2.212072293363927411e+00
5.668960060210371799e-01
5.437543630226057134e-01
-5.869488485228703256e-01
1.134927026392261951e+00
9.315385644464796444e-02
-6.316197728848497173e-01
1.740885303387675886e-01
7.945299957722989914e-01
-1.004022129995419815e-01
6.554200176887072793e-01
1.036577007725994592e+00
6.165441468819706783e-01
1.735877265558266824e+00
8.139413254445766466e-01
1.634855777349801587e+00
1.417610943925914579e+00
4.497024420139081879e-01
4.355228257397184555e-01
1.927986813095695084e-01
1.648080913411921825e-02
1.026799267160565021e+00
9.281651814395651678e-01
4.270482307131157063e-01
1.011648700231099207e+00
5.294248999931379096e-01
1.398421855233743238e-01
-2.085980441821650988e-01
5.740500734683576939e-02
1.503278458389167405e+00
9.063604883350822039e-01
9.974428902170519307e-02
2.852644026999148208e-01
-2.198258526169184768e-01
5.250746966475027255e-01
1.337836995566901166e+00
4.898558412058239275e-01
9.384253338667348787e-01
1.132757282489847084e+00
9.164462314062588044e-01
9.561035140053810721e-01
1.066100232544420490e-01
3.165363762788020452e-01
8.742693234198932739e-01
-4.381489822013457935e-01
4.561595700538541576e-01
-2.653407347976207142e-01
1.344011113217461473e+00
1.492026092500954582e-01
4.793351650523007823e-01
2.534915615716460402e-01
1.233591649680382263e+00
-2.403894769645768814e-02
8.892641965450893693e-01
1.451987196429276317e+00
6.691557334122310019e-01
7.371054003555342904e-01
-6.309462529296739897e-01
-2.550708481140522288e-01
7.298685462908365285e-01
1.702650023125576784e+00
1.094288330551854260e+00
-8.522833256560205517e-02
7.621612668452895090e-01
1.037304380946177496e+00
8.227596141253729067e-01
1.671204107647575210e+00
1.577671963606919858e+00
4.923208339284603774e-01
-7.619270420068529059e-01
8.554585619025625309e-01
-1.424548131938468520e+00
2.131275872139581917e-01
1.578073603336634712e+00
3.776138270700619137e-01
1.595561096345219365e+00
5.428263549340442973e-01
1.004250531286816850e+00
6.952726984259334220e-01
1.587836875139285175e-01
9.586766195018450176e-01
8.618415897462743391e-01
6.612054126870281490e-02
2.239711461276640281e-01
3.922355402797369495e-01
-1.088096439234769452e-01
5.757471255619698303e-01
1.498355997183180799e+00
7.163365748886200146e-01
-1.209014191384522874e-01
-1.302279719470472719e-01
-1.983685526431900326e-01
5.233859988177431699e-01
1.532630808413137924e-01
-3.206469886202301112e-01
5.254096199124170807e-01
3.923928656812945004e-01
-5.216770569984852113e-01
-4.515164642462171085e-01
1.071313645384625257e+00
9.397030790967559888e-01
1.508608568199697908e+00
-3.561557466294768548e-01
1.084480520599032882e+00
2.633701383471797053e-01
1.140846696418656991e-01
2.316391388602417334e-01
-5.585287827602392063e-01
1.647343398231723821e+00
2.603675671009408887e-01
6.284173895472292548e-01
-7.909821953451797727e-01
-6.762520749691214306e-02
-4.405603165254416004e-02
1.000596139491575665e+00
3.729342810632470528e-01
-4.741770103028284389e-01
1.036639594070202453e+00
-6.073983022359710215e-01
-1.137195993383305570e+00
4.620402200451511066e-01
2.330940562016081685e-01
3.214257357517780189e-01
7.784481025244227581e-01
-8.440151267480962005e-01
1.746766243581674427e-01
2.359796685178706943e-01
-4.278834887312676916e-01
5.565139857816991942e-01
6.462630554987599529e-01
6.297678417990812960e-01
9.726653778190215149e-01
6.013975770873102311e-01
-2.973006230465546351e-01
8.675144600147860485e-01
3.750267914941684752e-04
9.795684610505046575e-01
-2.149757973443267023e-02
2.429257476158179774e-01
-5.348075336975002259e-01
7.511418253836003034e-01
9.234641417070583724e-01
2.231687680184607225e-01
4.513127051971657644e-01
6.537256575410366199e-01
-3.209880733485331872e-01
2.315164037267062602e-01
5.977721472477388609e-01
9.029612060027804032e-01
2.281707187105022627e-01
1.055193216444542559e+00
1.222491238528074398e+00
7.995380911375441491e-01
3.287984550442512588e-01
1.283487682156012166e+00
2.680305666472718173e-03
-5.583106954967602675e-01
7.402982262410391368e-01
-6.279427921117575195e-01
-8.863218608913169261e-01
8.490708232119968946e-01
1.243515734909822701e+00
1.806287963489608128e-01
1.162140663389689355e+00
-2.369643591781724623e-01
9.958691780141325500e-01
5.085121641150756044e-01
9.180855008669860928e-02
4.179291922360823808e-01
-3.096780404004840018e-02
-5.077840365942576373e-01
2.160923782118183034e+00
4.206684181896673258e-01
3.375774865990192053e-01
7.105906427534612602e-02
1.691362696486664374e+00
1.602859717638904336e+00
5.794304558994074483e-01
-3.094450121516840735e-01
1.422963841284403674e-01
1.172782817699434821e+00
5.368960529585758978e-01
1.180291071394079294e+00
1.133948268620190852e-01
2.526939468698456981e-01
1.036194159586334429e-03
5.716799618320271836e-01
9.220500323718798796e-01
1.324736526484420862e+00
-1.053409209901116916e-01
2.326543411686524676e-01
-5.714873117723415774e-01
-6.914220247318120238e-02
-3.295699931705432517e-01
2.305300122804488927e-01
-8.794726118500358070e-02
3.575866567551672648e-01
-2.243406678099987006e-01
6.612983283996928252e-01
8.935585535618908448e-01
7.150846837459857719e-01
3.090748777710997652e-01
4.814325189210330036e-01
1.150447309341328328e+00
2.832270414229129396e-01
1.687102157254915413e+00
8.533862321388520078e-01
1.416930510553326750e+00
4.718223629389140528e-01
1.547067873754832235e+00
2.027499996592147802e-01
4.587417838878887766e-01
1.077918706013318406e+00
3.666910658956840097e-01
1.421217744053408394e+00
-1.892679623637602004e-01
1.341624470822089243e+00
9.006143307670608222e-02
7.785195765151073921e-01
3.195800518762902942e-01
8.068998453029524454e-03
-9.444162887660779715e-01
7.147831065797817240e-01
3.923540285855909304e-01
9.314507185545597423e-01
7.020386656401672587e-01
1.003223249981462173e+00
1.895321449253338120e+00
8.742661788100547504e-02
1.219324805094875064e+00
-4.741042291887462290e-01
8.897464462243570571e-01
3.966213520502922529e-01
-4.042056137922526299e-02
7.300530228025949864e-01
5.227521942188446680e-01
2.346780773460340752e-01
1.252872605759054458e+00
4.084954310831951929e-01
-1.824678139863129267e-01
1.387391503789581204e+00
-4.198424148024386682e-01
5.403678932290121306e-01
2.157874541841395544e-01
1.177799445673164858e+00
6.273314548498086785e-01
5.510782738825917848e-01
8.344152851090536060e-01
7.339559930521146747e-01
2.378270967774565869e-01
3.583144381427232766e-02
-7.822708445714030012e-02
6.491459318122536626e-01
-5.232685841627134071e-02
1.172953312179367824e+00
4.884703178551667024e-01
1.191096439604965251e+00
4.411170506052200513e-01
1.320799929254323768e+00
-2.474882836268161856e-01
-4.019805861327723218e-01
2.113941328790350932e-02
-1.544356226995224346e-01
-5.682226507193069986e-01
7.437743111877523905e-01
1.004912487888111272e+00
8.299919977303261698e-01
1.029687792604551344e+00
9.572527284155457616e-02
3.095530658641049704e-01
5.359336741816472793e-01
1.880455115534036825e-03
5.482399572602820736e-01
6.056889220887032854e-01
3.362800472411987540e-01
-1.215318821134181021e-01
9.565700687719893569e-01
-8.123665279814988593e-02
3.243335997007856797e-01
8.689785921235301802e-02
-3.134669667198124454e-01
4.801990212845664852e-01
1.383767285962544058e+00
-5.798382282883315225e-02
3.103966534403965749e-01
9.333829439023125785e-01
3.077774676121665734e-02
-5.213296414956726244e-01
-6.186900022852197534e-01
-5.804210634610073027e-01
-2.166297600774863275e-01
-3.795342700701341832e-01
1.616135588953551361e+00
1.630764386130318933e+00
-3.040247234291539313e-01
-1.258659715169069548e-01
7.089717822976771000e-01
4.997907078813786375e-01
1.156132956426435543e+00
-5.695630379539358135e-01
7.348754063355077415e-01
-9.140006159787929241e-02
-2.699570758669760373e-01
3.329866177599874466e-01
7.752260284175194194e-01
-1.169028213722550225e-01
8.640502470722183359e-01
1.134186852473447527e+00
-4.648951816314628727e-01
1.359464005004115406e-01
1.765775588885553637e-01
5.088864492281801599e-01
1.052321024050090204e+00
1.178332704364119521e-01
7.603756622218760253e-01
1.618168054417873369e-01
6.586022150926528207e-01
5.762522755766716909e-01
-9.484110818801660958e-02
1.013161393251884146e+00
2.026982309191113218e-01
2.192230400853538985e-01
-1.048738408182415260e-01
4.386060864123725311e-01
7.365536305027434727e-01
1.129545215195026930e+00
1.328504738021893727e+00
9.054501344741905378e-01
1.297530756607929714e-01
1.951496514988098063e-01
5.292843574572176912e-01
6.638870066000107650e-01
6.423431605054229498e-01
9.776220714023122760e-01
1.797974569199763117e-02
1.433627115875644398e+00
-5.845182724139869057e-01
7.582911474931752771e-01
1.087955823698456115e+00
7.337096947535671765e-01
7.931567953054954878e-02
1.362693128856520941e+00
4.793873988837030198e-02
4.931596071819140392e-01
2.097624556423584308e-01
9.094195483514431189e-01
-2.447659397913274845e-02
-2.672760715074616877e-01
-7.924885733550239841e-01
-1.111616313934376543e-01
2.091724597299950972e+00
1.215698573310446173e+00
-9.306385411827795551e-01
8.368018457842341107e-01
-3.435073631737723399e-01
1.347869322977263140e+00
-8.261199632839681950e-01
1.588108242732814368e+00
1.299132700477129365e+00
-1.221807882992669014e-01
1.022049782464420131e+00
1.434956718120883878e-01
5.867332108008150859e-01
2.036749610448114645e+00
2.532578677198022987e-01
3.105137596941736841e-02
-1.062587062954563955e+00
1.239011876235859289e+00
2.232838097721770165e-01
2.965372557684086904e-02
8.151828882103203666e-01
8.371623903855021087e-01
4.914549414216297096e-01
1.620979128671052427e+00
1.108005429383067231e+00
9.024545209610538299e-01
8.715457073300928448e-01
-5.500687973993750868e-01
2.592869972314070237e-01
-2.393618720456826277e-01
1.856815453681700534e+00
7.539553735890948127e-01
1.026110596236429195e+00
6.770152392843846734e-01
3.425732622204713529e-01
-2.168377485047647268e-01
6.904950406261213258e-01
6.208443874223996684e-01
3.882683855039216203e-01
8.143355561292595635e-01
1.023742368079953335e+00
1.474543785920958916e+00
1.175763571019224463e+00
4.186589730194478776e-01
-5.724630748784480527e-01
6.639484022111156181e-01
-6.298577756227250468e-01
1.009197012058934195e+00
1.041516519192074108e+00
7.099633487330734294e-01
1.698224234216911405e-02
-2.251762410063866127e-01
-3.155057916650934602e-01
-4.463628133243423279e-02
1.134585858651867563e+00
-2.966090319944233999e-01
7.252094522547823940e-01
-4.977791172731036995e-01
1.308374701391584294e+00
-3.161792267872766682e-01
-8.275974241424459421e-02
1.271310744990405972e-01
6.945973168742508586e-01
8.032221383779131196e-01
5.127418499651024142e-01
1.738274459791128157e-01
-2.664706330982366533e-01
1.447727237692711111e-01
6.948231635933427297e-01
-4.410532981539638797e-01
1.532587388360389991e+00
2.063463468749376917e-01
1.954454637257608374e+00
4.484854573571537828e-01
8.474800852461426004e-01
1.247207865332411458e+00
2.989378358638449806e-01
8.887626270580984977e-01
2.489234146415065241e-01
1.203894200348043952e+00
-2.699962523923647023e-02
1.373668429518875467e+00
1.645308938020702660e+00
3.464882918355726149e-01
1.323672856604551251e+00
1.016433418564383739e+00
8.576362305666371810e-01
2.601370245715511897e-01
1.202649381447267185e+00
-1.235061227640782064e-02
3.449862258920982083e-01
5.906885266721010330e-01
8.014130714136626921e-01
-1.980227760828163208e-01
1.013106705957974585e+00
1.247811887453151858e-01
-3.816719579841542087e-01
6.393299638340994573e-01
-1.497463602269034078e-01
1.036924637712645536e+00
9.264380776766827086e-02
3.592666177168333252e-01
1.090308439299501053e+00
-1.780764934474562411e-01
-1.999108635587462657e-01
1.206535682060794645e+00
1.044364991779866303e+00
1.398791159158353281e+00
9.320902226601348595e-01
-7.706317248383552920e-01
-4.110450452956083689e-01
8.384789219674542160e-01
5.622731175725806940e-01
1.393674049662994019e+00
-4.420599446638280861e-01
7.762923419528140467e-01
4.032847299414401010e-01
1.177932831586940704e-01
2.773100669443288036e-01
9.692249084536339598e-01
-3.590596638940045660e-01
4.312553256083143660e-01
-4.269713090013610435e-01
4.716787116510020583e-01
3.783808657428601174e-01
1.188318878158179714e+00
1.410010398259796960e-01
8.053693946273774440e-01
1.252319497299564155e+00
5.437707350147378271e-01
1.040692355379442269e+00
1.104435585807103548e+00
6.017423392048590891e-01
4.957630546095141977e-01
6.231975733990643418e-01
-5.831906917477097663e-02
1.247381197857225787e+00
5.026386158516529257e-01
1.252054703770014266e+00
-2.995287295469610256e-01
2.531310283716132759e-01
9.711488588380106091e-01
-5.090732211915295347e-01
3.842139429199918910e-01
1.304949231230595474e-01
1.925386326611865595e+00
1.240245194701466103e+00
6.126513408706605324e-01
-8.660150659926213468e-02
8.975010752877803089e-02
1.103406013142847364e+00
6.966421590160015720e-01
2.617905720563811628e-02
7.049250449656280226e-01
2.026245459268948557e-01
3.744566380467126976e-01
1.186539681036461735e-01
-7.759221033654775668e-02
8.482387723063220530e-01
-2.934112584031745019e-01
5.948807982962712737e-01
-5.587894347167435827e-01
-2.429253631616516418e-01
1.639731947200379958e+00
7.076751452867956482e-01
4.378473051708716701e-01
1.558152298244484202e+00
9.384918325118989796e-03
4.944509141300794108e-01
-3.053822008481044681e-01
3.331823020537927338e-01
6.165135309194118562e-01
4.999750832151008684e-01
1.189454071565356541e+00
7.557319472107639768e-01
-1.571773841395165405e-01
-5.833021409696992343e-01
3.524985861831831935e-01
1.611838312158787367e+00
-5.281593795946903924e-01
3.590127786942268195e-02
2.182637855878584443e-04
-2.549909964310154153e-01
-3.389870262201615803e-01
5.454257344760224946e-01
1.544386352537510332e+00
6.073657776964089816e-01
-1.191341284011778051e-01
1.208319156082830581e+00
1.104556055859806235e-01
1.155317375382049816e+00
-3.206334071914785366e-01
1.584263939561325385e+00
1.477772356214539506e+00
-6.341841489708539836e-02
-3.452185097178112061e-01
-1.974967135635383730e-01
7.699958878127859396e-01
-7.241983009587936448e-02
1.488773488762933583e+00
4.083509993306029540e-02
-2.375538687564100193e-01
7.163566083833002029e-02
1.097302661428442905e+00
-2.052426294020535114e-01
4.570990307069438541e-01
-1.327806382573386568e-01
6.759027668207402417e-01
1.145486699529075558e+00
3.282829671819297301e-01
8.127191318104988182e-01
1.229644229107909492e+00
-1.167967934284434295e-01
1.502233288779121212e+00
2.648647472481315823e-01
9.241792300756118683e-01
-5.783600261438808232e-01
-1.988089336163393894e-01
-5.967373492379250965e-01
5.334381571161193047e-01
-6.861797385061243482e-01
5.511014694979299300e-01
-7.882127752847982727e-01
-3.652824461892976299e-02
1.180737926502262836e+00
5.634603396693724786e-01
8.581176336476077360e-01
-3.164938917785645178e-01
7.210446936572468823e-01
4.441639390557461931e-01
4.647115469612371763e-01
1.000137944186763272e+00
1.226104422741359223e-01
1.559719830697013476e+00
-2.573569656526603425e-02
-1.854329704982304594e-01
2.856650323199584895e-01
5.090026297301284419e-01
1.298066564853179949e+00
-1.408665622146771379e-01
1.640199143936166282e+00
5.597889626117482642e-01
1.500540535538162024e+00
-8.092889719228243961e-02
4.337274010740186925e-01
1.300182572691723326e+00
4.578090946676030559e-02
2.425005292964928783e-01
7.173745196084256592e-02
4.892583523218713704e-01
4.947231613728946820e-01
-3.298157829795824170e-01
4.911819874302713052e-01
3.361200573998502916e-01
6.122186264515457055e-02
8.894586209511068375e-01
-6.804275734628895123e-01
4.230373028192295770e-01
4.616351672683986496e-01
5.311073212448814695e-01
4.531561931807800980e-01
-7.134279208375817749e-01
1.034085399452717713e+00
-2.897324464701038771e-01
1.570069273315757741e+00
-2.972694435899767562e-01
-4.757295262123509283e-02
7.627349364539800503e-01
2.192305668692828835e-03
1.037603676536140718e+00
3.211598781945384506e-01
6.140609986010160393e-01
1.202792984399599474e+00
7.380902179317492262e-01
1.247237489112017039e+00
9.007556121467541477e-01
6.835107934266971830e-01
-2.902169383380602263e-01
-1.497312009992739779e-01
1.351241046467162255e+00
-1.291711270365870218e-02
1.088021213615424365e+00
5.597054279206377103e-01
-1.877412173741312140e-01
-5.893628665511924103e-01
-8.867310446827846304e-01
1.243629136230619547e-01
-2.768534253737516826e-01
3.295906190363583899e-01
-5.719652281870424987e-02
1.082645785104399794e+00
-4.905658883082043009e-01
1.830451371159747820e-01
4.214068253076807546e-01
1.250064148873188064e+00
1.764564762329484227e+00
-6.797021596816922306e-01
4.461432185403007011e-01
5.918548510628103276e-01
1.017167966563558901e+00
1.851599924813992937e+00
2.862157305478252312e-01
2.208283533298418533e-01
4.541282939238993066e-01
1.016663226848226964e+00
1.764360499182568084e-02
6.864215141772939122e-01
6.552351030172723911e-01
3.636179939613768952e-01
4.185991887875394890e-01
9.447620320644549707e-01
1.120769012669055931e+00
9.944878966975438661e-02
-2.921698221748744717e-03
8.258912336748055472e-01
3.892830974946460965e-02
4.384109732312402863e-01
1.438883650705188311e+00
1.063699898946747657e+00
-1.071152386006720691e+00
3.299673352025001560e-01
6.331300142322163205e-02
1.307281375935855694e+00
-1.421565700746929006e-01
-4.639236433075896171e-01
-3.668736579413453547e-01
6.289884304831812045e-01
-1.208235193447933786e-01
7.040063982230437833e-01
-5.364342026049468970e-01
4.944738566246959510e-01
1.379879813377761444e+00
-3.740819266624899608e-01
2.297051988956475554e-01
1.757735024906557753e+00
-3.282308037254536015e-01
6.643898176697684566e-01
8.062323998508919010e-01
7.236884408651576006e-01
5.072473204291285676e-01
9.612756689911461372e-02
1.651037216602225799e+00
3.512445563758535005e-01
1.674148785227060232e+00
9.939538104749752190e-01
1.493470331861760370e+00
9.200100687356917994e-01
1.500101842537526764e+00
-4.123384723659288542e-01
7.328648874851791950e-01
7.599680726559856492e-01
4.976593634048803172e-01
-1.892373118789978104e-01
2.219905740943779043e-02
5.916658476583787074e-01
3.716816250588738102e-01
-1.175410190856711390e+00
5.029023322736408952e-01
6.420119809517041976e-01
2.294435970617583476e-01
1.380186824997310602e+00
1.234366739029526761e+00
1.506701976864661230e+00
8.144684461667218711e-01
8.100385867473045565e-01
3.327832785276145788e-01
9.823262327624781021e-01
1.416190354712531407e+00
1.025533696273169149e+00
5.122793172269670681e-01
-3.336327849958068414e-01
2.523917496870474175e-01
-3.299003568401711051e-01
9.651050030281360659e-01
1.556684367806526970e+00
1.605409464520002771e+00
1.013624378674665039e+00
9.660185843700495045e-01
9.379627239063125232e-01
1.166741285222136382e+00
1.164829350558029830e+00
1.612849605583744683e+00
2.320364062606423139e-01
1.472791845990585324e+00
5.035680294369977716e-02
-4.227789713306580044e-01
